# filename: ./acpphint-WDK23_CA78C-32768MiB-threads_8-ILP32-FreeBSD_main_n264334_215bab7924f6_64bit-clang++_16_O3lto_CA78C-libc++-ILP32-cpulockdown-DSIZE_ul-ISIZE_ul-using_2_threads-cpus_5_7.txt
# acpphint_main version: 0.1.35

6.6248e-05 105653 6.99927 488
6.6247e-05 135836 8.99872 592
6.3174e-05 174093 10.9981 696
6.807e-05 190942 12.9974 800
6.5258e-05 229805 14.9966 904
6.4789e-05 293173 18.9944 1112
6.8017e-05 338031 22.9919 1320
6.2445e-05 463141 28.9208 1632
6.781e-05 512606 34.7598 1944
6.4372e-05 664739 42.7906 2360
6.6143e-05 798866 52.8394 2880
6.4998e-05 996172 64.7492 3504
6.8122e-05 1.18531e+06 80.746 4336
6.6507e-05 1.51201e+06 100.559 5376
6.932e-05 1.82854e+06 126.754 6728
6.807e-05 2.33016e+06 158.614 8392
6.9633e-05 2.84272e+06 197.947 10472
7.1351e-05 3.47202e+06 247.732 13072
7.2549e-05 4.28521e+06 310.888 16400
7.2809e-05 5.35692e+06 390.032 20560
7.8486e-05 6.24947e+06 490.496 25864
7.458e-05 8.25346e+06 615.543 32520
8.3694e-05 9.23282e+06 772.732 40840
8.9944e-05 1.07698e+07 968.683 51344
9.161e-05 1.32328e+07 1212.26 64552
9.911e-05 1.53489e+07 1521.23 81192
0.000112442 1.69016e+07 1900.45 102096
0.000121245 1.95591e+07 2371.45 128512
0.000137337 2.15828e+07 2964.12 161688
0.000153691 2.39687e+07 3683.77 203496
0.00017619 2.58999e+07 4563.3 256120
0.000203481 2.78085e+07 5658.49 322368
0.000240405 2.8945e+07 6958.52 405776
0.000289986 2.9354e+07 8512.25 510816
0.0003454 3.01017e+07 10397.1 643000
0.000398471 3.15084e+07 12555.2 809400
