# filename: ./acpphint-WDK23_CA78C-32768MiB-threads_8-ILP32-FreeBSD_main_n264334_215bab7924f6_64bit-clang++_16_O3lto_CA78C-libc++-ILP32-DSIZE_ul-ISIZE_ul-using_8_threads.txt
# acpphint_main version: 0.1.35

0.000186971 165723 30.9854 1952
0.000184627 211110 38.9766 2368
0.000186502 251827 46.9661 2784
0.000188325 291804 54.9539 3200
0.000184262 341576 62.9395 3616
0.000191866 411248 78.9044 4448
0.000186241 509352 94.8621 5280
0.000187179 632126 118.321 6528
0.000194418 725956 141.139 7776
0.000188949 916995 173.265 9440
0.000188116 1.13477e+06 213.468 11520
0.000189574 1.37514e+06 260.69 14016
0.000190356 1.70382e+06 324.332 17344
0.000189679 2.12222e+06 402.541 21504
0.000196762 2.57695e+06 507.046 26912
0.000189731 3.33539e+06 632.826 33568
0.000191085 4.11508e+06 786.33 41888
0.000195825 5.01339e+06 981.747 52288
0.000199054 6.1642e+06 1227.01 65600
0.000196971 7.78779e+06 1533.97 82240
0.000200564 9.56981e+06 1919.36 103456
0.00020296 1.17884e+07 2392.58 130080
0.000204417 1.46043e+07 2985.37 163360
0.000212855 1.74211e+07 3708.16 205376
0.000218219 2.10152e+07 4585.92 258208
0.000208896 2.72268e+07 5687.58 324768
0.000206241 3.38776e+07 6986.96 408384
0.000210407 4.05819e+07 8538.72 514048
0.000221657 4.70888e+07 10437.6 646752
0.000228062 5.52286e+07 12595.5 813984
