# filename: ./acpphint-WDK23_CA78C-32768MiB-threads_8-ILP32-FreeBSD_main_n264334_215bab7924f6_64bit-clang++_16_O3lto_CA78C-libc++-ILP32-cpulockdown-DSIZE_ui-ISIZE_ui-using_4_threads-cpus_0_1_2_3.txt
# acpphint_main version: 0.1.35

9.3642e-05 160148 14.9966 976
9.1246e-05 208167 18.9944 1184
9.3069e-05 247041 22.9919 1392
9.1246e-05 295782 26.9889 1600
8.7808e-05 352876 30.9854 1808
9.1871e-05 424253 38.9766 2224
9.2964e-05 505208 46.9661 2640
8.8017e-05 667461 58.7479 3264
9.2443e-05 760005 70.2572 3888
9.4006e-05 918466 86.3413 4720
9.1298e-05 1.16619e+06 106.47 5760
9.0933e-05 1.43172e+06 130.191 7008
9.1819e-05 1.76591e+06 162.144 8672
9.3277e-05 2.16051e+06 201.526 10752
9.3382e-05 2.72013e+06 254.012 13456
9.2287e-05 3.43984e+06 317.453 16784
9.3069e-05 4.24695e+06 395.259 20944
9.4058e-05 5.2547e+06 494.246 26144
9.4006e-05 6.58628e+06 619.15 32800
9.6714e-05 8.02209e+06 775.849 41120
9.7496e-05 9.98864e+06 973.853 51728
9.9266e-05 1.22792e+07 1218.91 65040
0.000100829 1.51491e+07 1527.47 81680
0.000106349 1.79445e+07 1908.38 102688
0.000105047 2.26332e+07 2377.55 129104
0.000113172 2.62694e+07 2972.96 162384
0.000121921 3.02763e+07 3691.32 204192
0.000128796 3.5485e+07 4570.33 257024
0.000136192 4.16375e+07 5670.69 323376
0.000149993 4.64682e+07 6969.9 406992
0.000161295 5.28146e+07 8518.73 512240
0.000184522 5.6448e+07 10415.9 644736
0.000209678 5.99548e+07 12571.2 811552
