# filename: ./acpphint-WDK23_CA78C-32768MiB-threads_8-ILP32-FreeBSD_main_n264334_215bab7924f6_64bit-clang++_16_O3lto_CA78C-libc++-ILP32-DSIZE_ul-ISIZE_ul-using_4_threads-cpus_0_1_2_3.txt
# acpphint_main version: 0.1.35

9.7392e-05 153982 14.9966 976
9.2236e-05 205933 18.9944 1184
9.3329e-05 246353 22.9919 1392
9.6298e-05 280264 26.9889 1600
9.9319e-05 311978 30.9854 1808
9.8017e-05 397651 38.9766 2224
9.8641e-05 476132 46.9661 2640
0.000100673 583552 58.7479 3264
9.9787e-05 704071 70.2572 3888
9.7288e-05 887482 86.3413 4720
9.9423e-05 1.07088e+06 106.47 5760
0.000101715 1.27996e+06 130.191 7008
0.000101349 1.59986e+06 162.144 8672
0.000100048 2.01429e+06 201.526 10752
0.000102756 2.47199e+06 254.012 13456
0.00010411 3.04921e+06 317.453 16784
0.000102079 3.87209e+06 395.259 20944
0.000102652 4.81478e+06 494.246 26144
0.000103538 5.97993e+06 619.15 32800
0.000106506 7.28456e+06 775.849 41120
0.000105673 9.21572e+06 973.853 51728
0.000109423 1.11394e+07 1218.91 65040
9.5309e-05 1.60265e+07 1527.47 81680
9.1923e-05 2.07606e+07 1908.38 102688
0.000102756 2.31378e+07 2377.55 129104
0.000106193 2.79958e+07 2972.96 162384
0.000107912 3.42068e+07 3691.32 204192
0.0001214 3.76469e+07 4570.33 257024
0.000128483 4.41357e+07 5670.69 323376
0.000139316 5.00294e+07 6969.9 406992
0.000161816 5.26446e+07 8518.73 512240
0.00018046 5.77186e+07 10415.9 644736
0.000210095 5.98358e+07 12571.2 811552
