# filename: ./acpphint-WDK23_CA78C-32768MiB-threads_8-ILP32-FreeBSD_main_n264334_215bab7924f6_64bit-clang++_16_O3lto_CA78C-libc++-ILP32-DSIZE_ul-ISIZE_ul-using_5_threads.txt
# acpphint_main version: 0.1.35

0.000127078 149474 18.9948 1220
0.00012614 190198 23.9916 1480
0.000128328 225888 28.9878 1740
0.000128849 263742 33.9829 2000
0.00013015 299481 38.9774 2260
0.000128484 381091 48.9641 2780
0.000133275 442304 58.9481 3300
0.00013213 557412 73.6509 4080
0.000135462 649581 87.9936 4860
0.000136244 793392 108.095 5900
0.000135463 983692 133.254 7200
0.000135932 1.19815e+06 162.867 8760
0.000139161 1.4571e+06 202.771 10840
0.000136088 1.85097e+06 251.894 13440
0.000141295 2.24679e+06 317.46 16820
0.000137546 2.88333e+06 396.591 20980
0.00014015 3.52102e+06 493.471 26180
0.000144056 4.28173e+06 616.809 32680
0.000141921 5.44101e+06 772.193 41000
0.000142286 6.79658e+06 967.058 51400
0.000148275 8.17979e+06 1212.86 64660
0.000148535 1.02093e+07 1516.43 81300
0.000136348 1.39226e+07 1898.31 102100
0.000135515 1.74743e+07 2368.03 128360
0.000136348 2.15958e+07 2944.54 161380
0.000138952 2.64444e+07 3674.51 202980
0.000143587 3.16837e+07 4549.37 255240
0.000163534 3.43258e+07 5613.44 321280
0.000167961 4.13075e+07 6938.04 404220
0.000180044 4.71297e+07 8485.41 508740
