# filename: ./acpphint-WDK23_CA78C-32768MiB-threads_8-ILP32-FreeBSD_main_n264334_215bab7924f6_64bit-clang++_16_O3lto_CA78C-libc++-ILP32-cpulockdown-DSIZE_ui-ISIZE_ui-using_1_threads.txt
# acpphint_main version: 0.1.35

6.18397e-08 1.61708e+07 1 140
9.65695e-08 2.07099e+07 1.99994 192
1.2938e-07 2.31865e+07 2.99988 244
1.6478e-07 2.42733e+07 3.99974 296
2.00177e-07 2.4976e+07 4.99961 348
2.33952e-07 2.5644e+07 5.99947 400
2.66564e-07 2.62574e+07 6.99927 452
3.29648e-07 2.7298e+07 8.99872 556
3.95973e-07 2.7775e+07 10.9981 660
4.79322e-07 2.92017e+07 13.997 816
5.80347e-07 2.9285e+07 16.9954 972
6.88775e-07 3.04789e+07 20.9931 1180
8.85375e-07 2.93544e+07 25.9897 1440
1.04765e-06 3.05291e+07 31.9839 1752
1.27476e-06 3.1359e+07 39.9752 2168
1.57165e-06 3.17894e+07 49.9617 2688
1.93504e-06 3.25262e+07 62.9395 3364
2.39582e-06 3.29342e+07 78.9044 4196
2.96537e-06 3.33348e+07 98.8501 5236
3.69407e-06 3.35043e+07 123.767 6536
4.6144e-06 3.37266e+07 155.628 8200
5.755e-06 3.39558e+07 195.415 10280
7.19583e-06 3.41965e+07 246.073 12932
9.023e-06 3.43044e+07 309.528 16260
1.13537e-05 3.42335e+07 388.678 20420
1.427e-05 3.42213e+07 488.339 25672
1.7916e-05 3.42265e+07 613.201 32276
2.29155e-05 3.35949e+07 769.843 40596
2.8957e-05 3.33449e+07 965.569 51048
3.6821e-05 3.28938e+07 1211.18 64256
4.5988e-05 3.29878e+07 1517.04 80844
5.781e-05 3.28382e+07 1898.38 101748
7.2758e-05 3.26003e+07 2371.93 128060
9.1506e-05 3.23276e+07 2958.17 161184
0.000115203 3.19522e+07 3680.99 202888
0.000144734 3.15597e+07 4567.76 255408
0.000182335 3.09777e+07 5648.31 321500
0.000229729 3.0276e+07 6955.27 404700
0.000288945 2.94911e+07 8521.3 509428
0.00036415 2.84999e+07 10378.2 641300
0.00045977 2.72986e+07 12551.1 807336
0.000578567 2.6019e+07 15053.7 1016324
0.000728247 2.45627e+07 17887.7 1279444
0.000915998 2.29616e+07 21032.8 1610684
0.00118229 2.06774e+07 24446.7 2027672
0.0015267 1.83833e+07 28065.7 2552664
0.00196183 1.62124e+07 31806 3213584
