# filename: ./acpphint-WDK23_CA78C-32768MiB-threads_8-ILP32-FreeBSD_main_n264334_215bab7924f6_64bit-clang++_16_O3lto_CA78C-libc++-ILP32-cpulockdown-DSIZE_ui-ISIZE_ui-using_6_threads.txt
# acpphint_main version: 0.1.35

0.00014567 157838 22.9923 1464
0.000144681 200355 28.9876 1776
0.00014692 238100 34.9816 2088
0.000144941 282701 40.9749 2400
0.000144994 323924 46.9671 2712
0.000145514 405100 58.9477 3336
0.000146607 483768 70.9237 3960
0.000146817 603126 88.5492 4896
0.000147285 717791 105.72 5832
0.000144733 897065 129.835 7080
0.00014942 1.07091e+06 160.016 8640
0.00014739 1.32647e+06 195.508 10512
0.00014692 1.65629e+06 243.343 13008
0.000146556 2.06193e+06 302.188 16128
0.000146139 2.6056e+06 380.78 20184
0.000149837 3.17365e+06 475.531 25176
0.000149577 3.95374e+06 591.388 31416
0.000156919 4.70886e+06 738.91 39216
0.000158847 5.82025e+06 924.529 49200
0.000159316 7.2631e+06 1157.13 61680
0.000158378 9.15586e+06 1450.09 77592
0.000161503 1.12146e+07 1811.19 97560
0.000161867 1.39921e+07 2264.86 122520
0.000170826 1.65145e+07 2821.11 154032
0.000171815 2.03791e+07 3501.43 193656
0.00017369 2.51048e+07 4360.45 243576
0.000158794 3.39061e+07 5384.08 306288
0.000177544 3.72939e+07 6621.31 385536
0.000180513 4.51649e+07 8152.85 485064
0.000193169 5.13767e+07 9924.39 610488
