# filename: ./acpphint-HoneyComb-65536MiB-threads_16-ILP32-FreeBSD_main_n264334_215bab7924f6_64bit-clang++_16_O3lto-libc++-ILP32-cpulockdown-DSIZE_ui-ISIZE_ui-using_13_threads.txt
# acpphint_main version: 0.1.35

0.000324109 157235 50.9611 3172
0.000325949 196159 63.9378 3848
0.000327469 234863 76.9102 4524
0.000322909 278338 89.8778 5200
0.00031819 323203 102.84 5876
0.000322829 398809 128.747 7228
0.000327429 472272 154.635 8580
0.00032231 597660 192.632 10608
0.000325149 705911 229.526 12636
0.00032151 875867 281.6 15340
0.000321789 1.07746e+06 346.715 18720
0.000324589 1.30344e+06 423.082 22776
0.000324109 1.62273e+06 525.943 28184
0.000330029 1.97572e+06 652.045 34944
0.000328229 2.50011e+06 820.607 43732
0.000334789 3.05502e+06 1022.79 54548
0.000323829 3.91739e+06 1268.57 68068
0.000325709 4.85402e+06 1581 84968
0.000323669 6.08979e+06 1971.08 106600
0.000330429 7.43581e+06 2457.01 133640
0.000329628 9.29212e+06 3062.94 168116
0.000337269 1.12695e+07 3800.84 211380
0.000341668 1.38057e+07 4716.95 265460
0.000338229 1.72068e+07 5819.84 333736
0.000351708 2.02964e+07 7138.42 419588
0.000350828 2.49884e+07 8766.64 527748
0.000358467 2.96925e+07 10643.8 663624
