# filename: ./acpphint-HoneyComb-65536MiB-threads_16-ILP32-FreeBSD_main_n264334_215bab7924f6_64bit-clang++_16_O3lto-libc++-ILP32-cpulockdown-DSIZE_ui-ISIZE_ui-using_14_threads.txt
# acpphint_main version: 0.1.35

0.000335308 163893 54.9547 3416
0.000337469 204249 68.9277 4144
0.000342588 241969 82.8957 4872
0.000343829 281704 96.858 5600
0.000344868 321323 110.814 6328
0.000341868 405731 138.706 7784
0.000347028 480010 166.577 9240
0.000339429 611251 207.476 11424
0.000344428 717646 247.177 13608
0.000340429 890732 303.231 16520
0.000348428 1.07141e+06 373.31 20160
0.000338308 1.34632e+06 455.47 24528
0.000356148 1.58958e+06 566.126 30352
0.000342588 2.04833e+06 701.732 37632
0.000344788 2.56086e+06 882.955 47096
0.000351028 3.13427e+06 1100.22 58744
0.000349029 3.90862e+06 1364.22 73304
0.000346068 4.91098e+06 1699.53 91504
0.000345948 6.1216e+06 2117.76 114800
0.000358668 7.35646e+06 2638.53 143920
0.000353828 9.28954e+06 3286.9 181048
0.000354588 1.14919e+07 4074.88 227640
0.000352908 1.4315e+07 5051.89 285880
0.000356028 1.74847e+07 6225.05 359408
0.000366227 2.08155e+07 7623.21 451864
0.000367668 2.54172e+07 9345.08 568344
0.000377987 2.99508e+07 11321 714672
