# filename: ./acpphint-HoneyComb-65536MiB-threads_16-ILP32-FreeBSD_main_n264334_215bab7924f6_64bit-clang++_16_O3lto-libc++-ILP32-cpulockdown-DSIZE_ul-ISIZE_ul-using_4_threads-cpus_2_3_8_9.txt
# acpphint_main version: 0.1.35

0.000116957 128223 14.9966 976
0.000118717 159997 18.9944 1184
0.000118836 193476 22.9919 1392
0.000116717 231234 26.9889 1600
0.000117677 263309 30.9854 1808
0.000119276 326776 38.9766 2224
0.000116197 404194 46.9661 2640
0.000118157 497202 58.7479 3264
0.000120357 583740 70.2572 3888
0.000117037 737727 86.3413 4720
0.000118557 898053 106.47 5760
0.000116877 1.11391e+06 130.191 7008
0.000121197 1.33785e+06 162.144 8672
0.000117597 1.7137e+06 201.526 10752
0.000118997 2.13461e+06 254.012 13456
0.000118677 2.67493e+06 317.453 16784
0.000120916 3.26887e+06 395.259 20944
0.000119516 4.1354e+06 494.246 26144
0.000122197 5.06681e+06 619.15 32800
0.000123477 6.28335e+06 775.849 41120
0.000121277 8.02999e+06 973.853 51728
0.000127276 9.57687e+06 1218.91 65040
0.000126556 1.20695e+07 1527.47 81680
0.000131996 1.44578e+07 1908.38 102688
0.000140956 1.68673e+07 2377.55 129104
0.000146716 2.02634e+07 2972.96 162384
0.000155356 2.37604e+07 3691.32 204192
0.000162995 2.80397e+07 4570.33 257024
0.000178514 3.17661e+07 5670.69 323376
0.000193474 3.6025e+07 6969.9 406992
0.000217793 3.91139e+07 8518.73 512240
0.000241632 4.31064e+07 10415.9 644736
0.000272111 4.61988e+07 12571.2 811552
