# filename: ./acpphint-HoneyComb-65536MiB-threads_16-ILP32-FreeBSD_main_n264334_215bab7924f6_64bit-clang++_16_O3lto-libc++-ILP32-cpulockdown-DSIZE_ul-ISIZE_ul-using_15_threads-cpus_kp1_1_15.txt
# acpphint_main version: 0.1.35

0.000353588 166719 58.9497 3660
0.000357948 206510 73.9197 4440
0.000361028 246194 88.8831 5220
0.000348028 298365 103.839 6000
0.000360868 329178 118.79 6780
0.000361987 410701 148.668 8340
0.000354668 503344 178.52 9900
0.000349909 635329 222.307 12240
0.000349188 758398 264.823 14580
0.000360748 900491 324.85 17700
0.000345548 1.15727e+06 399.893 21600
0.000363708 1.34125e+06 487.824 26280
0.000369347 1.64147e+06 606.272 32520
0.000358628 2.09514e+06 751.378 40320
0.000348148 2.71497e+06 945.212 50460
0.000353508 3.33092e+06 1177.51 62940
0.000360628 4.04724e+06 1459.55 78540
0.000370387 4.90724e+06 1817.58 98040
0.000370987 6.1025e+06 2263.95 123000
0.000368028 7.65962e+06 2818.95 154200
0.000367788 9.54089e+06 3509.02 193980
0.000367348 1.18328e+07 4346.74 243900
0.000373467 1.44143e+07 5383.27 306300
0.000390787 1.69518e+07 6624.55 385080
0.000393226 2.06002e+07 8100.54 484140
0.000390227 2.54005e+07 9911.98 608940
0.000406186 2.94981e+07 11981.7 765720
