# filename: ./acpphint-HoneyComb-65536MiB-threads_16-LP64-OpenBSD_7p2STABLE_NODIAG_64bit-clang++_13_O3lto-libc++-DSIZE_ull-ISIZE_ull-using_7_threads-cpus_0_15.txt
# acpphint_main version: 0.1.28

0.000521942 51729.9 27 3416
0.000500782 67893.8 34 4144
0.000495264 82784.1 41 4872
0.000522662 91837.6 48 5600
0.000481664 114187 55 6328
0.000496503 138972 69 7784
0.000519143 159879 83 9240
0.000488184 212215 103.6 11424
0.000490063 252349 123.667 13608
0.000499863 303902 151.909 16520
0.000490304 381976 187.284 20160
0.000481823 475094 228.911 24528
0.000515502 553050 285.098 30352
0.000424946 833747 354.297 37632
0.000410666 1.08848e+06 447 47096
0.000381548 1.46508e+06 559 58744
0.000412186 1.68933e+06 696.319 73304
0.000408546 2.13434e+06 871.978 91504
0.000410666 2.66414e+06 1094.07 114800
0.000403386 3.40685e+06 1374.27 143920
0.000407866 4.24173e+06 1730.06 181048
0.000408066 5.325e+06 2172.95 227640
0.000380147 7.19943e+06 2736.84 285880
0.000396827 8.66639e+06 3439.06 359408
0.000380867 1.13292e+07 4314.93 451864
0.000385227 1.41461e+07 5449.47 568344
0.000373067 1.83418e+07 6842.71 714672
0.000440065 1.95228e+07 8591.29 899584
0.000411586 2.63915e+07 10862.4 1131816
0.000510382 2.6731e+07 13643 1424472
0.000444505 3.85163e+07 17120.7 1792840
0.000478064 4.53278e+07 21669.6 2256576
0.00055618 4.89193e+07 27207.9 2840432
0.000624379 5.46795e+07 34140.8 3575712
0.000725815 5.95754e+07 43240.7 4501000
0.00086717 6.25868e+07 54273.4 5665800
0.000992086 6.8623e+07 68080 7131992
0.00111612 7.73069e+07 86283.9 8978200
0.00135299 8.00216e+07 108269 11302704
0.00160714 8.44901e+07 135788 14228536
0.00200501 8.58829e+07 172196 17912216
0.00262907 8.21561e+07 215994 22549576
0.0034684 7.8087e+07 270837 28387408
0.00459111 7.48229e+07 343521 35737296
0.00594831 7.24433e+07 430915 44990176
0.00786972 6.86449e+07 540216 56638904
0.00995652 6.88074e+07 685083 71303736
0.0127749 6.7294e+07 859677 89765816
0.0162605 6.62633e+07 1.07748e+06 113007944
0.0207011 6.59954e+07 1.36617e+06 142267720
0.0263089 6.51835e+07 1.7149e+06 179103792
0.0333288 6.44734e+07 2.14882e+06 225478120
0.0421489 6.46281e+07 2.72401e+06 283859352
0.0531662 6.43324e+07 3.42031e+06 357357504
0.0671211 6.3831e+07 4.28441e+06 449886304
0.083491 6.50341e+07 5.42977e+06 566372856
0.10728 6.35632e+07 6.81907e+06 713020448
0.134764 6.33576e+07 8.53832e+06 897639064
0.167363 6.46288e+07 1.08165e+07 1130060344
0.21429 6.33935e+07 1.35846e+07 1422661016
0.269546 6.30666e+07 1.69993e+07 1791023920
0.34104 6.31034e+07 2.15208e+07 2254765016
0.428366 6.3078e+07 2.70205e+07 2838580248
0.538469 6.27317e+07 3.3779e+07 3573560312
0.678051 6.29939e+07 4.27131e+07 4498845400
0.855871 6.26023e+07 5.35795e+07 5663710192
1.05457 6.34039e+07 6.68636e+07 7130188296
