# filename: ./acpphint-HoneyComb-65536MiB-threads_16-LP64-OpenBSD_7p2STABLE_64bit-clang++_13_O3lto-libc++-DSIZE_ul-ISIZE_ul-using_8_threads-cpus_0_15.txt
# acpphint_main version: 0.1.26

0.000489819 63288.7 31 3904
0.000476473 81851.4 39 4736
0.000561895 83645.5 47 5568
0.000606556 90675.9 55 6400
0.000610978 103113 63 7232
0.000597953 132117 79 8896
0.000645669 147134 95 10560
0.00059333 199776 118.533 13056
0.000615038 229977 141.445 15552
0.00058292 298030 173.727 18880
0.000618174 346447 214.164 23040
0.0005791 451963 261.732 28032
0.000475066 686113 325.949 34688
0.000473378 855583 405.014 43008
0.000492352 1.03788e+06 511 53824
0.000471087 1.35644e+06 639 67136
0.000480333 1.65692e+06 795.875 83776
0.000481096 2.0716e+06 996.639 104576
0.000490221 2.5507e+06 1250.41 131200
0.000482262 3.25686e+06 1570.66 164480
0.000480654 4.11363e+06 1977.23 206912
0.00049987 4.9678e+06 2483.26 260160
0.000474142 6.5968e+06 3127.82 326720
0.000501839 7.83165e+06 3930.23 410752
0.000484875 1.01694e+07 4930.87 516416
0.000492352 1.26493e+07 6227.89 649536
0.000490342 1.59477e+07 7819.82 816768
0.000500673 1.96084e+07 9817.41 1028096
0.00049203 2.523e+07 12413.9 1293504
0.000498421 3.12808e+07 15591 1627968
0.000492272 3.97419e+07 19563.8 2048960
0.000500553 4.9475e+07 24764.9 2578944
0.000574036 5.41647e+07 31092.5 3246208
0.000717302 5.43873e+07 39012.1 4086528
0.000790544 6.25106e+07 49417.3 5144000
0.000843848 7.3499e+07 62022 6475200
0.0010979 7.08562e+07 77793.3 8150848
0.00123932 7.95671e+07 98609.2 10260800
0.00144449 8.56532e+07 123726 12917376
0.00169855 9.13484e+07 155160 16261184
0.00222153 8.85848e+07 196794 20471104
0.00295954 8.34012e+07 246829 25770944
0.00395787 7.81917e+07 309472 32442752
0.00519542 7.55644e+07 392589 40842624
0.00681337 7.22738e+07 492428 51417344
0.00881405 7.00325e+07 617270 64730176
0.0111991 6.99094e+07 782923 81489984
0.0143559 6.84307e+07 982382 102589504
0.0182142 6.75923e+07 1.23114e+06 129151936
0.023139 6.74721e+07 1.56124e+06 162591680
0.0293877 6.66816e+07 1.95962e+06 204690048
0.037208 6.59849e+07 2.45516e+06 257689280
0.0471338 6.60413e+07 3.11277e+06 324410688
0.0593695 6.5828e+07 3.90817e+06 408408576
0.0749965 6.52676e+07 4.89484e+06 514155776
0.0944652 6.56759e+07 6.20409e+06 647283264
0.119214 6.53516e+07 7.79083e+06 814880512
0.150262 6.49093e+07 9.75343e+06 1025873216
0.189666 6.515e+07 1.23567e+07 1291497536
0.23883 6.49711e+07 1.5517e+07 1625898304
0.301102 6.44733e+07 1.9413e+07 2046884480
0.378635 6.49076e+07 2.45763e+07 2576874304
0.479437 6.43473e+07 3.08505e+07 3244091712
0.600467 6.42061e+07 3.85537e+07 4084068928
0.757991 6.43053e+07 4.87428e+07 5141537600
0.953791 6.40813e+07 6.11202e+07 6472811648
1.20054 6.34969e+07 7.62307e+07 8148786624
