# filename: ./acpphint-HoneyComb-65536MiB-threads_16-LP64-OpenBSD_7p2STABLE_NODIAG_64bit-clang++_13_O3lto-libc++-DSIZE_ul-ISIZE_ul-using_5_threads-cpus_0_15.txt
# acpphint_main version: 0.1.28

0.000329989 57577.7 19 2440
0.000293951 81646.3 24 2960
0.000290631 99782.9 29 3480
0.00031991 106280 34 4000
0.00030687 127090 39 4520
0.000291031 168367 49 5560
0.00031175 189254 59 6600
0.00032367 227804 73.7334 8160
0.00031047 283801 88.1116 9720
0.000294671 367437 108.273 11800
0.00031415 425032 133.524 14400
0.00031679 515392 163.271 17520
0.00029511 689223 203.397 21680
0.00029511 856846 252.864 26880
0.00030867 1.03347e+06 319 33640
0.000290231 1.37477e+06 399 41960
0.000291151 1.70774e+06 497.209 52360
0.000321029 1.93956e+06 622.655 65360
0.00032403 2.41149e+06 781.396 82000
0.000294551 3.33222e+06 981.51 102800
0.00030695 4.02578e+06 1235.71 129320
0.000336069 4.6191e+06 1552.34 162600
0.000325189 6.01153e+06 1954.88 204200
0.00030759 7.98699e+06 2456.72 256720
0.000283551 1.08729e+07 3083.03 322760
0.00029839 1.30454e+07 3892.62 405960
0.000327589 1.49227e+07 4888.5 510480
0.00031923 1.92307e+07 6139.02 642560
0.00029779 2.6056e+07 7759.21 808440
0.00032319 3.0159e+07 9747.07 1017480
0.000345309 3.54305e+07 12234.5 1280600
0.000389546 3.97361e+07 15479 1611840
0.000424146 4.58302e+07 19438.7 2028880
0.000506623 4.81578e+07 24397.9 2554080
0.000642098 4.8104e+07 30887.5 3215000
0.000714575 5.42646e+07 38776.2 4047000
0.000809412 6.01092e+07 48653.1 5094280
0.00101089 6.09694e+07 61633.1 6413000
0.00121152 6.38492e+07 77354.4 8073360
0.00143463 6.7643e+07 97042.7 10163240
0.0017705 6.94716e+07 122999 12794440
0.00214708 7.18753e+07 154322 16106840
0.00271894 7.11905e+07 193563 20276720
0.00352271 6.96568e+07 245381 25526640
0.004629 6.65119e+07 307883 32135840
0.00598679 6.44917e+07 386098 40456360
0.00779232 6.28039e+07 489388 50931240
0.00992792 6.18706e+07 614247 64118440
0.012766 6.03262e+07 770123 80719960
0.0161239 6.0531e+07 975996 101619800
0.0214257 5.71923e+07 1.22538e+06 127931280
0.0259327 5.92299e+07 1.53599e+06 161055800
0.0328335 5.92765e+07 1.94626e+06 202756680
0.0412901 5.91972e+07 2.44426e+06 255255360
0.0527437 5.80734e+07 3.063e+06 321347360
0.0661709 5.86402e+07 3.88028e+06 404552040
0.0834972 5.83757e+07 4.87421e+06 509300320
0.104128 5.86395e+07 6.10601e+06 641170760
0.122427 6.31623e+07 7.73276e+06 807185960
0.168254 5.77373e+07 9.7145e+06 1016186440
0.213355 5.70116e+07 1.21637e+07 1279302800
0.266146 5.78502e+07 1.53966e+07 1610546440
0.335937 5.75701e+07 1.93399e+07 2027557320
0.422784 5.72339e+07 2.41976e+07 2552543080
0.523073 5.85044e+07 3.06021e+07 3213461000
0.670253 5.73177e+07 3.84174e+07 4045507280
0.823612 5.82845e+07 4.80038e+07 5092991640
1.06071 5.7143e+07 6.06123e+07 6411696040
