# filename: ./acpphint-HoneyComb-65536MiB-threads_16-LP64-OpenBSD_7p2STABLE_64bit-clang++_13_O3lto-libc++-DSIZE_ul-ISIZE_ul-using_7_threads-cpus_0_15.txt
# acpphint_main version: 0.1.26

0.00052242 51682.6 27 3416
0.000529736 64182.9 34 4144
0.000528771 77538.3 41 4872
0.000523345 91717.7 48 5600
0.000495287 111047 55 6328
0.000534038 129204 69 7784
0.00051812 160195 83 9240
0.000498301 207907 103.6 11424
0.000521857 236975 123.667 13608
0.00051824 293125 151.909 16520
0.000484191 386798 187.284 20160
0.000439411 520950 228.911 24528
0.000436797 652702 285.098 30352
0.000440898 803581 354.297 37632
0.000436155 1.02486e+06 447 47096
0.000432697 1.2919e+06 559 58744
0.000433903 1.60478e+06 696.319 73304
0.000436355 1.99832e+06 871.978 91504
0.000434546 2.51774e+06 1094.07 114800
0.000432134 3.1802e+06 1374.27 143920
0.000429642 4.02674e+06 1730.06 181048
0.000436516 4.97794e+06 2172.95 227640
0.000422527 6.47732e+06 2736.84 285880
0.000433542 7.93247e+06 3439.06 359408
0.000428436 1.00713e+07 4314.93 451864
0.000418748 1.30137e+07 5449.47 568344
0.000423773 1.61471e+07 6842.71 714672
0.000432818 1.98497e+07 8591.29 899584
0.000440455 2.46617e+07 10862.4 1131816
0.000417663 3.26652e+07 13643 1424472
0.000438084 3.90809e+07 17120.7 1792840
0.000486 4.45877e+07 21669.6 2256576
0.000539666 5.04162e+07 27207.9 2840432
0.000654151 5.21909e+07 34140.8 3575712
0.000752637 5.74523e+07 43240.7 4501000
0.000817598 6.63815e+07 54273.4 5665800
0.000992542 6.85915e+07 68080 7131992
0.00115728 7.45577e+07 86283.9 8978200
0.00137632 7.86654e+07 108269 11302704
0.00159544 8.51098e+07 135788 14228536
0.00204812 8.40753e+07 172196 17912216
0.00261745 8.25208e+07 215994 22549576
0.00351223 7.71126e+07 270837 28387408
0.00460989 7.45182e+07 343521 35737296
0.00602214 7.15551e+07 430915 44990176
0.00779068 6.93413e+07 540216 56638904
0.0100581 6.81127e+07 685083 71303736
0.0128597 6.68504e+07 859677 89765816
0.0164454 6.55185e+07 1.07748e+06 113007944
0.020514 6.65971e+07 1.36617e+06 142267720
0.0264686 6.479e+07 1.7149e+06 179103792
0.0334772 6.41875e+07 2.14882e+06 225478120
0.0423441 6.43303e+07 2.72401e+06 283859352
0.0535627 6.38562e+07 3.42031e+06 357357504
0.0676653 6.33176e+07 4.28441e+06 449886304
0.0841867 6.44967e+07 5.42977e+06 566372856
0.10884 6.2652e+07 6.81907e+06 713020448
0.136036 6.27651e+07 8.53832e+06 897639064
0.171433 6.30948e+07 1.08165e+07 1130060344
0.21513 6.31459e+07 1.35846e+07 1422661016
0.270802 6.2774e+07 1.69993e+07 1791023920
0.337517 6.37621e+07 2.15208e+07 2254765016
0.43099 6.2694e+07 2.70205e+07 2838580248
0.543155 6.21905e+07 3.3779e+07 3573560312
0.682161 6.26144e+07 4.27131e+07 4498845400
0.85772 6.24674e+07 5.35795e+07 5663710192
1.08786 6.14633e+07 6.68636e+07 7130188296
