# filename: ./acpphint-HoneyComb-65536MiB-threads_16-LP64-OpenBSD_7p2STABLE_NODIAG_64bit-clang++_13_O3lto-libc++-DSIZE_ull-ISIZE_ull-using_2_threads-cpus_0_15.txt
# acpphint_main version: 0.1.28

0.000162998 42945.3 7 976
0.000173797 51784.6 9 1184
0.000142038 77444.1 11 1392
0.000143078 90859.5 13 1600
0.000137798 108855 15 1808
0.000129759 146425 19 2224
0.000140358 163867 23 2640
0.000136599 211813 28.9334 3264
0.000143598 242193 34.7785 3888
0.000138318 309566 42.8186 4720
0.000137879 383543 52.8825 5760
0.000137878 470082 64.8139 7008
0.000136318 593073 80.8465 8672
0.000137318 733441 100.715 10752
0.000136038 933563 127 13456
0.000139519 1.13963e+06 159 16784
0.000142278 1.39549e+06 198.548 20944
0.000139078 1.78798e+06 248.668 26144
0.000141118 2.21353e+06 312.369 32800
0.000142678 2.75003e+06 392.369 41120
0.000145919 3.38672e+06 494.187 51728
0.000144358 4.30445e+06 621.382 65040
0.000154638 5.05668e+06 781.955 81680
0.000154078 6.38116e+06 983.196 102688
0.000159558 7.74084e+06 1235.11 129104
0.000167958 9.27243e+06 1557.38 162384
0.000174637 1.1207e+07 1957.15 204192
0.000201277 1.22243e+07 2460.47 257024
0.000219276 1.4158e+07 3104.51 323376
0.000241556 1.6158e+07 3903.07 406992
0.000260276 1.88447e+07 4904.82 512240
0.000303355 2.04157e+07 6193.19 644736
0.000332074 2.34429e+07 7784.78 811552
0.000390673 2.50411e+07 9782.87 1021632
0.000456832 2.70505e+07 12357.5 1286000
0.00055063 2.8204e+07 15530 1618800
0.000670747 2.9089e+07 19511.4 2037712
0.000822105 2.99919e+07 24656.5 2565200
0.000995301 3.11283e+07 30982 3229344
0.00122386 3.18025e+07 38921.7 4065296
0.00151661 3.24423e+07 49202.3 5117776
0.00187984 3.28811e+07 61811.3 6442736
0.00232783 3.3354e+07 77642.6 8110688
0.00294394 3.3344e+07 98162.9 10210656
0.0036576 3.37166e+07 123322 12854336
0.0047273 3.27652e+07 154891 16182544
0.00590664 3.31511e+07 195811 20372496
0.00748601 3.28677e+07 246048 25647376
0.00945981 3.26637e+07 308992 32287984
0.0120625 3.23806e+07 390591 40647920
0.0152334 3.22247e+07 490894 51172512
0.0193495 3.18557e+07 616392 64422320
0.0243605 3.1982e+07 779097 81102672
0.0306866 3.19145e+07 979346 102102144
0.0392824 3.12998e+07 1.22953e+06 128538944
0.0503566 3.08582e+07 1.55391e+06 161820816
0.0629788 3.10202e+07 1.95361e+06 203720128
0.0786985 3.116e+07 2.45225e+06 256468304
0.0985372 3.14474e+07 3.09874e+06 322874384
0.121758 3.19998e+07 3.89624e+06 406474576
0.157225 3.10989e+07 4.88954e+06 511721120
0.198391 3.11365e+07 6.17721e+06 644218576
0.2419 3.21087e+07 7.76712e+06 811022928
0.302756 3.21838e+07 9.74384e+06 1021017232
0.391913 3.13981e+07 1.23053e+07 1285384400
0.490783 3.15208e+07 1.54699e+07 1618202912
0.612564 3.16633e+07 1.93958e+07 2037196656
0.758908 3.22546e+07 2.44783e+07 2564678416
0.961555 3.19867e+07 3.0757e+07 3228738592
1.19979 3.2108e+07 3.85229e+07 4064740928
