# filename: ./acpphint-HoneyComb-65536MiB-threads_16-LP64-OpenBSD_7p2STABLE_NODIAG_64bit-clang++_13_O3lto-libc++-DSIZE_ul-ISIZE_ul-using_2_threads-cpus_0_15.txt
# acpphint_main version: 0.1.28

0.000125799 55644.3 7 976
0.000118599 75886 9 1184
0.000120679 91150.9 11 1392
0.000122199 106384 13 1600
0.000121398 123561 15 1808
0.000119158 159452 19 2224
0.000123519 186206 23 2640
0.000123119 235004 28.9334 3264
0.000115759 300439 34.7785 3888
0.000119638 357901 42.8186 4720
0.000118399 446647 52.8825 5760
0.000120558 537616 64.8139 7008
0.000121159 667276 80.8465 8672
0.000120959 832635 100.715 10752
0.000122918 1.03321e+06 127 13456
0.000121959 1.30372e+06 159 16784
0.000119679 1.659e+06 198.548 20944
0.000128198 1.93972e+06 248.668 26144
0.000130518 2.3933e+06 312.369 32800
0.000125438 3.12799e+06 392.369 41120
0.000124918 3.95609e+06 494.187 51728
0.000138998 4.47044e+06 621.382 65040
0.000138878 5.63052e+06 781.955 81680
0.000140838 6.98104e+06 983.196 102688
0.000145998 8.45979e+06 1235.11 129104
0.000161198 9.66128e+06 1557.38 162384
0.000163958 1.19369e+07 1957.15 204192
0.000186237 1.32115e+07 2460.47 257024
0.000202116 1.536e+07 3104.51 323376
0.000226396 1.724e+07 3903.07 406992
0.000235556 2.08223e+07 4904.82 512240
0.000295715 2.09431e+07 6193.19 644736
0.000334474 2.32747e+07 7784.78 811552
0.000403913 2.42202e+07 9782.87 1021632
0.000457832 2.69914e+07 12357.5 1286000
0.00057055 2.72193e+07 15530 1618800
0.000693267 2.81441e+07 19511.4 2037712
0.000849744 2.90164e+07 24656.5 2565200
0.00104002 2.97898e+07 30982 3229344
0.00128814 3.02155e+07 38921.7 4065296
0.00157685 3.12029e+07 49202.3 5117776
0.00196752 3.14158e+07 61811.3 6442736
0.00249323 3.11414e+07 77642.6 8110688
0.0030329 3.2366e+07 98162.9 10210656
0.0037278 3.30817e+07 123322 12854336
0.00469462 3.29932e+07 154891 16182544
0.00596936 3.28027e+07 195811 20372496
0.00747953 3.28962e+07 246048 25647376
0.00951212 3.24841e+07 308992 32287984
0.0120326 3.24612e+07 390591 40647920
0.0151398 3.24239e+07 490894 51172512
0.0192454 3.20279e+07 616392 64422320
0.0243519 3.19932e+07 779097 81102672
0.0309712 3.16212e+07 979346 102102144
0.0385513 3.18934e+07 1.22953e+06 128538944
0.0493027 3.15177e+07 1.55391e+06 161820816
0.0619789 3.15206e+07 1.95361e+06 203720128
0.0841204 2.91516e+07 2.45225e+06 256468304
0.0966824 3.20508e+07 3.09874e+06 322874384
0.121861 3.19728e+07 3.89624e+06 406474576
0.153383 3.1878e+07 4.88954e+06 511721120
0.194279 3.17956e+07 6.17721e+06 644218576
0.242172 3.20727e+07 7.76712e+06 811022928
0.304766 3.19715e+07 9.74384e+06 1021017232
0.385008 3.19612e+07 1.23053e+07 1285384400
0.484506 3.19292e+07 1.54699e+07 1618202912
0.605693 3.20224e+07 1.93958e+07 2037196656
0.776202 3.1536e+07 2.44783e+07 2564678416
0.974247 3.157e+07 3.0757e+07 3228738592
1.19969 3.21107e+07 3.85229e+07 4064740928
