# filename: ./acpphint-MacchDblShot-16384MiB-threads_4-LP64-Fedora_34_64bit-g++_11_O3lto-libstdc++-DSIZE_ull-ISIZE_ull-using_3_threads-cpus_0_2_3.txt
# acpphint_main version: 0.1.24

0.000121807 90306.8 11 1464
0.000122247 114522 14 1776
0.000123928 137176 17 2088
0.000121848 164139 20 2400
0.000122287 188082 23 2712
0.000122567 236605 29 3336
0.000122447 285838 35 3960
0.000122767 357317 43.8667 4896
0.000122288 429774 52.5562 5832
0.000124328 519889 64.6367 7080
0.000126287 631604 79.7633 8640
0.000126928 769193 97.6321 10512
0.000124887 974448 121.696 13008
0.000127168 1.19079e+06 151.431 16128
0.000124568 1.5333e+06 191 20184
0.000126648 1.88712e+06 239 25176
0.000128568 2.31862e+06 298.101 31416
0.000127328 2.93205e+06 373.332 39216
0.000129208 3.62761e+06 468.716 49200
0.000130048 4.52715e+06 588.747 61680
0.000133648 5.54714e+06 741.364 77592
0.000141288 6.59441e+06 931.71 97560
0.000141088 8.31344e+06 1172.93 122520
0.000145288 1.01479e+07 1474.37 154032
0.00015933 1.16181e+07 1851.11 193656
0.00018029 1.29557e+07 2335.79 243576
0.000202212 1.45109e+07 2934.27 306288
0.000229494 1.60645e+07 3686.7 385536
0.000236415 1.96945e+07 4656.07 485064
0.000257455 2.27266e+07 5851.08 610488
0.000288297 2.54881e+07 7348.13 768360
0.00032454 2.86204e+07 9288.46 967104
0.000365543 3.19236e+07 11669.4 1217328
0.000436507 3.35727e+07 14654.7 1532448
0.000539473 3.43561e+07 18534.2 1929000
0.000705963 3.29745e+07 23278.8 2428200
0.000927736 3.15022e+07 29225.7 3056568
0.00124915 2.96057e+07 36982.1 3847800
0.00182695 2.54192e+07 46439.6 4844016
0.0023923 2.43683e+07 58296.3 6097944
0.00293114 2.51785e+07 73801.6 7676664
0.00397156 2.33281e+07 92648.8 9664104
0.00480481 2.42018e+07 116285 12166032
0.00609733 2.41478e+07 147237 15315984
0.00763462 2.42113e+07 184844 19281504
0.00981043 2.36448e+07 231965 24273816
0.0135735 2.1636e+07 293675 30558744
0.0156317 2.35923e+07 368788 38471064
0.0214217 2.16005e+07 462719 48431976
0.0268136 2.18451e+07 585745 60971880
0.0336441 2.18687e+07 735751 76758768
0.0418786 2.20394e+07 922980 96633480
0.0519129 2.25036e+07 1.16823e+06 121654008
0.071665 2.04809e+07 1.46776e+06 153153216
0.0831931 2.21279e+07 1.84089e+06 192808416
0.107446 2.16822e+07 2.32966e+06 242731224
0.129381 2.26277e+07 2.92759e+06 305580192
0.165057 2.22401e+07 3.6709e+06 384702456
0.203652 2.28063e+07 4.64455e+06 484311576
0.265324 2.2001e+07 5.83741e+06 609711864
0.317017 2.3081e+07 7.31709e+06 767581680
0.398758 2.32091e+07 9.2548e+06 966327864
0.510512 2.27843e+07 1.16317e+07 1216534392
0.630669 2.31068e+07 1.45728e+07 1531525848
0.789915 2.33212e+07 1.84218e+07 1928076600
0.994431 2.32761e+07 2.31465e+07 2427304368
1.25246 2.31343e+07 2.89748e+07 3055794984
