# filename: ./acpphint-MacchDblShot-16384MiB-threads_4-LP64-Fedora_34_64bit-g++_11_O3lto-libstdc++-DSIZE_ull-ISIZE_ull-using_1_threads-cpus_3.txt
# acpphint_main version: 0.1.24

1.06109e-07 9.4243e+06 1 280
1.49333e-07 1.33929e+07 2 384
1.93087e-07 1.5537e+07 3 488
2.35611e-07 1.69771e+07 4 592
2.8e-07 1.78571e+07 5 696
3.23077e-07 1.85714e+07 6 800
3.67273e-07 1.90594e+07 7 904
4.53333e-07 1.98529e+07 9 1112
5.45786e-07 2.01544e+07 11 1320
6.8e-07 2.05882e+07 14 1632
8.08e-07 2.10396e+07 17 1944
9.75125e-07 2.15357e+07 21 2360
1.19333e-06 2.17877e+07 26 2880
1.45e-06 2.2069e+07 32 3504
1.8e-06 2.22222e+07 40 4336
2.2205e-06 2.25175e+07 50 5376
2.7805e-06 2.26578e+07 63 6728
3.48e-06 2.27011e+07 79 8392
4.321e-06 2.29114e+07 99 10472
5.401e-06 2.29587e+07 124 13072
6.8e-06 2.29412e+07 156 16400
8.52e-06 2.30047e+07 196 20560
1.0721e-05 2.30389e+07 247 25864
1.3561e-05 2.29334e+07 311 32520
1.7081e-05 2.28909e+07 391 40840
2.1641e-05 2.27346e+07 492 51344
2.7402e-05 2.25896e+07 619 64552
3.4922e-05 2.23069e+07 779 81192
4.4082e-05 2.22313e+07 980 102096
5.6163e-05 2.19718e+07 1234 128512
7.0724e-05 2.19586e+07 1553 161688
8.8845e-05 2.20046e+07 1955 203496
0.000112487 2.18781e+07 2461 256120
0.000142689 2.17115e+07 3098 322368
0.000178531 2.18449e+07 3900 405776
0.000225454 2.17783e+07 4909.99 510816
0.000285937 2.16166e+07 6180.99 643000
0.000364102 2.13703e+07 7780.99 809400
0.000464588 2.10831e+07 9794.98 1018856
0.000597596 2.06343e+07 12331 1282600
0.000776447 1.99936e+07 15523.9 1614672
0.00104654 1.86738e+07 19542.9 2032648
0.00133064 1.84895e+07 24602.9 2558888
0.00162126 1.91042e+07 30972.8 3221368
0.00215353 1.81059e+07 38991.6 4055344
0.00279809 1.75432e+07 49087.4 5105328
0.00349225 1.76955e+07 61797.1 6427168
0.00526208 1.47846e+07 77797.6 8091272
0.00611749 1.601e+07 97940.8 10186248
0.00745921 1.65298e+07 123299 12823688
0.0093502 1.66011e+07 155223 16143992
0.0115935 1.68553e+07 195412 20323960
0.0148713 1.65424e+07 246006 25586256
0.0181255 1.70863e+07 309699 32211160
0.0234767 1.66071e+07 389880 40551336
0.0291273 1.68508e+07 490818 51051072
0.0357836 1.72673e+07 617885 64269472
0.0689555 1.12803e+07 777842 80910408
0.0720416 1.35921e+07 979199 101860064
0.0788484 1.56334e+07 1.23267e+06 128234152
0.118613 1.30822e+07 1.55172e+06 161437192
0.140846 1.38685e+07 1.95331e+06 203237288
0.169967 1.44663e+07 2.45879e+06 255860560
0.199667 1.55007e+07 3.09497e+06 322109288
0.220599 1.76592e+07 3.89561e+06 405511464
0.282544 1.73535e+07 4.90313e+06 510508616
0.355261 1.73699e+07 6.17085e+06 642692200
0.442206 1.75614e+07 7.76575e+06 809101456
0.559359 1.74699e+07 9.77193e+06 1018598328
0.707849 1.73694e+07 1.22949e+07 1282339208
0.891371 1.73518e+07 1.54669e+07 1614369296
1.11574 1.74356e+07 1.94535e+07 2032370464
