# filename: ./acpphint-HoneyComb-65536MiB-threads_16-LP64-Fedora_34_64bit-g++_11_O3lto-libstdc++-DSIZE_ul-ISIZE_ul-using_16_threads.txt
# acpphint_main version: 0.1.24

0.000916247 68758.8 63 7808
0.000924086 85489.9 79 9472
0.000916526 103652 95 11136
0.000908767 122144 111 12800
0.000914727 138839 127 14464
0.000920407 172750 159 17792
0.000918247 208005 191 21120
0.000914486 260255 238 26112
0.000910687 311487 283.667 31104
0.000921006 378144 348.273 37760
0.000909446 471941 429.204 46080
0.000919286 570328 524.295 56064
0.000910287 717089 652.757 69376
0.000927886 873760 810.75 86016
0.000911247 1.12264e+06 1023 107648
0.000929686 1.37573e+06 1279 134272
0.000914727 1.74076e+06 1592.32 167552
0.000926766 2.15149e+06 1993.93 209152
0.000911887 2.74277e+06 2501.1 262400
0.000930926 3.37484e+06 3141.72 328960
0.000920886 4.29435e+06 3954.61 413824
0.000927006 5.35669e+06 4965.68 520320
0.000915447 6.83346e+06 6255.67 653440
0.000928686 8.46311e+06 7859.57 821504
0.000953085 1.03437e+07 9858.39 1032832
0.000944766 1.31834e+07 12455.3 1299072
0.000937566 1.66779e+07 15636.6 1633536
0.000915367 2.14409e+07 19626.3 2056192
0.000929486 2.67099e+07 24826.5 2587008
0.000949525 3.2832e+07 31174.8 3255936
0.000931686 4.19759e+07 39108.4 4097920
0.000977765 5.06533e+07 49527 5157888
0.000991644 6.26929e+07 62169 6492416
0.00101872 7.65495e+07 77982.7 8173056
0.00108096 9.14276e+07 98829.6 10288000
0.00122355 1.01352e+08 124010 12950400
0.00143951 1.08021e+08 155498 16301696
0.00187529 1.05162e+08 197209 20521600
0.00255602 9.6782e+07 247377 25834752
0.00358343 8.65455e+07 310129 32522368
0.00488118 8.06295e+07 393567 40942208
0.00640104 7.70959e+07 493494 51541888
0.00841589 7.34956e+07 618531 64885504
0.0108328 7.2474e+07 785093 81685248
0.0138888 7.08821e+07 984470 102834688
0.0177818 6.93745e+07 1.2336e+06 129460352
0.0226429 6.91381e+07 1.56549e+06 162979968
0.0287166 6.83845e+07 1.96377e+06 205179008
0.036475 6.74438e+07 2.46001e+06 258303872
0.0461378 6.76472e+07 3.1211e+06 325183360
0.0583416 6.71282e+07 3.91636e+06 409380096
0.0736628 6.65782e+07 4.90434e+06 515378560
0.0929731 6.69051e+07 6.22038e+06 648821376
0.117351 6.65273e+07 7.80707e+06 816817152
0.147931 6.60584e+07 9.77207e+06 1028311552
0.186443 6.64473e+07 1.23886e+07 1294566528
0.235015 6.61625e+07 1.55492e+07 1629761024
0.296068 6.56928e+07 1.94495e+07 2051746432
0.373473 6.59715e+07 2.46386e+07 2582995072
0.469735 6.58113e+07 3.09139e+07 3251796608
0.591659 6.52825e+07 3.86249e+07 4093768960
0.745014 6.55879e+07 4.88639e+07 5153748608
0.938006 6.52922e+07 6.12444e+07 6488183424
1.181 6.46646e+07 7.63686e+07 8168137856
1.48702 6.48088e+07 9.63719e+07 10283075200
1.87258 6.43462e+07 1.20494e+08 12945623296
2.35781 6.3491e+07 1.497e+08 16297573248
2.97105 6.32862e+07 1.88027e+08 20517427328
3.74306 6.24883e+07 2.33897e+08 25829908736
4.70599 6.13324e+07 2.8863e+08 32517927424
5.92281 6.06794e+07 3.59392e+08 40937644288
7.45589 5.93782e+07 4.42717e+08 51537439104
