# filename: ./acpphint-HoneyComb-65536MiB-threads_16-LP64-FreeBSD_main_n247756_348c41d1815d_64bit-g++_11_O3lto-libstdc++-DSIZE_ull-ISIZE_ull-using_1_threads-cpus_11.txt
# acpphint_main version: 0.1.24

9.38654e-08 1.06536e+07 1 280
1.32971e-07 1.50409e+07 2 384
1.72346e-07 1.74068e+07 3 488
2.1205e-07 1.88635e+07 4 592
2.54176e-07 1.96714e+07 5 696
2.94357e-07 2.03834e+07 6 800
3.29308e-07 2.12567e+07 7 904
4.121e-07 2.18394e+07 9 1112
4.92563e-07 2.23322e+07 11 1320
6.10083e-07 2.29477e+07 14 1632
7.32e-07 2.3224e+07 17 1944
8.85125e-07 2.37255e+07 21 2360
1.08667e-06 2.39264e+07 26 2880
1.3135e-06 2.43624e+07 32 3504
1.63025e-06 2.45361e+07 40 4336
2.02025e-06 2.47494e+07 50 5376
2.5405e-06 2.47983e+07 63 6728
3.1605e-06 2.4996e+07 79 8392
3.9605e-06 2.49968e+07 99 10472
4.921e-06 2.51981e+07 124 13072
6.201e-06 2.51572e+07 156 16400
7.801e-06 2.5125e+07 196 20560
9.761e-06 2.53048e+07 247 25864
1.236e-05 2.51618e+07 311 32520
1.556e-05 2.51285e+07 391 40840
1.96e-05 2.5102e+07 492 51344
2.5e-05 2.476e+07 619 64552
3.172e-05 2.45586e+07 779 81192
4.076e-05 2.40432e+07 980 102096
5.1319e-05 2.40457e+07 1234 128512
6.5119e-05 2.38486e+07 1553 161688
8.3078e-05 2.35321e+07 1955 203496
0.000104677 2.35104e+07 2461 256120
0.000130156 2.38022e+07 3098 322368
0.000165115 2.36199e+07 3900 405776
0.000208473 2.35522e+07 4909.99 510816
0.000265791 2.32551e+07 6180.99 643000
0.000333548 2.33279e+07 7780.99 809400
0.000413866 2.3667e+07 9794.98 1018856
0.000530581 2.32405e+07 12331 1282600
0.000672215 2.30937e+07 15523.9 1614672
0.000861888 2.26745e+07 19542.9 2032648
0.00108568 2.26612e+07 24602.9 2558888
0.00134043 2.31066e+07 30972.8 3221368
0.00171122 2.27859e+07 38991.6 4055344
0.00215932 2.27328e+07 49087.4 5105328
0.00275102 2.24634e+07 61797.1 6427168
0.00349687 2.22478e+07 77797.6 8091272
0.00444487 2.20345e+07 97940.8 10186248
0.00558707 2.20687e+07 123299 12823688
0.00717765 2.16259e+07 155223 16143992
0.00918537 2.12743e+07 195412 20323960
0.0118238 2.08059e+07 246006 25586256
0.0148082 2.09141e+07 309699 32211160
0.0185311 2.10392e+07 389880 40551336
0.0235765 2.08181e+07 490818 51051072
0.0303538 2.03561e+07 617885 64269472
0.0386404 2.01303e+07 777842 80910408
0.0481787 2.03243e+07 979199 101860064
0.0596776 2.06554e+07 1.23267e+06 128234152
0.0771504 2.01129e+07 1.55172e+06 161437192
0.0965118 2.02391e+07 1.95331e+06 203237288
0.123411 1.99236e+07 2.45879e+06 255860560
0.152159 2.03404e+07 3.09497e+06 322109288
0.190604 2.04383e+07 3.89561e+06 405511464
0.240514 2.03861e+07 4.90313e+06 510508616
0.307498 2.00679e+07 6.17085e+06 642692200
0.383357 2.02572e+07 7.76575e+06 809101456
0.48234 2.02594e+07 9.77193e+06 1018598328
0.606943 2.02571e+07 1.22949e+07 1282339208
0.772011 2.00345e+07 1.54669e+07 1614369296
0.966323 2.01315e+07 1.94535e+07 2032370464
1.23576 1.9795e+07 2.44618e+07 2558602768
1.52574 2.01544e+07 3.07503e+07 3221089944
1.89355 2.04064e+07 3.86407e+07 4055111912
2.39921 2.02286e+07 4.85327e+07 5105083328
3.11214 1.95752e+07 6.09208e+07 6426919064
3.90489 1.95688e+07 7.6414e+07 8091011624
4.82811 1.98335e+07 9.57584e+07 10185980032
6.05024 1.98109e+07 1.19861e+08 12823389040
