# filename: ./acpphint-HoneyComb-65536MiB-threads_16-LP64-FreeBSD_main_n247756_348c41d1815d_64bit-g++_11_O3lto-libstdc++-cpulockdown-DSIZE_ul-ISIZE_ul-using_1_threads-cpus_0.txt
# acpphint_main version: 0.1.24

9.72745e-08 1.02802e+07 1 280
1.365e-07 1.4652e+07 2 384
1.7604e-07 1.70416e+07 3 488
2.16e-07 1.85185e+07 4 592
2.54176e-07 1.96714e+07 5 696
2.94357e-07 2.03834e+07 6 800
3.31708e-07 2.11029e+07 7 904
4.121e-07 2.18394e+07 9 1112
4.975e-07 2.21106e+07 11 1320
6.13417e-07 2.2823e+07 14 1632
7.321e-07 2.32209e+07 17 1944
8.90125e-07 2.35922e+07 21 2360
1.08683e-06 2.39227e+07 26 2880
1.32017e-06 2.42394e+07 32 3504
1.64e-06 2.43902e+07 40 4336
2.03e-06 2.46305e+07 50 5376
2.5405e-06 2.47983e+07 63 6728
3.1805e-06 2.48389e+07 79 8392
3.9405e-06 2.51237e+07 99 10472
4.921e-06 2.51981e+07 124 13072
6.201e-06 2.51572e+07 156 16400
7.761e-06 2.52545e+07 196 20560
9.841e-06 2.50991e+07 247 25864
1.228e-05 2.53257e+07 311 32520
1.532e-05 2.55222e+07 391 40840
1.968e-05 2.5e+07 492 51344
2.524e-05 2.45246e+07 619 64552
3.216e-05 2.42226e+07 779 81192
4.044e-05 2.42334e+07 980 102096
5.1879e-05 2.37861e+07 1234 128512
6.5158e-05 2.38344e+07 1553 161688
8.3357e-05 2.34533e+07 1955 203496
0.000104997 2.34388e+07 2461 256120
0.000131116 2.36279e+07 3098 322368
0.000166795 2.3382e+07 3900 405776
0.000208873 2.35071e+07 4909.99 510816
0.000265951 2.32411e+07 6180.99 643000
0.000336868 2.3098e+07 7780.99 809400
0.000420665 2.32845e+07 9794.98 1018856
0.0005383 2.29072e+07 12331 1282600
0.000674575 2.30129e+07 15523.9 1614672
0.000858648 2.27601e+07 19542.9 2032648
0.00110572 2.22506e+07 24602.9 2558888
0.00135847 2.27998e+07 30972.8 3221368
0.0017313 2.25217e+07 38991.6 4055344
0.00217688 2.25495e+07 49087.4 5105328
0.00274522 2.25108e+07 61797.1 6427168
0.00362006 2.14907e+07 77797.6 8091272
0.00437299 2.23967e+07 97940.8 10186248
0.00566042 2.17827e+07 123299 12823688
0.0071848 2.16044e+07 155223 16143992
0.00934884 2.09023e+07 195412 20323960
0.0124226 1.98031e+07 246006 25586256
0.0146268 2.11734e+07 309699 32211160
0.019043 2.04737e+07 389880 40551336
0.0236758 2.07308e+07 490818 51051072
0.0300588 2.05558e+07 617885 64269472
0.041499 1.87436e+07 777842 80910408
0.0482884 2.02781e+07 979199 101860064
0.0611467 2.01591e+07 1.23267e+06 128234152
0.0750666 2.06712e+07 1.55172e+06 161437192
0.0959269 2.03625e+07 1.95331e+06 203237288
0.132526 1.85532e+07 2.45879e+06 255860560
0.151145 2.04768e+07 3.09497e+06 322109288
0.196031 1.98724e+07 3.89561e+06 405511464
0.237464 2.06479e+07 4.90313e+06 510508616
0.305908 2.01723e+07 6.17085e+06 642692200
0.419835 1.84971e+07 7.76575e+06 809101456
0.477892 2.0448e+07 9.77193e+06 1018598328
0.620375 1.98185e+07 1.22949e+07 1282339208
0.75407 2.05112e+07 1.54669e+07 1614369296
0.959134 2.02824e+07 1.94535e+07 2032370464
1.33218 1.83622e+07 2.44618e+07 2558602768
1.53587 2.00214e+07 3.07503e+07 3221089944
1.93487 1.99707e+07 3.86407e+07 4055111912
2.38064 2.03864e+07 4.85327e+07 5105083328
3.13871 1.94095e+07 6.09208e+07 6426919064
4.21109 1.81459e+07 7.6414e+07 8091011624
4.85994 1.97036e+07 9.57584e+07 10185980032
6.23193 1.92333e+07 1.19861e+08 12823389040
