# filename: ./acpphint-HoneyComb-65536MiB-threads_16-LP64-FreeBSD_main_n247756_348c41d1815d_64bit-g++_11_O3lto-libstdc++-DSIZE_ull-ISIZE_ull-using_8_threads.txt
# acpphint_main version: 0.1.24

0.000240872 128699 31 3904
0.000237152 164451 39 4736
0.000239512 196232 47 5568
0.000233873 235170 55 6400
0.000232913 270487 63 7232
0.000238832 330776 79 8896
0.000239032 397436 95 10560
0.000236832 500496 118.533 13056
0.000241872 584792 141.445 15552
0.000239712 724734 173.727 18880
0.000243312 880204 214.164 23040
0.000242432 1.07961e+06 261.732 28032
0.000239072 1.36339e+06 325.949 34688
0.000237832 1.70294e+06 405.014 43008
0.000237992 2.14713e+06 511 53824
0.000239592 2.66703e+06 639 67136
0.000233632 3.40653e+06 795.875 83776
0.000240232 4.14865e+06 996.639 104576
0.000241311 5.18173e+06 1250.41 131200
0.000249632 6.29189e+06 1570.66 164480
0.000246952 8.00654e+06 1977.23 206912
0.000253512 9.79542e+06 2483.26 260160
0.000256511 1.21937e+07 3127.82 326720
0.000259871 1.51238e+07 3930.23 410752
0.00026595 1.85406e+07 4930.87 516416
0.00027435 2.27005e+07 6227.89 649536
0.00028523 2.74158e+07 7819.82 816768
0.00030571 3.21135e+07 9817.41 1028096
0.000318189 3.90143e+07 12413.9 1293504
0.000345468 4.51301e+07 15591 1627968
0.000365547 5.35193e+07 19563.8 2048960
0.000408825 6.05757e+07 24764.9 2578944
0.000446144 6.96916e+07 31092.5 3246208
0.000511741 7.62342e+07 39012.1 4086528
0.00057254 8.63125e+07 49417.3 5144000
0.000657416 9.4342e+07 62022 6475200
0.000764532 1.01753e+08 77793.3 8150848
0.000890488 1.10736e+08 98609.2 10260800
0.00103772 1.19228e+08 123726 12917376
0.00127375 1.21813e+08 155160 16261184
0.00177981 1.1057e+08 196794 20471104
0.00261346 9.44452e+07 246829 25770944
0.0036581 8.45992e+07 309472 32442752
0.00496305 7.91023e+07 392589 40842624
0.00656371 7.50228e+07 492428 51417344
0.00858708 7.18837e+07 617270 64730176
0.0112255 6.97448e+07 782923 81489984
0.0143151 6.86258e+07 982382 102589504
0.0183643 6.70398e+07 1.23114e+06 129151936
0.0233871 6.67563e+07 1.56124e+06 162591680
0.0297475 6.58751e+07 1.95962e+06 204690048
0.0378044 6.49439e+07 2.45516e+06 257689280
0.0477673 6.51654e+07 3.11277e+06 324410688
0.0605133 6.45837e+07 3.90817e+06 408408576
0.0764196 6.40522e+07 4.89484e+06 514155776
0.0966039 6.4222e+07 6.20409e+06 647283264
0.121743 6.39943e+07 7.79083e+06 814880512
0.15951 6.11461e+07 9.75343e+06 1025873216
0.193449 6.38758e+07 1.23567e+07 1291497536
0.244371 6.34977e+07 1.5517e+07 1625898304
0.307646 6.31018e+07 1.9413e+07 2046884480
0.387585 6.34087e+07 2.45763e+07 2576874304
0.488054 6.32112e+07 3.08505e+07 3244091712
0.616061 6.25809e+07 3.85537e+07 4084068928
0.772279 6.31155e+07 4.87428e+07 5141537600
0.974226 6.27372e+07 6.11202e+07 6472811648
1.22743 6.2106e+07 7.62307e+07 8148786624
1.54399 6.22669e+07 9.61392e+07 10258713664
1.94207 6.192e+07 1.20253e+08 12914954368
2.45042 6.09844e+07 1.49437e+08 16258963712
3.08245 6.0857e+07 1.87589e+08 20468822144
3.88468 6.00936e+07 2.33445e+08 25768719552
4.8856 5.89787e+07 2.88146e+08 32440895296
6.15073 5.83023e+07 3.58602e+08 40840666624
