# filename: ./acpphint-HoneyComb-65536MiB-threads_16-LP64-FreeBSD_main_n247756_348c41d1815d_64bit-g++_11_O3lto-libstdc++-cpulockdown-DSIZE_ull-ISIZE_ull-using_1_threads-cpus_0.txt
# acpphint_main version: 0.1.24

9.69423e-08 1.03154e+07 1 280
1.36471e-07 1.46552e+07 2 384
1.75423e-07 1.71015e+07 3 488
2.1605e-07 1.85142e+07 4 592
2.54176e-07 1.96714e+07 5 696
2.94357e-07 2.03834e+07 6 800
3.35385e-07 2.08716e+07 7 904
4.121e-07 2.18394e+07 9 1112
4.95062e-07 2.22194e+07 11 1320
6.13417e-07 2.2823e+07 14 1632
7.321e-07 2.32209e+07 17 1944
8.90125e-07 2.35922e+07 21 2360
1.08683e-06 2.39227e+07 26 2880
1.32017e-06 2.42394e+07 32 3504
1.64025e-06 2.43865e+07 40 4336
2.02025e-06 2.47494e+07 50 5376
2.6205e-06 2.40412e+07 63 6728
3.1605e-06 2.4996e+07 79 8392
3.9405e-06 2.51237e+07 99 10472
4.961e-06 2.4995e+07 124 13072
6.2e-06 2.51613e+07 156 16400
7.761e-06 2.52545e+07 196 20560
9.761e-06 2.53048e+07 247 25864
1.2321e-05 2.52415e+07 311 32520
1.584e-05 2.46843e+07 391 40840
1.956e-05 2.51534e+07 492 51344
2.524e-05 2.45246e+07 619 64552
3.188e-05 2.44354e+07 779 81192
4.0399e-05 2.4258e+07 980 102096
5.2239e-05 2.36222e+07 1234 128512
6.4959e-05 2.39074e+07 1553 161688
8.2717e-05 2.36348e+07 1955 203496
0.000103917 2.36823e+07 2461 256120
0.000131276 2.35991e+07 3098 322368
0.000168354 2.31655e+07 3900 405776
0.000208633 2.35341e+07 4909.99 510816
0.000266111 2.32271e+07 6180.99 643000
0.000331948 2.34404e+07 7780.99 809400
0.000421905 2.32161e+07 9794.98 1018856
0.00054258 2.27265e+07 12331 1282600
0.000672336 2.30896e+07 15523.9 1614672
0.000862808 2.26504e+07 19542.9 2032648
0.00108028 2.27745e+07 24602.9 2558888
0.00136467 2.26962e+07 30972.8 3221368
0.00175937 2.21622e+07 38991.6 4055344
0.00215616 2.27662e+07 49087.4 5105328
0.00274574 2.25066e+07 61797.1 6427168
0.00343951 2.26188e+07 77797.6 8091272
0.00442227 2.21472e+07 97940.8 10186248
0.00588698 2.09445e+07 123299 12823688
0.00716077 2.16769e+07 155223 16143992
0.00925233 2.11203e+07 195412 20323960
0.0115099 2.13735e+07 246006 25586256
0.0148734 2.08224e+07 309699 32211160
0.0203832 1.91275e+07 389880 40551336
0.0236439 2.07588e+07 490818 51051072
0.0306959 2.01293e+07 617885 64269472
0.0374808 2.07531e+07 777842 80910408
0.0478993 2.04429e+07 979199 101860064
0.0664945 1.85378e+07 1.23267e+06 128234152
0.0770677 2.01345e+07 1.55172e+06 161437192
0.09703 2.0131e+07 1.95331e+06 203237288
0.119557 2.05659e+07 2.45879e+06 255860560
0.154218 2.00687e+07 3.09497e+06 322109288
0.212115 1.83656e+07 3.89561e+06 405511464
0.240673 2.03726e+07 4.90313e+06 510508616
0.305901 2.01727e+07 6.17085e+06 642692200
0.378705 2.05061e+07 7.76575e+06 809101456
0.486664 2.00794e+07 9.77193e+06 1018598328
0.669603 1.83615e+07 1.22949e+07 1282339208
0.773905 1.99855e+07 1.54669e+07 1614369296
0.973499 1.99831e+07 1.94535e+07 2032370464
1.19798 2.04192e+07 2.44618e+07 2558602768
1.53122 2.00822e+07 3.07503e+07 3221089944
2.11596 1.82616e+07 3.86407e+07 4055111912
2.39595 2.02561e+07 4.85327e+07 5105083328
3.14142 1.93927e+07 6.09208e+07 6426919064
3.79007 2.01617e+07 7.6414e+07 8091011624
4.83266 1.98148e+07 9.57584e+07 10185980032
6.67498 1.79567e+07 1.19861e+08 12823389040
