# filename: ./acpphint-HoneyComb-65536MiB-threads_16-LP64-FreeBSD_main_n247756_348c41d1815d_64bit-clang++_12_O3lto-libc++-cpulockdown-DSIZE_ull-ISIZE_ull-using_1_threads-cpus_11.txt
# acpphint_main version: 0.1.24

8.69674e-08 1.14986e+07 1 280
1.30683e-07 1.53042e+07 2 384
1.75652e-07 1.70792e+07 3 488
2.2e-07 1.81818e+07 4 592
2.64033e-07 1.8937e+07 5 696
3.07731e-07 1.94976e+07 6 800
3.52773e-07 1.98428e+07 7 904
4.40056e-07 2.0452e+07 9 1112
5.28643e-07 2.0808e+07 11 1320
6.63333e-07 2.11055e+07 14 1632
7.921e-07 2.14619e+07 17 1944
9.8e-07 2.14286e+07 21 2360
1.20017e-06 2.16637e+07 26 2880
1.46025e-06 2.19141e+07 32 3504
1.82e-06 2.1978e+07 40 4336
2.2605e-06 2.2119e+07 50 5376
2.8205e-06 2.23365e+07 63 6728
3.5405e-06 2.23132e+07 79 8392
4.441e-06 2.22923e+07 99 10472
5.521e-06 2.24597e+07 124 13072
6.961e-06 2.24106e+07 156 16400
8.721e-06 2.24745e+07 196 20560
1.0961e-05 2.25344e+07 247 25864
1.3841e-05 2.24695e+07 311 32520
1.744e-05 2.24197e+07 391 40840
2.228e-05 2.20826e+07 492 51344
2.836e-05 2.18265e+07 619 64552
3.54e-05 2.20056e+07 779 81192
4.4919e-05 2.1817e+07 980 102096
5.7439e-05 2.14837e+07 1234 128512
7.2159e-05 2.15219e+07 1553 161688
9.1438e-05 2.13806e+07 1955 203496
0.000114797 2.14378e+07 2461 256120
0.000144915 2.1378e+07 3098 322368
0.000183875 2.121e+07 3900 405776
0.000230952 2.12598e+07 4909.99 510816
0.00029059 2.12705e+07 6180.99 643000
0.000365748 2.12742e+07 7780.99 809400
0.000462104 2.11965e+07 9794.98 1018856
0.000587059 2.10046e+07 12331 1282600
0.000742093 2.09191e+07 15523.9 1614672
0.000944486 2.06916e+07 19542.9 2032648
0.00119252 2.0631e+07 24602.9 2558888
0.00150034 2.06438e+07 30972.8 3221368
0.00190253 2.04946e+07 38991.6 4055344
0.00238351 2.05946e+07 49087.4 5105328
0.00305849 2.02051e+07 61797.1 6427168
0.00381846 2.03741e+07 77797.6 8091272
0.00494462 1.98076e+07 97940.8 10186248
0.00613465 2.00989e+07 123299 12823688
0.00785523 1.97605e+07 155223 16143992
0.00999075 1.95593e+07 195412 20323960
0.0124547 1.97521e+07 246006 25586256
0.0157975 1.96043e+07 309699 32211160
0.0203338 1.91739e+07 389880 40551336
0.0257394 1.90687e+07 490818 51051072
0.0328527 1.88077e+07 617885 64269472
0.0407908 1.90691e+07 777842 80910408
0.0515386 1.89993e+07 979199 101860064
0.065807 1.87315e+07 1.23267e+06 128234152
0.0822166 1.88735e+07 1.55172e+06 161437192
0.103637 1.88477e+07 1.95331e+06 203237288
0.131898 1.86416e+07 2.45879e+06 255860560
0.16315 1.89701e+07 3.09497e+06 322109288
0.207926 1.87355e+07 3.89561e+06 405511464
0.260586 1.88158e+07 4.90313e+06 510508616
0.328494 1.87853e+07 6.17085e+06 642692200
0.414981 1.87135e+07 7.76575e+06 809101456
0.516455 1.89211e+07 9.77193e+06 1018598328
0.661266 1.85929e+07 1.22949e+07 1282339208
0.822153 1.88127e+07 1.54669e+07 1614369296
1.03376 1.88182e+07 1.94535e+07 2032370464
1.31721 1.8571e+07 2.44618e+07 2558602768
1.63918 1.87595e+07 3.07503e+07 3221089944
2.07981 1.8579e+07 3.86407e+07 4055111912
2.59675 1.86897e+07 4.85327e+07 5105083328
3.26912 1.86352e+07 6.09208e+07 6426919064
4.12849 1.8509e+07 7.6414e+07 8091011624
5.18199 1.84791e+07 9.57584e+07 10185980032
6.62269 1.80985e+07 1.19861e+08 12823389040
