# filename: ./acpphint-HoneyComb-65536MiB-threads_16-LP64-FreeBSD_main_n247756_348c41d1815d_64bit-clang++_12_O3lto-libc++-cpulockdown-DSIZE_ul-ISIZE_ul-using_8_threads.txt
# acpphint_main version: 0.1.24

0.000210913 146980 31 3904
0.000214713 181638 39 4736
0.000217353 216238 47 5568
0.000214153 256826 55 6400
0.000214913 293142 63 7232
0.000210913 374562 79 8896
0.000214313 443277 95 10560
0.000213193 555991 118.533 13056
0.000212673 665081 141.445 15552
0.000216233 803427 173.727 18880
0.000222553 962307 214.164 23040
0.000215273 1.21581e+06 261.732 28032
0.000217513 1.49853e+06 325.949 34688
0.000219433 1.84573e+06 405.014 43008
0.000217633 2.34799e+06 511 53824
0.000216193 2.95569e+06 639 67136
0.000215793 3.68814e+06 795.875 83776
0.000226753 4.39526e+06 996.639 104576
0.000228352 5.47579e+06 1250.41 131200
0.000228632 6.86981e+06 1570.66 164480
0.000230873 8.56415e+06 1977.23 206912
0.000234192 1.06035e+07 2483.26 260160
0.000238072 1.31381e+07 3127.82 326720
0.000242031 1.62385e+07 3930.23 410752
0.000249072 1.9797e+07 4930.87 516416
0.000258831 2.40616e+07 6227.89 649536
0.000246072 3.17786e+07 7819.82 816768
0.000256551 3.82669e+07 9817.41 1028096
0.000270751 4.585e+07 12413.9 1293504
0.000289591 5.38381e+07 15591 1627968
0.000316589 6.17956e+07 19563.8 2048960
0.000340069 7.28231e+07 24764.9 2578944
0.000385547 8.06452e+07 31092.5 3246208
0.000438585 8.895e+07 39012.1 4086528
0.000510022 9.68926e+07 49417.3 5144000
0.000607578 1.02081e+08 62022 6475200
0.000724653 1.07352e+08 77793.3 8150848
0.000886968 1.11176e+08 98609.2 10260800
0.00104688 1.18185e+08 123726 12917376
0.00130051 1.19307e+08 155160 16261184
0.00175302 1.1226e+08 196794 20471104
0.00251215 9.82542e+07 246829 25770944
0.00344971 8.97096e+07 309472 32442752
0.0047061 8.34212e+07 392589 40842624
0.00625473 7.8729e+07 492428 51417344
0.00814774 7.57598e+07 617270 64730176
0.0105697 7.40723e+07 782923 81489984
0.0135934 7.2269e+07 982382 102589504
0.017423 7.06616e+07 1.23114e+06 129151936
0.0222217 7.02572e+07 1.56124e+06 162591680
0.0282857 6.92795e+07 1.95962e+06 204690048
0.0359377 6.83171e+07 2.45516e+06 257689280
0.0456056 6.82543e+07 3.11277e+06 324410688
0.0576972 6.77359e+07 3.90817e+06 408408576
0.0729575 6.70917e+07 4.89484e+06 514155776
0.0920336 6.74112e+07 6.20409e+06 647283264
0.116448 6.69038e+07 7.79083e+06 814880512
0.146428 6.66091e+07 9.75343e+06 1025873216
0.184772 6.68753e+07 1.23567e+07 1291497536
0.23292 6.66195e+07 1.5517e+07 1625898304
0.293469 6.61501e+07 1.9413e+07 2046884480
0.369988 6.64245e+07 2.45763e+07 2576874304
0.466317 6.61577e+07 3.08505e+07 3244091712
0.586395 6.57469e+07 3.85537e+07 4084068928
0.741602 6.57264e+07 4.87428e+07 5141537600
0.930145 6.57103e+07 6.11202e+07 6472811648
1.17081 6.51094e+07 7.62307e+07 8148786624
1.47811 6.5042e+07 9.61392e+07 10258713664
1.85652 6.47733e+07 1.20253e+08 12914954368
2.33918 6.38844e+07 1.49437e+08 16258963712
2.94858 6.36201e+07 1.87589e+08 20468822144
3.70618 6.29879e+07 2.33445e+08 25768719552
4.66366 6.17855e+07 2.88146e+08 32440895296
5.86963 6.10944e+07 3.58602e+08 40840666624
7.39331 5.97711e+07 4.41906e+08 51415352512
