# filename: ./acpphint-HoneyComb-65536MiB-threads_16-LP64-FreeBSD_main_n247756_348c41d1815d_64bit-g++_11_O3lto-libstdc++-DSIZE_ul-ISIZE_ul-using_8_threads.txt
# acpphint_main version: 0.1.24

0.000251792 123117 31 3904
0.000237792 164009 39 4736
0.000239072 196593 47 5568
0.000247832 221925 55 6400
0.000235432 267593 63 7232
0.000238552 331165 79 8896
0.000238752 397902 95 10560
0.000243312 487166 118.533 13056
0.000237072 596632 141.445 15552
0.000236792 733671 173.727 18880
0.000260911 820833 214.164 23040
0.000238072 1.09938e+06 261.732 28032
0.000242991 1.3414e+06 325.949 34688
0.000236592 1.71187e+06 405.014 43008
0.000233832 2.18533e+06 511 53824
0.000237232 2.69357e+06 639 67136
0.000244191 3.25923e+06 795.875 83776
0.000241832 4.1212e+06 996.639 104576
0.000247151 5.05929e+06 1250.41 131200
0.000242592 6.47448e+06 1570.66 164480
0.000245792 8.04433e+06 1977.23 206912
0.000246992 1.0054e+07 2483.26 260160
0.000251712 1.24262e+07 3127.82 326720
0.000256871 1.53004e+07 3930.23 410752
0.000265471 1.8574e+07 4930.87 516416
0.000276231 2.25459e+07 6227.89 649536
0.00028475 2.7462e+07 7819.82 816768
0.00030727 3.19504e+07 9817.41 1028096
0.000315709 3.93208e+07 12413.9 1293504
0.000336828 4.62878e+07 15591 1627968
0.000364667 5.36484e+07 19563.8 2048960
0.000401466 6.16861e+07 24764.9 2578944
0.000469663 6.62017e+07 31092.5 3246208
0.000508302 7.67499e+07 39012.1 4086528
0.00056266 8.78281e+07 49417.3 5144000
0.000659776 9.40046e+07 62022 6475200
0.000777332 1.00077e+08 77793.3 8150848
0.000890927 1.10682e+08 98609.2 10260800
0.00104588 1.18298e+08 123726 12917376
0.00126151 1.22995e+08 155160 16261184
0.00178269 1.10391e+08 196794 20471104
0.00259762 9.50211e+07 246829 25770944
0.00366934 8.434e+07 309472 32442752
0.00493509 7.95504e+07 392589 40842624
0.00657055 7.49447e+07 492428 51417344
0.00861035 7.16893e+07 617270 64730176
0.0111878 6.99802e+07 782923 81489984
0.014329 6.85591e+07 982382 102589504
0.0183681 6.70256e+07 1.23114e+06 129151936
0.023355 6.6848e+07 1.56124e+06 162591680
0.0298016 6.57557e+07 1.95962e+06 204690048
0.0377686 6.50054e+07 2.45516e+06 257689280
0.0477482 6.51915e+07 3.11277e+06 324410688
0.0605524 6.4542e+07 3.90817e+06 408408576
0.0765185 6.39694e+07 4.89484e+06 514155776
0.0964868 6.42999e+07 6.20409e+06 647283264
0.121938 6.38917e+07 7.79083e+06 814880512
0.153792 6.34195e+07 9.75343e+06 1025873216
0.193767 6.37711e+07 1.23567e+07 1291497536
0.244306 6.35148e+07 1.5517e+07 1625898304
0.308352 6.29574e+07 1.9413e+07 2046884480
0.388026 6.33366e+07 2.45763e+07 2576874304
0.488485 6.31554e+07 3.08505e+07 3244091712
0.614842 6.2705e+07 3.85537e+07 4084068928
0.774536 6.29316e+07 4.87428e+07 5141537600
0.975134 6.26787e+07 6.11202e+07 6472811648
1.23107 6.19223e+07 7.62307e+07 8148786624
1.54533 6.22127e+07 9.61392e+07 10258713664
1.94708 6.17609e+07 1.20253e+08 12914954368
2.45029 6.09876e+07 1.49437e+08 16258963712
3.08708 6.07658e+07 1.87589e+08 20468822144
3.88494 6.00896e+07 2.33445e+08 25768719552
4.89508 5.88645e+07 2.88146e+08 32440895296
6.15616 5.82509e+07 3.58602e+08 40840666624
