# filename: ./acpphint-HoneyComb-65536MiB-threads_16-LP64-FreeBSD_main_n247756_348c41d1815d_64bit-clang++_12_O3-libc++-DSIZE_ul-ISIZE_ul-using_8_threads-cpus_kx4p2_kx4p3_2_15.txt
# acpphint_main version: 0.1.24

0.000188914 164096 31 3904
0.000195193 199802 39 4736
0.000196313 239414 47 5568
0.000201513 272935 55 6400
0.000194393 324086 63 7232
0.000193954 407313 79 8896
0.000196954 482346 95 10560
0.000194073 610767 118.533 13056
0.000202193 699553 141.445 15552
0.000198794 873907 173.727 18880
0.000198353 1.07971e+06 214.164 23040
0.000204313 1.28103e+06 261.732 28032
0.000195913 1.66374e+06 325.949 34688
0.000199233 2.03287e+06 405.014 43008
0.000194593 2.62599e+06 511 53824
0.000206113 3.10024e+06 639 67136
0.000203673 3.90761e+06 795.875 83776
0.000200594 4.96844e+06 996.639 104576
0.000211232 5.9196e+06 1250.41 131200
0.000209353 7.50244e+06 1570.66 164480
0.000209993 9.4157e+06 1977.23 206912
0.000218072 1.13873e+07 2483.26 260160
0.000221673 1.41101e+07 3127.82 326720
0.000228152 1.72263e+07 3930.23 410752
0.000235352 2.0951e+07 4930.87 516416
0.000247231 2.51906e+07 6227.89 649536
0.000256511 3.04853e+07 7819.82 816768
0.00026355 3.72507e+07 9817.41 1028096
0.00027899 4.4496e+07 12413.9 1293504
0.000301069 5.17855e+07 15591 1627968
0.000336108 5.82069e+07 19563.8 2048960
0.000376826 6.57197e+07 24764.9 2578944
0.000430104 7.22907e+07 31092.5 3246208
0.000489622 7.96781e+07 39012.1 4086528
0.000561419 8.80222e+07 49417.3 5144000
0.000671055 9.24246e+07 62022 6475200
0.000757771 1.02661e+08 77793.3 8150848
0.000904206 1.09056e+08 98609.2 10260800
0.0011072 1.11747e+08 123726 12917376
0.00145586 1.06576e+08 155160 16261184
0.00205608 9.57131e+07 196794 20471104
0.00286949 8.60184e+07 246829 25770944
0.00385237 8.0333e+07 309472 32442752
0.00510616 7.68853e+07 392589 40842624
0.0066357 7.42089e+07 492428 51417344
0.00861095 7.16844e+07 617270 64730176
0.0110588 7.07966e+07 782923 81489984
0.0141008 6.96685e+07 982382 102589504
0.0180003 6.83953e+07 1.23114e+06 129151936
0.0228884 6.82107e+07 1.56124e+06 162591680
0.0290678 6.74155e+07 1.95962e+06 204690048
0.0367808 6.67513e+07 2.45516e+06 257689280
0.0465358 6.68899e+07 3.11277e+06 324410688
0.0588225 6.64401e+07 3.90817e+06 408408576
0.0743221 6.58599e+07 4.89484e+06 514155776
0.0937765 6.61583e+07 6.20409e+06 647283264
0.11826 6.5879e+07 7.79083e+06 814880512
0.14911 6.54109e+07 9.75343e+06 1025873216
0.188183 6.56632e+07 1.23567e+07 1291497536
0.23683 6.55196e+07 1.5517e+07 1625898304
0.298127 6.51166e+07 1.9413e+07 2046884480
0.375844 6.53896e+07 2.45763e+07 2576874304
0.473625 6.5137e+07 3.08505e+07 3244091712
0.595902 6.4698e+07 3.85537e+07 4084068928
0.750456 6.49509e+07 4.87428e+07 5141537600
0.944049 6.47426e+07 6.11202e+07 6472811648
1.18994 6.40629e+07 7.62307e+07 8148786624
1.4976 6.41953e+07 9.61392e+07 10258713664
1.88529 6.37849e+07 1.20253e+08 12914954368
2.37542 6.29098e+07 1.49437e+08 16258963712
2.98857 6.27687e+07 1.87589e+08 20468822144
3.76293 6.2038e+07 2.33445e+08 25768719552
4.7403 6.07866e+07 2.88146e+08 32440895296
5.96641 6.01035e+07 3.58602e+08 40840666624
7.51094 5.88349e+07 4.41906e+08 51415352512
