# filename: ./acpphint-HoneyComb-65536MiB-threads_16-LP64-FreeBSD_main_n247756_348c41d1815d_64bit-g++_11_O3lto-libstdc++-cpulockdown-DSIZE_ul-ISIZE_ul-using_8_threads-cpus_kx4p1_kx4p2_1_14.txt
# acpphint_main version: 0.1.24

0.000257351 120458 31 3904
0.000262951 148317 39 4736
0.000259952 180803 47 5568
0.000257712 213417 55 6400
0.000272711 231014 63 7232
0.000260031 303810 79 8896
0.000260551 364612 95 10560
0.000264111 448801 118.533 13056
0.000259911 544205 141.445 15552
0.000262751 661187 173.727 18880
0.000260111 823357 214.164 23040
0.000260391 1.00515e+06 261.732 28032
0.000256111 1.27269e+06 325.949 34688
0.000264111 1.5335e+06 405.014 43008
0.00026531 1.92605e+06 511 53824
0.000265431 2.4074e+06 639 67136
0.00026679 2.98315e+06 795.875 83776
0.000258831 3.85054e+06 996.639 104576
0.000262231 4.76835e+06 1250.41 131200
0.000264791 5.93169e+06 1570.66 164480
0.000261671 7.55617e+06 1977.23 206912
0.000263351 9.42945e+06 2483.26 260160
0.000268991 1.1628e+07 3127.82 326720
0.000263271 1.49284e+07 3930.23 410752
0.000274431 1.79676e+07 4930.87 516416
0.00028243 2.20511e+07 6227.89 649536
0.00028839 2.71154e+07 7819.82 816768
0.00029927 3.28045e+07 9817.41 1028096
0.000311029 3.99125e+07 12413.9 1293504
0.000321349 4.85174e+07 15591 1627968
0.000354348 5.52107e+07 19563.8 2048960
0.000378067 6.55039e+07 24764.9 2578944
0.000413905 7.51199e+07 31092.5 3246208
0.000455703 8.56087e+07 39012.1 4086528
0.000518661 9.52787e+07 49417.3 5144000
0.000598058 1.03706e+08 62022 6475200
0.000718213 1.08315e+08 77793.3 8150848
0.000850769 1.15906e+08 98609.2 10260800
0.00100168 1.23518e+08 123726 12917376
0.00123415 1.25722e+08 155160 16261184
0.00169802 1.15896e+08 196794 20471104
0.00247603 9.96875e+07 246829 25770944
0.00347315 8.91042e+07 309472 32442752
0.00470826 8.3383e+07 392589 40842624
0.00626584 7.85893e+07 492428 51417344
0.00818429 7.54214e+07 617270 64730176
0.0105806 7.39958e+07 782923 81489984
0.0136817 7.18027e+07 982382 102589504
0.0175307 7.02276e+07 1.23114e+06 129151936
0.0222889 7.00454e+07 1.56124e+06 162591680
0.0283689 6.90764e+07 1.95962e+06 204690048
0.0360139 6.81726e+07 2.45516e+06 257689280
0.0457126 6.80944e+07 3.11277e+06 324410688
0.0577556 6.76674e+07 3.90817e+06 408408576
0.0729674 6.70827e+07 4.89484e+06 514155776
0.0922431 6.7258e+07 6.20409e+06 647283264
0.116479 6.68862e+07 7.79083e+06 814880512
0.147164 6.62758e+07 9.75343e+06 1025873216
0.184802 6.68647e+07 1.23567e+07 1291497536
0.233276 6.65178e+07 1.5517e+07 1625898304
0.293788 6.60783e+07 1.9413e+07 2046884480
0.369464 6.65187e+07 2.45763e+07 2576874304
0.466086 6.61905e+07 3.08505e+07 3244091712
0.587692 6.56018e+07 3.85537e+07 4084068928
0.740426 6.58308e+07 4.87428e+07 5141537600
0.930829 6.5662e+07 6.11202e+07 6472811648
1.17184 6.50524e+07 7.62307e+07 8148786624
1.47708 6.50872e+07 9.61392e+07 10258713664
1.86355 6.45292e+07 1.20253e+08 12914954368
2.34053 6.38475e+07 1.49437e+08 16258963712
2.94442 6.37099e+07 1.87589e+08 20468822144
3.71382 6.28583e+07 2.33445e+08 25768719552
4.67742 6.16037e+07 2.88146e+08 32440895296
5.87793 6.10081e+07 3.58602e+08 40840666624
7.40636 5.96657e+07 4.41906e+08 51415352512
