# filename: ./acpphint-HoneyComb-65536MiB-threads_16-LP64-Fedora_34_64bit-g++_11_O3lto-libstdc++-DSIZE_ul-ISIZE_ul-using_1_threads-cpus_0.txt
# acpphint_main version: 0.1.24

9.69423e-08 1.03154e+07 1 280
1.35324e-07 1.47794e+07 2 384
1.75423e-07 1.71015e+07 3 488
2.1405e-07 1.86872e+07 4 592
2.54176e-07 1.96714e+07 5 696
2.94357e-07 2.03834e+07 6 800
3.29308e-07 2.12567e+07 7 904
4.0605e-07 2.21648e+07 9 1112
4.92563e-07 2.23322e+07 11 1320
6.10083e-07 2.29477e+07 14 1632
7.281e-07 2.33484e+07 17 1944
8.85125e-07 2.37255e+07 21 2360
1.08017e-06 2.40704e+07 26 2880
1.3135e-06 2.43624e+07 32 3504
1.63025e-06 2.45361e+07 40 4336
2.02025e-06 2.47494e+07 50 5376
2.5405e-06 2.47983e+07 63 6728
3.1605e-06 2.4996e+07 79 8392
3.9405e-06 2.51237e+07 99 10472
4.96e-06 2.5e+07 124 13072
6.201e-06 2.51572e+07 156 16400
7.761e-06 2.52545e+07 196 20560
9.761e-06 2.53048e+07 247 25864
1.256e-05 2.47611e+07 311 32520
1.5521e-05 2.51917e+07 391 40840
2.0001e-05 2.45988e+07 492 51344
2.54e-05 2.43701e+07 619 64552
3.172e-05 2.45586e+07 779 81192
4.0439e-05 2.4234e+07 980 102096
5.056e-05 2.44066e+07 1234 128512
6.4718e-05 2.39964e+07 1553 161688
8.2238e-05 2.37725e+07 1955 203496
0.000104597 2.35284e+07 2461 256120
0.000129276 2.39642e+07 3098 322368
0.000163635 2.38335e+07 3900 405776
0.000206594 2.37664e+07 4909.99 510816
0.000259072 2.38582e+07 6180.99 643000
0.000330388 2.35511e+07 7780.99 809400
0.000419746 2.33355e+07 9794.98 1018856
0.000531741 2.31898e+07 12331 1282600
0.000665896 2.33129e+07 15523.9 1614672
0.000850329 2.29828e+07 19542.9 2032648
0.00105496 2.33211e+07 24602.9 2558888
0.00136295 2.27248e+07 30972.8 3221368
0.00168482 2.31429e+07 38991.6 4055344
0.00214708 2.28624e+07 49087.4 5105328
0.00274042 2.25502e+07 61797.1 6427168
0.00347319 2.23995e+07 77797.6 8091272
0.00441699 2.21736e+07 97940.8 10186248
0.00569727 2.16419e+07 123299 12823688
0.00710953 2.18331e+07 155223 16143992
0.00906662 2.15529e+07 195412 20323960
0.0119084 2.06583e+07 246006 25586256
0.0147236 2.10341e+07 309699 32211160
0.0187965 2.07422e+07 389880 40551336
0.0238809 2.05527e+07 490818 51051072
0.0302714 2.04115e+07 617885 64269472
0.0385736 2.01651e+07 777842 80910408
0.0482531 2.0293e+07 979199 101860064
0.059464 2.07296e+07 1.23267e+06 128234152
0.0751672 2.06436e+07 1.55172e+06 161437192
0.0956434 2.04229e+07 1.95331e+06 203237288
0.119879 2.05106e+07 2.45879e+06 255860560
0.150095 2.06201e+07 3.09497e+06 322109288
0.19499 1.99785e+07 3.89561e+06 405511464
0.244389 2.00628e+07 4.90313e+06 510508616
0.308046 2.00322e+07 6.17085e+06 642692200
0.384113 2.02174e+07 7.76575e+06 809101456
0.480428 2.03401e+07 9.77193e+06 1018598328
0.611512 2.01057e+07 1.22949e+07 1282339208
0.773474 1.99966e+07 1.54669e+07 1614369296
0.967832 2.01001e+07 1.94535e+07 2032370464
1.21174 2.01873e+07 2.44618e+07 2558602768
1.5243 2.01734e+07 3.07503e+07 3221089944
1.91547 2.01729e+07 3.86407e+07 4055111912
2.45735 1.975e+07 4.85327e+07 5105083328
3.0851 1.97468e+07 6.09208e+07 6426919064
3.84361 1.98808e+07 7.6414e+07 8091011624
4.84453 1.97663e+07 9.57584e+07 10185980032
6.09361 1.96699e+07 1.19861e+08 12823389040
