# filename: ./acpphint-HoneyComb-65536MiB-threads_16-LP64-FreeBSD_main_n247756_348c41d1815d_64bit-clang++_12_O3-libc++-DSIZE_ull-ISIZE_ull-using_1_threads-cpus_0.txt
# acpphint_main version: 0.1.24

8.55426e-08 1.16901e+07 1 280
1.29048e-07 1.54981e+07 2 384
1.72196e-07 1.7422e+07 3 488
2.16694e-07 1.84592e+07 4 592
2.587e-07 1.93274e+07 5 696
3.03077e-07 1.9797e+07 6 800
3.455e-07 2.02605e+07 7 904
4.33333e-07 2.07692e+07 9 1112
5.20071e-07 2.11509e+07 11 1320
6.50083e-07 2.15357e+07 14 1632
7.801e-07 2.17921e+07 17 1944
9.60125e-07 2.18722e+07 21 2360
1.18e-06 2.20339e+07 26 2880
1.44025e-06 2.22184e+07 32 3504
1.80025e-06 2.22191e+07 40 4336
2.2205e-06 2.25175e+07 50 5376
2.7805e-06 2.26578e+07 63 6728
3.5005e-06 2.25682e+07 79 8392
4.361e-06 2.27012e+07 99 10472
5.441e-06 2.27899e+07 124 13072
6.881e-06 2.26711e+07 156 16400
8.6e-06 2.27907e+07 196 20560
1.08e-05 2.28704e+07 247 25864
1.3601e-05 2.2866e+07 311 32520
1.7201e-05 2.27312e+07 391 40840
2.184e-05 2.25275e+07 492 51344
2.804e-05 2.20756e+07 619 64552
3.516e-05 2.21559e+07 779 81192
4.456e-05 2.19928e+07 980 102096
5.6719e-05 2.17564e+07 1234 128512
7.2038e-05 2.15581e+07 1553 161688
9.1117e-05 2.14559e+07 1955 203496
0.000113317 2.17178e+07 2461 256120
0.000143236 2.16286e+07 3098 322368
0.000182674 2.13495e+07 3900 405776
0.000231031 2.12525e+07 4909.99 510816
0.00028979 2.13292e+07 6180.99 643000
0.000361507 2.15237e+07 7780.99 809400
0.000457743 2.13984e+07 9794.98 1018856
0.000585458 2.10621e+07 12331 1282600
0.000744292 2.08573e+07 15523.9 1614672
0.000944044 2.07013e+07 19542.9 2032648
0.00117312 2.09722e+07 24602.9 2558888
0.00150982 2.05142e+07 30972.8 3221368
0.00192217 2.02853e+07 38991.6 4055344
0.00238791 2.05567e+07 49087.4 5105328
0.00305336 2.0239e+07 61797.1 6427168
0.00380965 2.04212e+07 77797.6 8091272
0.00476242 2.05654e+07 97940.8 10186248
0.00634139 1.94436e+07 123299 12823688
0.00779142 1.99224e+07 155223 16143992
0.0100471 1.94497e+07 195412 20323960
0.0125831 1.95505e+07 246006 25586256
0.0161869 1.91327e+07 309699 32211160
0.0209022 1.86525e+07 389880 40551336
0.0257724 1.90443e+07 490818 51051072
0.0332944 1.85582e+07 617885 64269472
0.0409634 1.89887e+07 777842 80910408
0.0514166 1.90444e+07 979199 101860064
0.0665557 1.85208e+07 1.23267e+06 128234152
0.082647 1.87753e+07 1.55172e+06 161437192
0.104137 1.87572e+07 1.95331e+06 203237288
0.132085 1.86151e+07 2.45879e+06 255860560
0.162771 1.90143e+07 3.09497e+06 322109288
0.210032 1.85477e+07 3.89561e+06 405511464
0.262639 1.86687e+07 4.90313e+06 510508616
0.330862 1.86508e+07 6.17085e+06 642692200
0.418326 1.85639e+07 7.76575e+06 809101456
0.515548 1.89545e+07 9.77193e+06 1018598328
0.662166 1.85677e+07 1.22949e+07 1282339208
0.83466 1.85308e+07 1.54669e+07 1614369296
1.06897 1.81983e+07 1.94535e+07 2032370464
1.31981 1.85344e+07 2.44618e+07 2558602768
1.62924 1.8874e+07 3.07503e+07 3221089944
2.08163 1.85627e+07 3.86407e+07 4055111912
2.63992 1.83842e+07 4.85327e+07 5105083328
3.38023 1.80227e+07 6.09208e+07 6426919064
4.15165 1.84057e+07 7.6414e+07 8091011624
5.35902 1.78686e+07 9.57584e+07 10185980032
6.62769 1.80849e+07 1.19861e+08 12823389040
