# filename: ./acpphint-HoneyComb-65536MiB-threads_16-LP64-FreeBSD_main_n247756_348c41d1815d_64bit-g++_11_O3lto-libstdc++-DSIZE_ul-ISIZE_ul-using_1_threads-cpus_0.txt
# acpphint_main version: 0.1.24

9.38654e-08 1.06536e+07 1 280
1.32971e-07 1.50409e+07 2 384
1.72346e-07 1.74068e+07 3 488
2.1205e-07 1.88635e+07 4 592
2.54176e-07 1.96714e+07 5 696
2.90036e-07 2.06871e+07 6 800
3.29308e-07 2.12567e+07 7 904
4.08e-07 2.20588e+07 9 1112
4.92563e-07 2.23322e+07 11 1320
6.13417e-07 2.2823e+07 14 1632
7.281e-07 2.33484e+07 17 1944
8.85125e-07 2.37255e+07 21 2360
1.08667e-06 2.39264e+07 26 2880
1.32e-06 2.42424e+07 32 3504
1.64025e-06 2.43865e+07 40 4336
2.02025e-06 2.47494e+07 50 5376
2.5405e-06 2.47983e+07 63 6728
3.1605e-06 2.4996e+07 79 8392
3.9405e-06 2.51237e+07 99 10472
4.921e-06 2.51981e+07 124 13072
6.201e-06 2.51572e+07 156 16400
7.761e-06 2.52545e+07 196 20560
9.761e-06 2.53048e+07 247 25864
1.232e-05 2.52435e+07 311 32520
1.548e-05 2.52584e+07 391 40840
1.9721e-05 2.4948e+07 492 51344
2.532e-05 2.44471e+07 619 64552
3.16e-05 2.46519e+07 779 81192
4.056e-05 2.41617e+07 980 102096
5.2639e-05 2.34427e+07 1234 128512
6.4799e-05 2.39664e+07 1553 161688
8.2198e-05 2.3784e+07 1955 203496
0.000103477 2.3783e+07 2461 256120
0.000131676 2.35274e+07 3098 322368
0.000169515 2.30068e+07 3900 405776
0.000207033 2.3716e+07 4909.99 510816
0.000262311 2.35636e+07 6180.99 643000
0.000332468 2.34037e+07 7780.99 809400
0.000423945 2.31044e+07 9794.98 1018856
0.00054802 2.25009e+07 12331 1282600
0.000668095 2.32361e+07 15523.9 1614672
0.000864208 2.26137e+07 19542.9 2032648
0.00108336 2.27098e+07 24602.9 2558888
0.00137359 2.25488e+07 30972.8 3221368
0.00180285 2.16278e+07 38991.6 4055344
0.00214456 2.28893e+07 49087.4 5105328
0.00272798 2.26531e+07 61797.1 6427168
0.00344527 2.2581e+07 77797.6 8091272
0.00442975 2.21098e+07 97940.8 10186248
0.00588502 2.09514e+07 123299 12823688
0.00721729 2.15072e+07 155223 16143992
0.00909033 2.14967e+07 195412 20323960
0.0116293 2.11539e+07 246006 25586256
0.015071 2.05493e+07 309699 32211160
0.0207779 1.87642e+07 389880 40551336
0.0236653 2.07399e+07 490818 51051072
0.0303704 2.0345e+07 617885 64269472
0.0383659 2.02743e+07 777842 80910408
0.0490828 1.99499e+07 979199 101860064
0.0682448 1.80624e+07 1.23267e+06 128234152
0.0760807 2.03957e+07 1.55172e+06 161437192
0.097662 2.00008e+07 1.95331e+06 203237288
0.120615 2.03854e+07 2.45879e+06 255860560
0.15797 1.95921e+07 3.09497e+06 322109288
0.21679 1.79695e+07 3.89561e+06 405511464
0.239543 2.04687e+07 4.90313e+06 510508616
0.308996 1.99707e+07 6.17085e+06 642692200
0.382006 2.03289e+07 7.76575e+06 809101456
0.488494 2.00042e+07 9.77193e+06 1018598328
0.685361 1.79393e+07 1.22949e+07 1282339208
0.769824 2.00914e+07 1.54669e+07 1614369296
0.977894 1.98933e+07 1.94535e+07 2032370464
1.23123 1.98679e+07 2.44618e+07 2558602768
1.55981 1.97141e+07 3.07503e+07 3221089944
2.168 1.78232e+07 3.86407e+07 4055111912
2.41777 2.00734e+07 4.85327e+07 5105083328
3.09091 1.97096e+07 6.09208e+07 6426919064
3.8948 1.96195e+07 7.6414e+07 8091011624
4.90301 1.95306e+07 9.57584e+07 10185980032
6.79733 1.76335e+07 1.19861e+08 12823389040
