# filename: ./acpphint-HoneyComb-65536MiB-threads_16-LP64-FreeBSD_main_n247756_348c41d1815d_64bit-g++_11_O3lto-libstdc++-DSIZE_ull-ISIZE_ull-using_15_threads-cpus_kp1_1_15.txt
# acpphint_main version: 0.1.24

0.000481742 122472 59 7320
0.000467023 158450 74 8880
0.000469743 189465 89 10440
0.000474943 218974 104 12000
0.000466743 254958 119 13560
0.000473663 314570 149 16680
0.000487862 366907 179 19800
0.000470264 474344 223.067 24480
0.000470383 565261 265.889 29160
0.000473943 688806 326.455 35400
0.000481783 835074 402.324 43200
0.000476143 1.0322e+06 491.474 52560
0.000473863 1.29131e+06 611.906 65040
0.000476263 1.59583e+06 760.033 80640
0.000472383 2.03013e+06 959 100920
0.000478542 2.50553e+06 1199 125880
0.000484582 3.08051e+06 1492.76 157080
0.000490143 3.81371e+06 1869.27 196080
0.000478582 4.8994e+06 2344.76 246000
0.000497822 5.91645e+06 2945.34 308400
0.000488782 7.58505e+06 3707.44 387960
0.000490062 9.49958e+06 4655.38 487800
0.000501381 1.16971e+07 5864.69 612600
0.000500342 1.47267e+07 7368.4 770160
0.000509821 1.81288e+07 9242.45 968280
0.000458264 2.54806e+07 11676.8 1217880
0.000463544 3.16249e+07 14659.5 1531440
0.000473263 3.88795e+07 18400.2 1927680
0.000506661 4.59379e+07 23274.9 2425320
0.00055158 5.29875e+07 29226.8 3052440
0.000583099 6.28801e+07 36665.3 3841800
0.000644737 7.20166e+07 46431.7 4835520
0.000715654 8.14422e+07 58284.5 6086640
0.000775212 9.43115e+07 73111.4 7662240
0.000869848 1.06516e+08 92653.1 9645000
0.000955685 1.21652e+08 116261 12141000
0.0010818 1.34761e+08 145785 15282840
0.00146882 1.25872e+08 184884 19239000
0.00230659 1.00547e+08 231921 24220080
0.00329656 8.82008e+07 290759 30489720
0.00448671 8.22365e+07 368971 38383320
0.00595718 7.76647e+07 462662 48320520
0.00779851 7.43605e+07 579901 60830160
0.0100834 7.29945e+07 736034 76579920
0.0129878 7.10646e+07 922971 96407520
0.0166188 6.95942e+07 1.15657e+06 121369080
0.0211529 6.93845e+07 1.46768e+06 152793720
0.0268675 6.8526e+07 1.84112e+06 192355320
0.0340677 6.77017e+07 2.30644e+06 242159880
0.0431361 6.78359e+07 2.92618e+06 304859400
0.0545427 6.7321e+07 3.67187e+06 383793840
0.0689049 6.67347e+07 4.59835e+06 483167400
0.0870502 6.69978e+07 5.83217e+06 608270040
0.109856 6.66337e+07 7.32009e+06 765766080
0.138578 6.61217e+07 9.16303e+06 964042080
0.174735 6.64809e+07 1.16165e+07 1213656120
0.220292 6.61891e+07 1.45809e+07 1527900960
0.277559 6.57155e+07 1.82399e+07 1923512280
0.349742 6.60693e+07 2.31072e+07 2421557880
0.440497 6.58242e+07 2.89953e+07 3048559320
0.554974 6.52876e+07 3.62329e+07 3837908400
0.698654 6.56163e+07 4.58431e+07 4831639320
0.880013 6.53046e+07 5.74689e+07 6082671960
1.10778 6.47049e+07 7.16786e+07 7657629240
1.39549 6.48353e+07 9.04767e+07 9640383000
1.7565 6.44255e+07 1.13163e+08 12136521840
2.21192 6.359e+07 1.40656e+08 15278974920
2.78421 6.3487e+07 1.76761e+08 19235088120
3.50626 6.27538e+07 2.20031e+08 24215539440
4.41389 6.15657e+07 2.71744e+08 30485556960
5.55814 6.09389e+07 3.38707e+08 38379041520
6.99587 5.9713e+07 4.17745e+08 48316349160
