# filename: ./acpphint-HoneyComb-65536MiB-threads_16-LP64-FreeBSD_main_n247756_348c41d1815d_64bit-g++_11_O3lto-libc++-cpulockdown-DSIZE_ul-ISIZE_ul-using_8_threads-cpus_kx4p2_kx4p3_2_15.txt
# acpphint_main version: 0.1.24

0.000204673 151461 31 3904
0.000196513 198460 39 4736
0.000208433 225492 47 5568
0.000207753 264737 55 6400
0.000215752 292002 63 7232
0.000218032 362332 79 8896
0.000218032 435716 95 10560
0.000204073 580838 118.533 13056
0.000205993 686648 141.445 15552
0.000198073 877088 173.727 18880
0.000205953 1.03987e+06 214.164 23040
0.000198754 1.31686e+06 261.732 28032
0.000211793 1.539e+06 325.949 34688
0.000201714 2.00786e+06 405.014 43008
0.000195674 2.61149e+06 511 53824
0.000199313 3.20601e+06 639 67136
0.000201433 3.95106e+06 795.875 83776
0.000202753 4.91553e+06 996.639 104576
0.000210313 5.94547e+06 1250.41 131200
0.000205353 7.64857e+06 1570.66 164480
0.000207793 9.51539e+06 1977.23 206912
0.000212953 1.16611e+07 2483.26 260160
0.000208113 1.50294e+07 3127.82 326720
0.000206633 1.90203e+07 3930.23 410752
0.000222832 2.21282e+07 4930.87 516416
0.000226432 2.75045e+07 6227.89 649536
0.000231352 3.38005e+07 7819.82 816768
0.000233912 4.19705e+07 9817.41 1028096
0.000250951 4.94675e+07 12413.9 1293504
0.00027439 5.68207e+07 15591 1627968
0.000298869 6.54595e+07 19563.8 2048960
0.000338387 7.31851e+07 24764.9 2578944
0.000387546 8.02292e+07 31092.5 3246208
0.000443943 8.78765e+07 39012.1 4086528
0.000514341 9.60789e+07 49417.3 5144000
0.000586138 1.05815e+08 62022 6475200
0.000684174 1.13704e+08 77793.3 8150848
0.000822289 1.1992e+08 98609.2 10260800
0.00101888 1.21433e+08 123726 12917376
0.00141711 1.09491e+08 155160 16261184
0.00203752 9.6585e+07 196794 20471104
0.00283433 8.70855e+07 246829 25770944
0.00382765 8.08518e+07 309472 32442752
0.00507804 7.73111e+07 392589 40842624
0.00664186 7.41401e+07 492428 51417344
0.00858319 7.19162e+07 617270 64730176
0.0110275 7.09972e+07 782923 81489984
0.014136 6.94948e+07 982382 102589504
0.0180538 6.81926e+07 1.23114e+06 129151936
0.0229346 6.80734e+07 1.56124e+06 162591680
0.0291501 6.72251e+07 1.95962e+06 204690048
0.0368428 6.66388e+07 2.45516e+06 257689280
0.0465977 6.6801e+07 3.11277e+06 324410688
0.0589692 6.62748e+07 3.90817e+06 408408576
0.0743045 6.58755e+07 4.89484e+06 514155776
0.0937263 6.61937e+07 6.20409e+06 647283264
0.118366 6.58201e+07 7.79083e+06 814880512
0.149234 6.53565e+07 9.75343e+06 1025873216
0.188322 6.56148e+07 1.23567e+07 1291497536
0.236835 6.55182e+07 1.5517e+07 1625898304
0.298655 6.50015e+07 1.9413e+07 2046884480
0.376088 6.53471e+07 2.45763e+07 2576874304
0.473437 6.51628e+07 3.08505e+07 3244091712
0.597065 6.4572e+07 3.85537e+07 4084068928
0.749827 6.50054e+07 4.87428e+07 5141537600
0.945276 6.46585e+07 6.11202e+07 6472811648
1.18969 6.4076e+07 7.62307e+07 8148786624
1.50711 6.37904e+07 9.61392e+07 10258713664
1.89135 6.35807e+07 1.20253e+08 12914954368
2.37492 6.2923e+07 1.49437e+08 16258963712
2.99083 6.27212e+07 1.87589e+08 20468822144
3.77537 6.18336e+07 2.33445e+08 25768719552
4.74774 6.06912e+07 2.88146e+08 32440895296
5.98604 5.99063e+07 3.58602e+08 40840666624
7.51857 5.87753e+07 4.41906e+08 51415352512
