# filename: ./acpphint-HoneyComb-65536MiB-threads_16-LP64-Fedora_34_64bit-g++_11_O3lto-libstdc++-DSIZE_ull-ISIZE_ull-using_8_threads.txt
# acpphint_main version: 0.1.24

0.000395666 78348.9 31 3904
0.000399946 97513.2 39 4736
0.000400186 117445 47 5568
0.000399866 137546 55 6400
0.000401946 156737 63 7232
0.000403386 195842 79 8896
0.000402226 236186 95 10560
0.000406706 291447 118.533 13056
0.000404705 349501 141.445 15552
0.000401786 432388 173.727 18880
0.000400946 534147 214.164 23040
0.000402586 650126 261.732 28032
0.000401066 812707 325.949 34688
0.000400465 1.01136e+06 405.014 43008
0.000404586 1.26302e+06 511 53824
0.000403546 1.58346e+06 639 67136
0.000396786 2.0058e+06 795.875 83776
0.000399866 2.49243e+06 996.639 104576
0.000402946 3.10317e+06 1250.41 131200
0.000409906 3.83175e+06 1570.66 164480
0.000411106 4.80954e+06 1977.23 206912
0.000404425 6.14021e+06 2483.26 260160
0.000401865 7.78327e+06 3127.82 326720
0.000413106 9.51384e+06 3930.23 410752
0.000433225 1.13818e+07 4930.87 516416
0.000429864 1.4488e+07 6227.89 649536
0.000453104 1.72583e+07 7819.82 816768
0.000448424 2.18931e+07 9817.41 1028096
0.000460424 2.6962e+07 12413.9 1293504
0.000480983 3.24149e+07 15591 1627968
0.000495222 3.95051e+07 19563.8 2048960
0.000528501 4.68587e+07 24764.9 2578944
0.00055314 5.62109e+07 31092.5 3246208
0.000592138 6.58835e+07 39012.1 4086528
0.000633497 7.80072e+07 49417.3 5144000
0.000711734 8.71421e+07 62022 6475200
0.000802971 9.68818e+07 77793.3 8150848
0.000925246 1.06576e+08 98609.2 10260800
0.00110472 1.11997e+08 123726 12917376
0.00148355 1.04587e+08 155160 16261184
0.00204217 9.63653e+07 196794 20471104
0.00287257 8.59261e+07 246829 25770944
0.0038421 8.05478e+07 309472 32442752
0.00510273 7.6937e+07 392589 40842624
0.00672095 7.32677e+07 492428 51417344
0.00867348 7.11676e+07 617270 64730176
0.0113182 6.9174e+07 782923 81489984
0.0145994 6.72894e+07 982382 102589504
0.0183618 6.70487e+07 1.23114e+06 129151936
0.0234581 6.65543e+07 1.56124e+06 162591680
0.0298799 6.55832e+07 1.95962e+06 204690048
0.0370862 6.62014e+07 2.45516e+06 257689280
0.0467301 6.66117e+07 3.11277e+06 324410688
0.0591879 6.603e+07 3.90817e+06 408408576
0.074811 6.54295e+07 4.89484e+06 514155776
0.0941721 6.58803e+07 6.20409e+06 647283264
0.118867 6.55425e+07 7.79083e+06 814880512
0.149542 6.52219e+07 9.75343e+06 1025873216
0.188691 6.54866e+07 1.23567e+07 1291497536
0.237405 6.5361e+07 1.5517e+07 1625898304
0.298838 6.49616e+07 1.9413e+07 2046884480
0.376536 6.52694e+07 2.45763e+07 2576874304
0.473893 6.51001e+07 3.08505e+07 3244091712
0.59764 6.45098e+07 3.85537e+07 4084068928
0.75229 6.47926e+07 4.87428e+07 5141537600
0.947217 6.45261e+07 6.11202e+07 6472811648
1.1919 6.39574e+07 7.62307e+07 8148786624
1.50008 6.40895e+07 9.61392e+07 10258713664
1.88991 6.3629e+07 1.20253e+08 12914954368
2.38021 6.2783e+07 1.49437e+08 16258963712
2.99534 6.26269e+07 1.87589e+08 20468822144
3.77123 6.19014e+07 2.33445e+08 25768719552
4.74723 6.06978e+07 2.88146e+08 32440895296
5.97916 5.99752e+07 3.58602e+08 40840666624
7.52773 5.87037e+07 4.41906e+08 51415352512
