# filename: ./acpphint-HoneyComb-65536MiB-threads_16-LP64-FreeBSD_main_n247756_348c41d1815d_64bit-g++_11_O3lto-libc++-DSIZE_ul-ISIZE_ul-using_1_threads-cpus_1.txt
# acpphint_main version: 0.1.24

9.23269e-08 1.08311e+07 1 280
1.31794e-07 1.51752e+07 2 384
1.70808e-07 1.75636e+07 3 488
2.1005e-07 1.90431e+07 4 592
2.51824e-07 1.98552e+07 5 696
2.88607e-07 2.07895e+07 6 800
3.29308e-07 2.12567e+07 7 904
4.0605e-07 2.21648e+07 9 1112
4.90062e-07 2.24461e+07 11 1320
6.10083e-07 2.29477e+07 14 1632
7.281e-07 2.33484e+07 17 1944
8.85125e-07 2.37255e+07 21 2360
1.08017e-06 2.40704e+07 26 2880
1.3135e-06 2.43624e+07 32 3504
1.63025e-06 2.45361e+07 40 4336
2.02025e-06 2.47494e+07 50 5376
2.5405e-06 2.47983e+07 63 6728
3.1605e-06 2.4996e+07 79 8392
3.9405e-06 2.51237e+07 99 10472
4.961e-06 2.4995e+07 124 13072
6.201e-06 2.51572e+07 156 16400
7.761e-06 2.52545e+07 196 20560
9.761e-06 2.53048e+07 247 25864
1.2361e-05 2.51598e+07 311 32520
1.5361e-05 2.54541e+07 391 40840
1.968e-05 2.5e+07 492 51344
2.52e-05 2.45635e+07 619 64552
3.18e-05 2.44969e+07 779 81192
3.9999e-05 2.45006e+07 980 102096
5.1479e-05 2.39709e+07 1234 128512
6.5878e-05 2.35739e+07 1553 161688
8.2678e-05 2.36459e+07 1955 203496
0.000103717 2.3728e+07 2461 256120
0.000130756 2.3693e+07 3098 322368
0.000164875 2.36543e+07 3900 405776
0.000210272 2.33507e+07 4909.99 510816
0.000259711 2.37995e+07 6180.99 643000
0.000331828 2.34489e+07 7780.99 809400
0.000418105 2.34271e+07 9794.98 1018856
0.000528901 2.33143e+07 12331 1282600
0.000679655 2.28409e+07 15523.9 1614672
0.000848888 2.30218e+07 19542.9 2032648
0.00107752 2.28329e+07 24602.9 2558888
0.00138319 2.23923e+07 30972.8 3221368
0.00171082 2.27913e+07 38991.6 4055344
0.00219568 2.23564e+07 49087.4 5105328
0.0027079 2.28211e+07 61797.1 6427168
0.00343699 2.26354e+07 77797.6 8091272
0.00442343 2.21414e+07 97940.8 10186248
0.00560987 2.1979e+07 123299 12823688
0.00726872 2.1355e+07 155223 16143992
0.00908897 2.14999e+07 195412 20323960
0.011659 2.11e+07 246006 25586256
0.014743 2.10064e+07 309699 32211160
0.0184633 2.11164e+07 389880 40551336
0.0235994 2.07979e+07 490818 51051072
0.0296203 2.08602e+07 617885 64269472
0.0384525 2.02287e+07 777842 80910408
0.0486077 2.01449e+07 979199 101860064
0.0594948 2.07189e+07 1.23267e+06 128234152
0.0752918 2.06094e+07 1.55172e+06 161437192
0.095542 2.04446e+07 1.95331e+06 203237288
0.119879 2.05105e+07 2.45879e+06 255860560
0.154076 2.00874e+07 3.09497e+06 322109288
0.191873 2.03031e+07 3.89561e+06 405511464
0.244236 2.00754e+07 4.90313e+06 510508616
0.298029 2.07056e+07 6.17085e+06 642692200
0.38763 2.00339e+07 7.76575e+06 809101456
0.514255 1.90021e+07 9.77193e+06 1018598328
0.603227 2.03819e+07 1.22949e+07 1282339208
0.754807 2.04912e+07 1.54669e+07 1614369296
0.956897 2.03298e+07 1.94535e+07 2032370464
1.22865 1.99096e+07 2.44618e+07 2558602768
1.52341 2.01852e+07 3.07503e+07 3221089944
1.92872 2.00343e+07 3.86407e+07 4055111912
2.38011 2.0391e+07 4.85327e+07 5105083328
2.99662 2.03298e+07 6.09208e+07 6426919064
3.78238 2.02026e+07 7.6414e+07 8091011624
5.10509 1.87574e+07 9.57584e+07 10185980032
6.11991 1.95854e+07 1.19861e+08 12823389040
