# filename: ./acpphint-HoneyComb-65536MiB-threads_16-LP64-FreeBSD_main_n247756_348c41d1815d_64bit-clang++_12_O3lto-libc++-cpulockdown-DSIZE_ull-ISIZE_ull-using_15_threads-cpus_kp1_1_15.txt
# acpphint_main version: 0.1.24

0.000403946 146059 59 7320
0.000404305 183030 74 8880
0.000372307 239050 89 10440
0.000392906 264694 104 12000
0.000405226 293663 119 13560
0.000379947 392160 149 16680
0.000371387 481977 179 19800
0.000416945 535003 223.067 24480
0.000390746 680465 265.889 29160
0.000387586 842277 326.455 35400
0.000400346 1.00494e+06 402.324 43200
0.000386346 1.27211e+06 491.474 52560
0.000393906 1.55343e+06 611.906 65040
0.000417425 1.82076e+06 760.033 80640
0.000413306 2.32031e+06 959 100920
0.000380427 3.15172e+06 1199 125880
0.000395906 3.7705e+06 1492.76 157080
0.000408586 4.57496e+06 1869.27 196080
0.000386626 6.06468e+06 2344.76 246000
0.000391747 7.51847e+06 2945.34 308400
0.000369347 1.00378e+07 3707.44 387960
0.000382667 1.21656e+07 4655.38 487800
0.000378787 1.54828e+07 5864.69 612600
0.000396906 1.85646e+07 7368.4 770160
0.000417385 2.21437e+07 9242.45 968280
0.000405025 2.88299e+07 11676.8 1217880
0.000416106 3.52303e+07 14659.5 1531440
0.000435544 4.22465e+07 18400.2 1927680
0.000457624 5.08604e+07 23274.9 2425320
0.000470023 6.21817e+07 29226.8 3052440
0.000495862 7.39426e+07 36665.3 3841800
0.000537461 8.63909e+07 46431.7 4835520
0.000607538 9.59355e+07 58284.5 6086640
0.000688255 1.06227e+08 73111.4 7662240
0.000776852 1.19267e+08 92653.1 9645000
0.000866047 1.34244e+08 116261 12141000
0.00100912 1.44467e+08 145785 15282840
0.00146918 1.25841e+08 184884 19239000
0.00227215 1.02071e+08 231921 24220080
0.00327084 8.88944e+07 290759 30489720
0.00445943 8.27396e+07 368971 38383320
0.00594329 7.78461e+07 462662 48320520
0.00780046 7.43418e+07 579901 60830160
0.0100763 7.30458e+07 736034 76579920
0.0129404 7.13246e+07 922971 96407520
0.0165569 6.98546e+07 1.15657e+06 121369080
0.0211236 6.94807e+07 1.46768e+06 152793720
0.0268345 6.86102e+07 1.84112e+06 192355320
0.0340155 6.78055e+07 2.30644e+06 242159880
0.0430824 6.79205e+07 2.92618e+06 304859400
0.0545074 6.73646e+07 3.67187e+06 383793840
0.0688984 6.6741e+07 4.59835e+06 483167400
0.0870087 6.70298e+07 5.83217e+06 608270040
0.109794 6.66709e+07 7.32009e+06 765766080
0.138575 6.61233e+07 9.16303e+06 964042080
0.174684 6.65004e+07 1.16165e+07 1213656120
0.220282 6.61919e+07 1.45809e+07 1527900960
0.27751 6.5727e+07 1.82399e+07 1923512280
0.349727 6.60721e+07 2.31072e+07 2421557880
0.44049 6.58252e+07 2.89953e+07 3048559320
0.554795 6.53086e+07 3.62329e+07 3837908400
0.69854 6.5627e+07 4.58431e+07 4831639320
0.880405 6.52755e+07 5.74689e+07 6082671960
1.10808 6.46871e+07 7.16786e+07 7657629240
1.39668 6.47798e+07 9.04767e+07 9640383000
1.75579 6.44515e+07 1.13163e+08 12136521840
2.21087 6.36204e+07 1.40656e+08 15278974920
2.78678 6.34284e+07 1.76761e+08 19235088120
3.50523 6.27723e+07 2.20031e+08 24215539440
4.41404 6.15636e+07 2.71744e+08 30485556960
5.5594 6.09251e+07 3.38707e+08 38379041520
6.99235 5.97432e+07 4.17745e+08 48316349160
