# filename: ./acpphint-HoneyComb-65536MiB-threads_16-LP64-FreeBSD_main_n247756_348c41d1815d_64bit-g++_11_O3lto-libstdc++-cpulockdown-DSIZE_ul-ISIZE_ul-using_4_threads-cpus_2_3_8_9.txt
# acpphint_main version: 0.1.24

0.000142155 105519 15 1952
0.000146916 129326 19 2368
0.000144596 159064 23 2784
0.000140355 192369 27 3200
0.000152515 203259 31 3616
0.000148076 263378 39 4448
0.000146275 321313 47 5280
0.000147636 398277 58.8001 6528
0.000143716 489395 70.3339 7776
0.000144155 599735 86.4548 9440
0.000147995 720590 106.644 11520
0.000148116 880738 130.451 14016
0.000142476 1.14087e+06 162.546 17344
0.000145556 1.38879e+06 202.147 21504
0.000153235 1.66411e+06 255 26912
0.000142836 2.23333e+06 319 33568
0.000147756 2.69129e+06 397.655 41888
0.000150035 3.31918e+06 497.994 52288
0.000150355 4.15721e+06 625.057 65600
0.000153676 5.10898e+06 785.128 82240
0.000158595 6.2331e+06 988.539 103456
0.000156395 7.9416e+06 1242.03 130080
0.000158395 9.87344e+06 1563.9 163360
0.000169034 1.16281e+07 1965.55 205376
0.000169515 1.45537e+07 2467.07 258208
0.000172675 1.80351e+07 3114.2 324768
0.000187914 2.08148e+07 3911.39 408384
0.000196554 2.4995e+07 4912.88 514048
0.000216473 2.86763e+07 6207.63 646752
0.000231872 3.36353e+07 7799.08 813984
0.000252951 3.87084e+07 9791.33 1024480
0.000283351 4.37046e+07 12383.7 1289472
0.000324109 4.79903e+07 15554.1 1623104
0.000374987 5.20721e+07 19526.4 2043264
0.000431105 5.73198e+07 24710.8 2572000
0.000511222 6.06928e+07 31027.5 3237600
0.000597538 6.51666e+07 38939.5 4075424
0.000714174 6.90415e+07 49307.6 5130400
0.000855569 7.23461e+07 61897.1 6458688
0.0010392 7.47398e+07 77669.8 8130592
0.00129955 7.57188e+07 98400.6 10235552
0.0016429 7.51633e+07 123486 12885472
0.00218956 7.07561e+07 154925 16221376
0.00289113 6.79005e+07 196309 20421312
0.00383662 6.4214e+07 246365 25708672
0.00502441 6.15064e+07 309034 32365088
0.00654944 5.97813e+07 391534 40744992
0.00844353 5.82128e+07 491521 51294752
0.0108768 5.66735e+07 616428 64575968
0.0138486 5.63867e+07 780880 81295840
0.0177556 5.52267e+07 980581 102345024
0.0223729 5.49553e+07 1.22951e+06 128844640
0.0285151 5.46125e+07 1.55728e+06 162205344
0.0359603 5.43951e+07 1.95606e+06 204204288
0.0455626 5.38169e+07 2.45204e+06 257077888
0.0571664 5.4317e+07 3.10511e+06 323641632
0.0726187 5.37206e+07 3.90112e+06 407440256
0.091032 5.37043e+07 4.88881e+06 512936608
0.115554 5.35614e+07 6.18922e+06 645748768
0.144737 5.37308e+07 7.77683e+06 812949152
0.183384 5.31225e+07 9.7418e+06 1023442240
0.229755 5.36569e+07 1.23279e+07 1288437152
0.290688 5.32849e+07 1.54893e+07 1622045856
0.36418 5.32446e+07 1.93906e+07 2042034464
0.461023 5.31875e+07 2.45206e+07 2570768800
0.577811 5.3297e+07 3.07956e+07 3236405824
0.731083 5.26761e+07 3.85106e+07 4074393312
0.915675 5.31148e+07 4.86359e+07 5129356832
1.15798 5.26887e+07 6.10123e+07 6457477184
1.45271 5.24186e+07 7.61488e+07 8129481856
1.83935 5.21575e+07 9.59359e+07 10234411072
2.30181 5.2152e+07 1.20044e+08 12884359776
2.91352 5.12381e+07 1.49284e+08 16220447648
3.64768 5.13231e+07 1.8721e+08 20420333312
4.61355 5.05141e+07 2.33049e+08 25707676256
5.7818 4.97887e+07 2.87868e+08 32364046496
7.32413 4.88694e+07 3.57926e+08 40743920128
