# filename: ./acpphint-HoneyComb-65536MiB-threads_16-LP64-FreeBSD_main_n247756_348c41d1815d_64bit-clang++_12_O3lto-libc++-DSIZE_ull-ISIZE_ull-using_4_threads-cpus_kx8p1_kx8p3_1_3_9_11.txt
# acpphint_main version: 0.1.24

0.000109356 137167 15 1952
0.000107037 177509 19 2368
0.000102717 223916 23 2784
0.000106516 253483 27 3200
0.000102197 303336 31 3616
0.000105357 370170 39 4448
0.000106557 441078 47 5280
0.000102077 576036 58.8001 6528
0.000115037 611402 70.3339 7776
0.000109357 790574 86.4548 9440
0.000105157 1.01414e+06 106.644 11520
0.000101557 1.28451e+06 130.451 14016
0.000111877 1.4529e+06 162.546 17344
0.000108117 1.86971e+06 202.147 21504
0.000109197 2.33523e+06 255 26912
0.000108517 2.93963e+06 319 33568
0.000112197 3.54425e+06 397.655 41888
0.000110636 4.50119e+06 497.994 52288
0.000112396 5.56121e+06 625.057 65600
0.000112996 6.94828e+06 785.128 82240
0.000113557 8.70522e+06 988.539 103456
0.000121197 1.0248e+07 1242.03 130080
0.000119317 1.31071e+07 1563.9 163360
0.000111516 1.76257e+07 1965.55 205376
0.000120797 2.04233e+07 2467.07 258208
0.000127516 2.44221e+07 3114.2 324768
0.000141115 2.77177e+07 3911.39 408384
0.000162994 3.01415e+07 4912.88 514048
0.000170794 3.63457e+07 6207.63 646752
0.000197433 3.95024e+07 7799.08 813984
0.000222513 4.40034e+07 9791.33 1024480
0.000259032 4.78078e+07 12383.7 1289472
0.00029347 5.30006e+07 15554.1 1623104
0.000344428 5.66921e+07 19526.4 2043264
0.000411586 6.00381e+07 24710.8 2572000
0.000513782 6.03904e+07 31027.5 3237600
0.000614257 6.33929e+07 38939.5 4075424
0.000753372 6.54492e+07 49307.6 5130400
0.000920726 6.72264e+07 61897.1 6458688
0.00111268 6.98044e+07 77669.8 8130592
0.00138607 7.09926e+07 98400.6 10235552
0.00171202 7.21289e+07 123486 12885472
0.00217152 7.13439e+07 154925 16221376
0.00275598 7.12305e+07 196309 20421312
0.00358338 6.87519e+07 246365 25708672
0.00464902 6.64728e+07 309034 32365088
0.00594665 6.58411e+07 391534 40744992
0.00767499 6.40419e+07 491521 51294752
0.00980711 6.28552e+07 616428 64575968
0.0124862 6.25392e+07 780880 81295840
0.0158904 6.17091e+07 980581 102345024
0.0199214 6.17181e+07 1.22951e+06 128844640
0.0253099 6.15284e+07 1.55728e+06 162205344
0.0320238 6.10816e+07 1.95606e+06 204204288
0.0402369 6.094e+07 2.45204e+06 257077888
0.0505683 6.14042e+07 3.10511e+06 323641632
0.0641642 6.07989e+07 3.90112e+06 407440256
0.0804248 6.07874e+07 4.88881e+06 512936608
0.100912 6.13326e+07 6.18922e+06 645748768
0.126997 6.12363e+07 7.77683e+06 812949152
0.159719 6.09932e+07 9.7418e+06 1023442240
0.201228 6.12635e+07 1.23279e+07 1288437152
0.253894 6.10067e+07 1.54893e+07 1622045856
0.317006 6.11679e+07 1.93906e+07 2042034464
0.403105 6.08294e+07 2.45206e+07 2570768800
0.503685 6.11406e+07 3.07956e+07 3236405824
0.631951 6.09393e+07 3.85106e+07 4074393312
0.79574 6.11204e+07 4.86359e+07 5129356832
1.0054 6.06849e+07 6.10123e+07 6457477184
1.26816 6.00469e+07 7.61488e+07 8129481856
1.58923 6.03661e+07 9.59359e+07 10234411072
1.99281 6.02386e+07 1.20044e+08 12884359776
2.519 5.92631e+07 1.49284e+08 16220447648
3.15417 5.93534e+07 1.8721e+08 20420333312
4.00637 5.81697e+07 2.33049e+08 25707676256
5.00641 5.74999e+07 2.87868e+08 32364046496
6.3389 5.64649e+07 3.57926e+08 40743920128
