# filename: ./acpphint-HoneyComb-65536MiB-threads_16-LP64-FreeBSD_main_n247756_348c41d1815d_64bit-g++_11_O3lto-libstdc++-cpulockdown-DSIZE_ul-ISIZE_ul-using_4_threads-cpus_kx8p1_kx8p3_1_3_9_11.txt
# acpphint_main version: 0.1.24

0.000160315 93565.8 15 1952
0.000162355 117028 19 2368
0.000163235 140901 23 2784
0.000161595 167084 27 3200
0.000156515 198064 31 3616
0.000161835 240986 39 4448
0.000163435 287576 47 5280
0.000158395 371224 58.8001 6528
0.000157115 447658 70.3339 7776
0.000157915 547477 86.4548 9440
0.000162635 655724 106.644 11520
0.000160235 814125 130.451 14016
0.000166514 976171 162.546 17344
0.000157035 1.28727e+06 202.147 21504
0.000161995 1.57412e+06 255 26912
0.000161435 1.97603e+06 319 33568
0.000163555 2.43132e+06 397.655 41888
0.000167354 2.97569e+06 497.994 52288
0.000169395 3.68994e+06 625.057 65600
0.000168475 4.6602e+06 785.128 82240
0.000170675 5.79194e+06 988.539 103456
0.000171275 7.25165e+06 1242.03 130080
0.000174914 8.94099e+06 1563.9 163360
0.000179714 1.09371e+07 1965.55 205376
0.000189154 1.30427e+07 2467.07 258208
0.000192074 1.62136e+07 3114.2 324768
0.000197554 1.97991e+07 3911.39 408384
0.000215073 2.28428e+07 4912.88 514048
0.000225352 2.75464e+07 6207.63 646752
0.000240112 3.2481e+07 7799.08 813984
0.000268231 3.65033e+07 9791.33 1024480
0.00029319 4.22379e+07 12383.7 1289472
0.000323589 4.80674e+07 15554.1 1623104
0.000368707 5.2959e+07 19526.4 2043264
0.000428064 5.7727e+07 24710.8 2572000
0.000504382 6.15158e+07 31027.5 3237600
0.000610698 6.37623e+07 38939.5 4075424
0.000731854 6.73736e+07 49307.6 5130400
0.000867529 7.13487e+07 61897.1 6458688
0.00105012 7.39626e+07 77669.8 8130592
0.00128427 7.66197e+07 98400.6 10235552
0.00159506 7.74175e+07 123486 12885472
0.00202424 7.65345e+07 154925 16221376
0.00260322 7.54101e+07 196309 20421312
0.00336732 7.31635e+07 246365 25708672
0.00437112 7.0699e+07 309034 32365088
0.00562071 6.96592e+07 391534 40744992
0.00726721 6.76354e+07 491521 51294752
0.00931969 6.61425e+07 616428 64575968
0.0118422 6.59404e+07 780880 81295840
0.0150427 6.51866e+07 980581 102345024
0.0190387 6.45794e+07 1.22951e+06 128844640
0.0242373 6.42513e+07 1.55728e+06 162205344
0.0303552 6.44393e+07 1.95606e+06 204204288
0.0389295 6.29867e+07 2.45204e+06 257077888
0.0484063 6.41467e+07 3.10511e+06 323641632
0.0616315 6.32975e+07 3.90112e+06 407440256
0.0769453 6.35362e+07 4.88881e+06 512936608
0.0983421 6.29356e+07 6.18922e+06 645748768
0.122112 6.3686e+07 7.77683e+06 812949152
0.15539 6.26925e+07 9.7418e+06 1023442240
0.193277 6.37838e+07 1.23279e+07 1288437152
0.245747 6.30293e+07 1.54893e+07 1622045856
0.306354 6.32948e+07 1.93906e+07 2042034464
0.391445 6.26413e+07 2.45206e+07 2570768800
0.48616 6.33446e+07 3.07956e+07 3236405824
0.617848 6.23303e+07 3.85106e+07 4074393312
0.767277 6.33876e+07 4.86359e+07 5129356832
0.977355 6.2426e+07 6.10123e+07 6457477184
1.21637 6.26031e+07 7.61488e+07 8129481856
1.55009 6.18905e+07 9.59359e+07 10234411072
1.93641 6.1993e+07 1.20044e+08 12884359776
2.45747 6.0747e+07 1.49284e+08 16220447648
3.05118 6.13567e+07 1.8721e+08 20420333312
3.89352 5.98557e+07 2.33049e+08 25707676256
4.86167 5.92117e+07 2.87868e+08 32364046496
6.19376 5.77881e+07 3.57926e+08 40743920128
