# filename: ./acpphint-HoneyComb-65536MiB-threads_16-LP64-FreeBSD_main_n247756_348c41d1815d_64bit-g++_11_O3lto-libc++-cpulockdown-DSIZE_ull-ISIZE_ull-using_1_threads-cpus_0.txt
# acpphint_main version: 0.1.24

9.23269e-08 1.08311e+07 1 280
1.31794e-07 1.51752e+07 2 384
1.70808e-07 1.75636e+07 3 488
2.1005e-07 1.90431e+07 4 592
2.49471e-07 2.00424e+07 5 696
2.88607e-07 2.07895e+07 6 800
3.29308e-07 2.12567e+07 7 904
4.0605e-07 2.21648e+07 9 1112
4.925e-07 2.2335e+07 11 1320
6.10083e-07 2.29477e+07 14 1632
7.281e-07 2.33484e+07 17 1944
8.85125e-07 2.37255e+07 21 2360
1.08017e-06 2.40704e+07 26 2880
1.3135e-06 2.43624e+07 32 3504
1.63025e-06 2.45361e+07 40 4336
2.02025e-06 2.47494e+07 50 5376
2.5405e-06 2.47983e+07 63 6728
3.1605e-06 2.4996e+07 79 8392
3.9405e-06 2.51237e+07 99 10472
4.96e-06 2.5e+07 124 13072
6.2e-06 2.51613e+07 156 16400
7.761e-06 2.52545e+07 196 20560
9.761e-06 2.53048e+07 247 25864
1.236e-05 2.51618e+07 311 32520
1.568e-05 2.49362e+07 391 40840
1.948e-05 2.52567e+07 492 51344
2.52e-05 2.45635e+07 619 64552
3.172e-05 2.45586e+07 779 81192
4.0719e-05 2.40674e+07 980 102096
5.1799e-05 2.38228e+07 1234 128512
6.4719e-05 2.3996e+07 1553 161688
8.1718e-05 2.39237e+07 1955 203496
0.000103637 2.37463e+07 2461 256120
0.000130356 2.37657e+07 3098 322368
0.000167235 2.33205e+07 3900 405776
0.000209633 2.34219e+07 4909.99 510816
0.000262271 2.35672e+07 6180.99 643000
0.000330109 2.3571e+07 7780.99 809400
0.000418744 2.33913e+07 9794.98 1018856
0.00053214 2.31724e+07 12331 1282600
0.000673655 2.30444e+07 15523.9 1614672
0.000857928 2.27792e+07 19542.9 2032648
0.00108132 2.27526e+07 24602.9 2558888
0.00136471 2.26955e+07 30972.8 3221368
0.00172233 2.26388e+07 38991.6 4055344
0.0021682 2.26398e+07 49087.4 5105328
0.00279649 2.20981e+07 61797.1 6427168
0.00348167 2.23449e+07 77797.6 8091272
0.00436759 2.24244e+07 97940.8 10186248
0.00562766 2.19095e+07 123299 12823688
0.00705477 2.20026e+07 155223 16143992
0.00937348 2.08473e+07 195412 20323960
0.0116683 2.10833e+07 246006 25586256
0.0145328 2.13103e+07 309699 32211160
0.0187288 2.08171e+07 389880 40551336
0.0233492 2.10208e+07 490818 51051072
0.0301193 2.05146e+07 617885 64269472
0.0381593 2.03841e+07 777842 80910408
0.0466198 2.10039e+07 979199 101860064
0.060396 2.04097e+07 1.23267e+06 128234152
0.0743775 2.08627e+07 1.55172e+06 161437192
0.0968095 2.01769e+07 1.95331e+06 203237288
0.121465 2.02428e+07 2.45879e+06 255860560
0.149422 2.0713e+07 3.09497e+06 322109288
0.191691 2.03223e+07 3.89561e+06 405511464
0.239155 2.05019e+07 4.90313e+06 510508616
0.310318 1.98856e+07 6.17085e+06 642692200
0.387679 2.00314e+07 7.76575e+06 809101456
0.471846 2.071e+07 9.77193e+06 1018598328
0.602323 2.04125e+07 1.22949e+07 1282339208
0.77652 1.99182e+07 1.54669e+07 1614369296
0.963287 2.01949e+07 1.94535e+07 2032370464
1.26277 1.93716e+07 2.44618e+07 2558602768
1.49721 2.05383e+07 3.07503e+07 3221089944
1.90778 2.02543e+07 3.86407e+07 4055111912
2.39457 2.02678e+07 4.85327e+07 5105083328
3.01544 2.0203e+07 6.09208e+07 6426919064
3.83769 1.99115e+07 7.6414e+07 8091011624
4.83074 1.98227e+07 9.57584e+07 10185980032
6.33335 1.89253e+07 1.19861e+08 12823389040
