# filename: ./acpphint-HoneyComb-65536MiB-threads_16-LP64-FreeBSD_main_n247756_348c41d1815d_64bit-g++_11_O3lto-libc++-DSIZE_ull-ISIZE_ull-using_2_threads-cpus_2_10.txt
# acpphint_main version: 0.1.24

6.1559e-05 113712 7 976
6.3118e-05 142590 9 1184
6.4559e-05 170387 11 1392
6.4158e-05 202625 13 1600
5.8439e-05 256678 15 1808
6.6838e-05 284269 19 2224
6.3399e-05 362782 23 2640
5.9158e-05 489087 28.9334 3264
6.2239e-05 558789 34.7785 3888
6.0398e-05 708940 42.8186 4720
6.2198e-05 850229 52.8825 5760
5.8279e-05 1.11213e+06 64.8139 7008
5.8439e-05 1.38343e+06 80.8465 8672
6.6038e-05 1.5251e+06 100.715 10752
6.8119e-05 1.86438e+06 127 13456
5.7759e-05 2.75282e+06 159 16784
6.1439e-05 3.23163e+06 198.548 20944
6.5679e-05 3.78612e+06 248.668 26144
6.7559e-05 4.62365e+06 312.369 32800
6.2359e-05 6.29209e+06 392.369 41120
6.9078e-05 7.15405e+06 494.187 51728
7.1918e-05 8.64014e+06 621.382 65040
7.6039e-05 1.02836e+07 781.955 81680
7.9798e-05 1.23211e+07 983.196 102688
8.3197e-05 1.48456e+07 1235.11 129104
8.7517e-05 1.77952e+07 1557.38 162384
0.000104997 1.86401e+07 1957.15 204192
0.000116836 2.10592e+07 2460.47 257024
0.000127876 2.42775e+07 3104.51 323376
0.000146716 2.66029e+07 3903.07 406992
0.000173634 2.8248e+07 4904.82 512240
0.000194314 3.18721e+07 6193.19 644736
0.000226672 3.43438e+07 7784.78 811552
0.000274431 3.56478e+07 9782.87 1021632
0.000342548 3.60753e+07 12357.5 1286000
0.000419065 3.70586e+07 15530 1618800
0.000514421 3.79288e+07 19511.4 2037712
0.000632617 3.89754e+07 24656.5 2565200
0.000785771 3.94288e+07 30982 3229344
0.000973604 3.99769e+07 38921.7 4065296
0.00120048 4.09857e+07 49202.3 5117776
0.00150482 4.10754e+07 61811.3 6442736
0.00189385 4.09973e+07 77642.6 8110688
0.00235247 4.17276e+07 98162.9 10210656
0.00295389 4.1749e+07 123322 12854336
0.00378042 4.09719e+07 154891 16182544
0.00477666 4.09934e+07 195811 20372496
0.00609969 4.03378e+07 246048 25647376
0.00774363 3.99028e+07 308992 32287984
0.00981967 3.97764e+07 390591 40647920
0.0125512 3.91111e+07 490894 51172512
0.0159024 3.87609e+07 616392 64422320
0.0201149 3.87324e+07 779097 81102672
0.0257917 3.79714e+07 979346 102102144
0.0319774 3.845e+07 1.22953e+06 128538944
0.0413291 3.75984e+07 1.55391e+06 161820816
0.0502842 3.88514e+07 1.95361e+06 203720128
0.0652464 3.75844e+07 2.45225e+06 256468304
0.0787489 3.93497e+07 3.09874e+06 322874384
0.0995826 3.91257e+07 3.89624e+06 406474576
0.124948 3.91327e+07 4.88954e+06 511721120
0.156438 3.94867e+07 6.17721e+06 644218576
0.196833 3.94605e+07 7.76712e+06 811022928
0.257791 3.77975e+07 9.74384e+06 1021017232
0.312691 3.9353e+07 1.23053e+07 1285384400
0.396678 3.89986e+07 1.54699e+07 1618202912
0.519021 3.737e+07 1.93958e+07 2037196656
0.62241 3.93282e+07 2.44783e+07 2564678416
0.794767 3.86994e+07 3.0757e+07 3228738592
1.02686 3.75152e+07 3.85229e+07 4064740928
1.24238 3.9084e+07 4.85571e+07 5117205536
1.58001 3.85667e+07 6.09359e+07 6442179888
2.04232 3.7299e+07 7.61765e+07 8110223824
2.60589 3.67593e+07 9.57909e+07 10210166656
3.15724 3.79744e+07 1.19894e+08 12853838128
3.945 3.78564e+07 1.49344e+08 16182023248
4.986 3.74949e+07 1.8695e+08 20371960064
6.27647 3.70851e+07 2.32763e+08 25646778080
