# filename: ./acpphint-HoneyComb-65536MiB-threads_16-LP64-FreeBSD_main_n247756_348c41d1815d_64bit-g++_11_O3lto-libc++-DSIZE_ul-ISIZE_ul-using_1_threads-cpus_0.txt
# acpphint_main version: 0.1.24

9.23269e-08 1.08311e+07 1 280
1.31794e-07 1.51752e+07 2 384
1.70808e-07 1.75636e+07 3 488
2.1005e-07 1.90431e+07 4 592
2.49471e-07 2.00424e+07 5 696
2.88607e-07 2.07895e+07 6 800
3.29308e-07 2.12567e+07 7 904
4.0605e-07 2.21648e+07 9 1112
4.90062e-07 2.24461e+07 11 1320
6.10083e-07 2.29477e+07 14 1632
7.281e-07 2.33484e+07 17 1944
8.85125e-07 2.37255e+07 21 2360
1.08017e-06 2.40704e+07 26 2880
1.3135e-06 2.43624e+07 32 3504
1.63025e-06 2.45361e+07 40 4336
2.03e-06 2.46305e+07 50 5376
2.54e-06 2.48031e+07 63 6728
3.1605e-06 2.4996e+07 79 8392
3.9405e-06 2.51237e+07 99 10472
4.961e-06 2.4995e+07 124 13072
6.201e-06 2.51572e+07 156 16400
7.76e-06 2.52577e+07 196 20560
9.76e-06 2.53074e+07 247 25864
1.24e-05 2.50806e+07 311 32520
1.536e-05 2.54557e+07 391 40840
1.956e-05 2.51534e+07 492 51344
2.528e-05 2.44858e+07 619 64552
3.18e-05 2.44969e+07 779 81192
4.032e-05 2.43056e+07 980 102096
5.1479e-05 2.39709e+07 1234 128512
6.5119e-05 2.38486e+07 1553 161688
8.2398e-05 2.37263e+07 1955 203496
0.000103477 2.3783e+07 2461 256120
0.000130636 2.37147e+07 3098 322368
0.000166635 2.34044e+07 3900 405776
0.000211553 2.32093e+07 4909.99 510816
0.000260151 2.37592e+07 6180.99 643000
0.000330509 2.35424e+07 7780.99 809400
0.000419225 2.33645e+07 9794.98 1018856
0.000527501 2.33762e+07 12331 1282600
0.000680095 2.28261e+07 15523.9 1614672
0.000850449 2.29795e+07 19542.9 2032648
0.00107552 2.28753e+07 24602.9 2558888
0.00136347 2.27162e+07 30972.8 3221368
0.00170858 2.28211e+07 38991.6 4055344
0.00217536 2.25652e+07 49087.4 5105328
0.00273106 2.26275e+07 61797.1 6427168
0.00346291 2.2466e+07 77797.6 8091272
0.00437543 2.23842e+07 97940.8 10186248
0.00566378 2.17698e+07 123299 12823688
0.00715721 2.16877e+07 155223 16143992
0.00914921 2.13584e+07 195412 20323960
0.0115146 2.13647e+07 246006 25586256
0.0150062 2.06381e+07 309699 32211160
0.0186281 2.09297e+07 389880 40551336
0.0235681 2.08255e+07 490818 51051072
0.0298803 2.06787e+07 617885 64269472
0.0379415 2.05011e+07 777842 80910408
0.0473485 2.06807e+07 979199 101860064
0.0601633 2.04887e+07 1.23267e+06 128234152
0.0772873 2.00773e+07 1.55172e+06 161437192
0.0982941 1.98722e+07 1.95331e+06 203237288
0.122094 2.01385e+07 2.45879e+06 255860560
0.150316 2.05898e+07 3.09497e+06 322109288
0.198806 1.95951e+07 3.89561e+06 405511464
0.237762 2.0622e+07 4.90313e+06 510508616
0.298311 2.0686e+07 6.17085e+06 642692200
0.376222 2.06414e+07 7.76575e+06 809101456
0.491346 1.98881e+07 9.77193e+06 1018598328
0.60909 2.01857e+07 1.22949e+07 1282339208
0.754329 2.05042e+07 1.54669e+07 1614369296
0.984809 1.97536e+07 1.94535e+07 2032370464
1.20521 2.02967e+07 2.44618e+07 2558602768
1.52607 2.015e+07 3.07503e+07 3221089944
1.91309 2.01981e+07 3.86407e+07 4055111912
2.37958 2.03954e+07 4.85327e+07 5105083328
3.01763 2.01883e+07 6.09208e+07 6426919064
3.78094 2.02103e+07 7.6414e+07 8091011624
4.88848 1.95886e+07 9.57584e+07 10185980032
6.09937 1.96513e+07 1.19861e+08 12823389040
