# filename: ./acpphint-HoneyComb-65536MiB-threads_16-LP64-FreeBSD_main_n247756_348c41d1815d_64bit-clang++_12_O3-libc++-cpulockdown-DSIZE_ul-ISIZE_ul-using_2_threads-cpus_2_10.txt
# acpphint_main version: 0.1.24

6.0799e-05 115133 7 976
7.0799e-05 127120 9 1184
6.3878e-05 172203 11 1392
7.0398e-05 184664 13 1600
6.5159e-05 230206 15 1808
6.2719e-05 302939 19 2224
6.1638e-05 373146 23 2640
6.7199e-05 430563 28.9334 3264
6.3279e-05 549605 34.7785 3888
6.3119e-05 678378 42.8186 4720
6.2198e-05 850229 52.8825 5760
6.0439e-05 1.07239e+06 64.8139 7008
6.2798e-05 1.28741e+06 80.8465 8672
6.0318e-05 1.66973e+06 100.715 10752
5.8599e-05 2.16727e+06 127 13456
5.9438e-05 2.67506e+06 159 16784
5.9199e-05 3.35391e+06 198.548 20944
6.5639e-05 3.78843e+06 248.668 26144
8.8917e-05 3.51304e+06 312.369 32800
8.9478e-05 4.38508e+06 392.369 41120
8.8118e-05 5.60824e+06 494.187 51728
9.1558e-05 6.78676e+06 621.382 65040
9.3198e-05 8.39025e+06 781.955 81680
9.8197e-05 1.00125e+07 983.196 102688
0.000111037 1.11234e+07 1235.11 129104
0.000119516 1.30307e+07 1557.38 162384
0.000127636 1.53339e+07 1957.15 204192
0.000139475 1.7641e+07 2460.47 257024
0.000150675 2.0604e+07 3104.51 323376
0.000163314 2.38992e+07 3903.07 406992
0.000197033 2.48934e+07 4904.82 512240
0.000228712 2.70786e+07 6193.19 644736
0.000264791 2.93997e+07 7784.78 811552
0.000315269 3.10302e+07 9782.87 1021632
0.000368347 3.35486e+07 12357.5 1286000
0.000461063 3.3683e+07 15530 1618800
0.00056378 3.46081e+07 19511.4 2037712
0.000694294 3.5513e+07 24656.5 2565200
0.000842288 3.67831e+07 30982 3229344
0.00102396 3.80109e+07 38921.7 4065296
0.00127559 3.85721e+07 49202.3 5117776
0.0016131 3.83184e+07 61811.3 6442736
0.002009 3.86473e+07 77642.6 8110688
0.00252358 3.88982e+07 98162.9 10210656
0.00321004 3.84176e+07 123322 12854336
0.0040872 3.78965e+07 154891 16182544
0.005215 3.75477e+07 195811 20372496
0.00665662 3.69629e+07 246048 25647376
0.00833072 3.70907e+07 308992 32287984
0.0106388 3.67137e+07 390591 40647920
0.0134029 3.6626e+07 490894 51172512
0.0170799 3.60888e+07 616392 64422320
0.0217023 3.58993e+07 779097 81102672
0.0276805 3.53803e+07 979346 102102144
0.0346991 3.54341e+07 1.22953e+06 128538944
0.0433575 3.58395e+07 1.55391e+06 161820816
0.0550951 3.54589e+07 1.95361e+06 203720128
0.0678783 3.61271e+07 2.45225e+06 256468304
0.0875313 3.54015e+07 3.09874e+06 322874384
0.109649 3.55337e+07 3.89624e+06 406474576
0.13548 3.60905e+07 4.88954e+06 511721120
0.171266 3.6068e+07 6.17721e+06 644218576
0.216147 3.59344e+07 7.76712e+06 811022928
0.271768 3.58535e+07 9.74384e+06 1021017232
0.342663 3.59109e+07 1.23053e+07 1285384400
0.425802 3.63312e+07 1.54699e+07 1618202912
0.544637 3.56123e+07 1.93958e+07 2037196656
0.682542 3.58634e+07 2.44783e+07 2564678416
0.851474 3.61221e+07 3.0757e+07 3228738592
1.08246 3.55881e+07 3.85229e+07 4064740928
1.35817 3.57519e+07 4.85571e+07 5117205536
1.70268 3.57882e+07 6.09359e+07 6442179888
2.15498 3.5349e+07 7.61765e+07 8110223824
2.71875 3.52334e+07 9.57909e+07 10210166656
3.40905 3.51694e+07 1.19894e+08 12853838128
4.29633 3.47608e+07 1.49344e+08 16182023248
5.4099 3.45569e+07 1.8695e+08 20371960064
6.80024 3.42287e+07 2.32763e+08 25646778080
