# filename: ./acpphint-HoneyComb-65536MiB-threads_16-LP64-FreeBSD_main_n247756_348c41d1815d_64bit-clang++_12_O3lto-libc++-cpulockdown-DSIZE_ull-ISIZE_ull-using_2_threads.txt
# acpphint_main version: 0.1.24

6.6118e-05 105871 7 976
6.1959e-05 145257 9 1184
6.2279e-05 176625 11 1392
5.6639e-05 229524 13 1600
5.9399e-05 252530 15 1808
6.1239e-05 310260 19 2224
5.8878e-05 390638 23 2640
6.4319e-05 449842 28.9334 3264
6.1598e-05 564604 34.7785 3888
6.0719e-05 705192 42.8186 4720
6.2199e-05 850215 52.8825 5760
5.7879e-05 1.11982e+06 64.8139 7008
5.7319e-05 1.41047e+06 80.8465 8672
5.6879e-05 1.77068e+06 100.715 10752
5.9319e-05 2.14097e+06 127 13456
5.5479e-05 2.86595e+06 159 16784
5.6559e-05 3.51046e+06 198.548 20944
5.9878e-05 4.15292e+06 248.668 26144
6.0718e-05 5.14459e+06 312.369 32800
6.1079e-05 6.42395e+06 392.369 41120
6.4078e-05 7.71228e+06 494.187 51728
6.8038e-05 9.13286e+06 621.382 65040
7.1878e-05 1.08789e+07 781.955 81680
7.6998e-05 1.27691e+07 983.196 102688
8.2718e-05 1.49316e+07 1235.11 129104
9.1158e-05 1.70844e+07 1557.38 162384
9.8958e-05 1.97776e+07 1957.15 204192
0.000111357 2.20954e+07 2460.47 257024
0.000126676 2.45075e+07 3104.51 323376
0.000140276 2.78242e+07 3903.07 406992
0.000169074 2.90099e+07 4904.82 512240
0.000198114 3.12608e+07 6193.19 644736
0.000236192 3.29595e+07 7784.78 811552
0.000281751 3.47217e+07 9782.87 1021632
0.000340028 3.63427e+07 12357.5 1286000
0.000426065 3.64498e+07 15530 1618800
0.000522861 3.73166e+07 19511.4 2037712
0.000646696 3.81268e+07 24656.5 2565200
0.000806411 3.84196e+07 30982 3229344
0.001 3.89216e+07 38921.7 4065296
0.00124955 3.93759e+07 49202.3 5117776
0.00155774 3.968e+07 61811.3 6442736
0.00195645 3.96855e+07 77642.6 8110688
0.00246967 3.97474e+07 98162.9 10210656
0.00314132 3.9258e+07 123322 12854336
0.00404137 3.83263e+07 154891 16182544
0.00511257 3.83e+07 195811 20372496
0.00663175 3.71015e+07 246048 25647376
0.00831445 3.71633e+07 308992 32287984
0.0106994 3.6506e+07 390591 40647920
0.0136138 3.60584e+07 490894 51172512
0.0170571 3.6137e+07 616392 64422320
0.0217483 3.58233e+07 779097 81102672
0.0272764 3.59045e+07 979346 102102144
0.0344064 3.57355e+07 1.22953e+06 128538944
0.0432189 3.59545e+07 1.55391e+06 161820816
0.0542801 3.59913e+07 1.95361e+06 203720128
0.0687192 3.5685e+07 2.45225e+06 256468304
0.0856222 3.61909e+07 3.09874e+06 322874384
0.108326 3.59677e+07 3.89624e+06 406474576
0.136143 3.59149e+07 4.88954e+06 511721120
0.169902 3.63575e+07 6.17721e+06 644218576
0.216266 3.59147e+07 7.76712e+06 811022928
0.270545 3.60156e+07 9.74384e+06 1021017232
0.33968 3.62262e+07 1.23053e+07 1285384400
0.427012 3.62282e+07 1.54699e+07 1618202912
0.536381 3.61604e+07 1.93958e+07 2037196656
0.677072 3.61531e+07 2.44783e+07 2564678416
0.855096 3.59691e+07 3.0757e+07 3228738592
1.07312 3.58981e+07 3.85229e+07 4064740928
1.35174 3.59219e+07 4.85571e+07 5117205536
1.69887 3.58685e+07 6.09359e+07 6442179888
2.13652 3.56544e+07 7.61765e+07 8110223824
2.69379 3.55599e+07 9.57909e+07 10210166656
3.37387 3.55362e+07 1.19894e+08 12853838128
4.25844 3.50701e+07 1.49344e+08 16182023248
5.33469 3.50442e+07 1.8695e+08 20371960064
6.7634 3.44151e+07 2.32763e+08 25646778080
