# filename: ./acpphint-HoneyComb-65536MiB-threads_16-LP64-FreeBSD_main_n247756_348c41d1815d_64bit-clang++_12_O3lto-libc++-cpulockdown-DSIZE_ull-ISIZE_ull-using_1_threads-cpus_0.txt
# acpphint_main version: 0.1.24

8.73913e-08 1.14428e+07 1 280
1.30683e-07 1.53042e+07 2 384
1.74804e-07 1.7162e+07 3 488
2.2e-07 1.81818e+07 4 592
2.64033e-07 1.8937e+07 5 696
3.09231e-07 1.9403e+07 6 800
3.52727e-07 1.98454e+07 7 904
4.42222e-07 2.03518e+07 9 1112
5.28643e-07 2.0808e+07 11 1320
6.63333e-07 2.11055e+07 14 1632
7.921e-07 2.14619e+07 17 1944
9.8e-07 2.14286e+07 21 2360
1.20017e-06 2.16637e+07 26 2880
1.46025e-06 2.19141e+07 32 3504
1.82025e-06 2.1975e+07 40 4336
2.2605e-06 2.2119e+07 50 5376
2.8205e-06 2.23365e+07 63 6728
3.5805e-06 2.2064e+07 79 8392
4.441e-06 2.22923e+07 99 10472
5.521e-06 2.24597e+07 124 13072
6.961e-06 2.24106e+07 156 16400
8.76e-06 2.23744e+07 196 20560
1.0961e-05 2.25344e+07 247 25864
1.3841e-05 2.24695e+07 311 32520
1.744e-05 2.24197e+07 391 40840
2.224e-05 2.21223e+07 492 51344
2.836e-05 2.18265e+07 619 64552
3.5599e-05 2.18826e+07 779 81192
4.4919e-05 2.1817e+07 980 102096
5.7439e-05 2.14837e+07 1234 128512
7.2198e-05 2.15103e+07 1553 161688
9.1157e-05 2.14465e+07 1955 203496
0.000114716 2.1453e+07 2461 256120
0.000144756 2.14015e+07 3098 322368
0.000183914 2.12055e+07 3900 405776
0.000230912 2.12635e+07 4909.99 510816
0.00028959 2.13439e+07 6180.99 643000
0.000365147 2.13092e+07 7780.99 809400
0.000463023 2.11544e+07 9794.98 1018856
0.000587258 2.09975e+07 12331 1282600
0.000744453 2.08528e+07 15523.9 1614672
0.000943725 2.07083e+07 19542.9 2032648
0.00119007 2.06734e+07 24602.9 2558888
0.0015127 2.04751e+07 30972.8 3221368
0.00189241 2.06042e+07 38991.6 4055344
0.00239951 2.04573e+07 49087.4 5105328
0.00308608 2.00244e+07 61797.1 6427168
0.00379746 2.04868e+07 77797.6 8091272
0.00489738 1.99986e+07 97940.8 10186248
0.00613393 2.01012e+07 123299 12823688
0.0078267 1.98325e+07 155223 16143992
0.0101119 1.9325e+07 195412 20323960
0.0124704 1.97272e+07 246006 25586256
0.0159262 1.94458e+07 309699 32211160
0.0202612 1.92427e+07 389880 40551336
0.0255739 1.91921e+07 490818 51051072
0.0325404 1.89883e+07 617885 64269472
0.0407401 1.90928e+07 777842 80910408
0.0521236 1.87861e+07 979199 101860064
0.0649526 1.89779e+07 1.23267e+06 128234152
0.0819058 1.89452e+07 1.55172e+06 161437192
0.104372 1.87149e+07 1.95331e+06 203237288
0.130004 1.89132e+07 2.45879e+06 255860560
0.163346 1.89474e+07 3.09497e+06 322109288
0.20719 1.88021e+07 3.89561e+06 405511464
0.259915 1.88644e+07 4.90313e+06 510508616
0.326098 1.89233e+07 6.17085e+06 642692200
0.414155 1.87508e+07 7.76575e+06 809101456
0.516854 1.89066e+07 9.77193e+06 1018598328
0.660699 1.86089e+07 1.22949e+07 1282339208
0.82119 1.88347e+07 1.54669e+07 1614369296
1.03187 1.88526e+07 1.94535e+07 2032370464
1.31101 1.86588e+07 2.44618e+07 2558602768
1.64238 1.8723e+07 3.07503e+07 3221089944
2.07812 1.85941e+07 3.86407e+07 4055111912
2.6027 1.8647e+07 4.85327e+07 5105083328
3.27547 1.85991e+07 6.09208e+07 6426919064
4.12084 1.85433e+07 7.6414e+07 8091011624
5.17608 1.85002e+07 9.57584e+07 10185980032
6.54402 1.83161e+07 1.19861e+08 12823389040
