# filename: ./acpphint-7950X3D-196608MiB-threads_32-LP64-FreeBSD_main_n273201_e4ac0183a1a8_64bit-clang++_19_O3lto-libc++-DSIZE_ull-ISIZE_ull-using_8_threads-cpus_kx2s_16_18_28_30.txt
# acpphint_main version: 0.1.41

3.672e-05 844227 31 3904
3.5391e-05 1.10198e+06 39 4736
3.566e-05 1.318e+06 47 5568
3.615e-05 1.52144e+06 55 6400
3.7331e-05 1.68761e+06 63 7232
3.691e-05 2.14034e+06 79 8896
3.5281e-05 2.69267e+06 95 10560
3.725e-05 3.1821e+06 118.533 13056
3.6291e-05 3.89752e+06 141.445 15552
3.51e-05 4.9495e+06 173.727 18880
3.4781e-05 6.15751e+06 214.164 23040
3.6501e-05 7.17053e+06 261.732 28032
3.775e-05 8.63442e+06 325.949 34688
3.675e-05 1.10208e+07 405.014 43008
3.552e-05 1.43863e+07 511 53824
3.4921e-05 1.82984e+07 639 67136
3.6751e-05 2.16559e+07 795.875 83776
3.6611e-05 2.72224e+07 996.639 104576
3.6421e-05 3.43321e+07 1250.41 131200
3.71e-05 4.23358e+07 1570.66 164480
3.4111e-05 5.79646e+07 1977.23 206912
3.4651e-05 7.16648e+07 2483.26 260160
3.489e-05 8.96481e+07 3127.82 326720
3.3841e-05 1.16138e+08 3930.23 410752
3.701e-05 1.33231e+08 4930.87 516416
3.6911e-05 1.68727e+08 6227.89 649536
3.572e-05 2.1892e+08 7819.82 816768
3.647e-05 2.69191e+08 9817.41 1028096
3.791e-05 3.27458e+08 12413.9 1293504
4.2201e-05 3.69447e+08 15591 1627968
4.5331e-05 4.31577e+08 19563.8 2048960
5.115e-05 4.84162e+08 24764.9 2578944
5.8411e-05 5.32306e+08 31092.5 3246208
6.8721e-05 5.67689e+08 39012.1 4086528
7.4531e-05 6.63044e+08 49417.3 5144000
9.137e-05 6.788e+08 62022 6475200
0.00010597 7.34106e+08 77793.3 8150848
0.00012975 7.59994e+08 98609.2 10260800
0.000156519 7.90483e+08 123726 12917376
0.000195169 7.95002e+08 155160 16261184
0.000237319 8.29238e+08 196794 20471104
0.000297108 8.30772e+08 246829 25770944
0.000375408 8.24363e+08 309472 32442752
0.000514125 7.63606e+08 392589 40842624
0.000889732 5.53457e+08 492428 51417344
0.00147633 4.18113e+08 617270 64730176
0.00233241 3.35672e+08 782923 81489984
0.00339779 2.89124e+08 982382 102589504
0.0048444 2.54136e+08 1.23114e+06 129151936
0.00672979 2.31989e+08 1.56124e+06 162591680
0.00918614 2.13324e+08 1.95962e+06 204690048
0.0130442 1.88219e+08 2.45516e+06 257689280
0.0175051 1.77821e+08 3.11277e+06 324410688
0.0230481 1.69566e+08 3.90817e+06 408408576
0.0301757 1.62212e+08 4.89484e+06 514155776
0.0389875 1.5913e+08 6.20409e+06 647283264
0.0496988 1.56761e+08 7.79083e+06 814880512
0.0630172 1.54774e+08 9.75343e+06 1025873216
0.0795642 1.55305e+08 1.23567e+07 1291497536
0.100676 1.54129e+08 1.5517e+07 1625898304
0.127406 1.52371e+08 1.9413e+07 2046884480
0.160849 1.52791e+08 2.45763e+07 2576874304
0.202944 1.52014e+08 3.08505e+07 3244091712
0.25602 1.50589e+08 3.85537e+07 4084068928
0.322896 1.50955e+08 4.87428e+07 5141537600
0.406666 1.50296e+08 6.11202e+07 6472811648
0.512684 1.4869e+08 7.62307e+07 8148786624
0.64566 1.48901e+08 9.61392e+07 10258713664
0.813539 1.47815e+08 1.20253e+08 12914954368
1.02398 1.45938e+08 1.49437e+08 16258963712
