# filename: ./acpphint-7950X3D-98304MiB-threads_32-LP64-FreeBSD_main_n266130_d521abdff236_64bit-g++_13_O3lto-libc++-DSIZE_ull-ISIZE_ull-using_2_threads-cpus_16_17.txt
# acpphint_main version: 0.1.36

1.5061e-05 464777 7 976
1.496e-05 601604 9 1184
1.4961e-05 735245 11 1392
1.5031e-05 864879 13 1600
1.5031e-05 997938 15 1808
1.5071e-05 1.2607e+06 19 2224
1.5121e-05 1.52106e+06 23 2640
1.5151e-05 1.90967e+06 28.9334 3264
1.5141e-05 2.29697e+06 34.7785 3888
1.517e-05 2.82258e+06 42.8186 4720
1.5201e-05 3.47888e+06 52.8825 5760
1.5451e-05 4.1948e+06 64.8139 7008
1.544e-05 5.23617e+06 80.8465 8672
1.559e-05 6.46021e+06 100.715 10752
1.5711e-05 8.08351e+06 127 13456
1.5951e-05 9.96803e+06 159 16784
1.0841e-05 1.83145e+07 198.548 20944
1.1021e-05 2.25631e+07 248.668 26144
1.1541e-05 2.7066e+07 312.369 32800
1.1921e-05 3.29141e+07 392.369 41120
1.2751e-05 3.87567e+07 494.187 51728
1.3481e-05 4.60931e+07 621.382 65040
1.4581e-05 5.36283e+07 781.955 81680
1.5961e-05 6.15999e+07 983.196 102688
1.7831e-05 6.92677e+07 1235.11 129104
1.9831e-05 7.85326e+07 1557.38 162384
2.2891e-05 8.54988e+07 1957.15 204192
2.6061e-05 9.44121e+07 2460.47 257024
3.059e-05 1.01488e+08 3104.51 323376
3.6221e-05 1.07757e+08 3903.07 406992
4.3081e-05 1.13851e+08 4904.82 512240
5.225e-05 1.1853e+08 6193.19 644736
6.265e-05 1.24258e+08 7784.78 811552
7.711e-05 1.26869e+08 9782.87 1021632
9.913e-05 1.2466e+08 12357.5 1286000
0.000117399 1.32284e+08 15530 1618800
0.000145189 1.34386e+08 19511.4 2037712
0.000183979 1.34018e+08 24656.5 2565200
0.000226958 1.3651e+08 30982 3229344
0.000281987 1.38027e+08 38921.7 4065296
0.000357116 1.37777e+08 49202.3 5117776
0.000445195 1.38841e+08 61811.3 6442736
0.000558574 1.39001e+08 77642.6 8110688
0.000704411 1.39355e+08 98162.9 10210656
0.000887609 1.38937e+08 123322 12854336
0.00110767 1.39835e+08 154891 16182544
0.0013937 1.40497e+08 195811 20372496
0.00175128 1.40496e+08 246048 25647376
0.00221752 1.39341e+08 308992 32287984
0.00282203 1.38408e+08 390591 40647920
0.00355291 1.38167e+08 490894 51172512
0.00446464 1.38061e+08 616392 64422320
0.00561843 1.38668e+08 779097 81102672
0.00709451 1.38043e+08 979346 102102144
0.00894203 1.375e+08 1.22953e+06 128538944
0.0112955 1.3757e+08 1.55391e+06 161820816
0.0142422 1.37171e+08 1.95361e+06 203720128
0.0179821 1.36372e+08 2.45225e+06 256468304
0.0227147 1.3642e+08 3.09874e+06 322874384
0.0285713 1.36369e+08 3.89624e+06 406474576
0.0361545 1.3524e+08 4.88954e+06 511721120
0.0454892 1.35795e+08 6.17721e+06 644218576
0.0574136 1.35284e+08 7.76712e+06 811022928
0.0724967 1.34404e+08 9.74384e+06 1021017232
0.0913463 1.34711e+08 1.23053e+07 1285384400
0.115145 1.34352e+08 1.54699e+07 1618202912
0.145071 1.33698e+08 1.93958e+07 2037196656
0.182793 1.33913e+08 2.44783e+07 2564678416
0.229467 1.34037e+08 3.0757e+07 3228738592
0.289083 1.33259e+08 3.85229e+07 4064740928
0.363581 1.33552e+08 4.85571e+07 5117205536
0.458199 1.3299e+08 6.09359e+07 6442179888
0.577188 1.31979e+08 7.61765e+07 8110223824
0.725134 1.32101e+08 9.57909e+07 10210166656
0.913105 1.31304e+08 1.19894e+08 12853838128
1.14988 1.29878e+08 1.49344e+08 16182023248
