# filename: ./acpphint-7950X3D-196608MiB-threads_32-LP64-FreeBSD_main_n273201_e4ac0183a1a8_64bit-clang++_19_O3lto-libc++-DSIZE_ull-ISIZE_ull-using_2_threads_creation_untimed-cpus_0_16.txt
# acpphint_main version: 0.1.41

1.2181e-05 574665 7 976
1.1901e-05 756239 9 1184
1.1921e-05 922741 11 1392
1.204e-05 1.07973e+06 13 1600
9.961e-06 1.50587e+06 15 1808
9.001e-06 2.11088e+06 19 2224
9.531e-06 2.41318e+06 23 2640
1.1071e-05 2.61344e+06 28.9334 3264
1.2321e-05 2.8227e+06 34.7785 3888
1.1131e-05 3.84678e+06 42.8186 4720
1.1181e-05 4.72968e+06 52.8825 5760
9.761e-06 6.64009e+06 64.8139 7008
1.2311e-05 6.56701e+06 80.8465 8672
1.2721e-05 7.9172e+06 100.715 10752
1.2301e-05 1.03244e+07 127 13456
1.1221e-05 1.41699e+07 159 16784
1.0901e-05 1.82137e+07 198.548 20944
1.1371e-05 2.18687e+07 248.668 26144
1.3471e-05 2.31883e+07 312.369 32800
6.871e-06 5.7105e+07 392.369 41120
1.1411e-05 4.3308e+07 494.187 51728
7.821e-06 7.94504e+07 621.382 65040
2.329e-05 3.35747e+07 781.955 81680
1.531e-05 6.42192e+07 983.196 102688
2.8041e-05 4.40467e+07 1235.11 129104
3.4741e-05 4.48283e+07 1557.38 162384
3.5941e-05 5.44546e+07 1957.15 204192
1.8521e-05 1.32848e+08 2460.47 257024
2.1531e-05 1.44188e+08 3104.51 323376
2.5621e-05 1.52339e+08 3903.07 406992
3.0731e-05 1.59605e+08 4904.82 512240
0.000105479 5.87149e+07 6193.19 644736
0.00013167 5.91234e+07 7784.78 811552
5.797e-05 1.68758e+08 9782.87 1021632
6.256e-05 1.97531e+08 12357.5 1286000
7.8861e-05 1.96929e+08 15530 1618800
9.799e-05 1.99116e+08 19511.4 2037712
0.00012511 1.97078e+08 24656.5 2565200
0.000474316 6.53193e+07 30982 3229344
0.000594845 6.54317e+07 38921.7 4065296
0.000231188 2.12824e+08 49202.3 5117776
0.000937131 6.5958e+07 61811.3 6442736
0.000374467 2.07342e+08 77642.6 8110688
0.000457087 2.14758e+08 98162.9 10210656
0.000586665 2.10209e+08 123322 12854336
0.000741554 2.08873e+08 154891 16182544
0.000950321 2.06048e+08 195811 20372496
0.00330256 7.45022e+07 246048 25647376
0.00460617 6.70824e+07 308992 32287984
0.00189239 2.06401e+08 390591 40647920
0.00734393 6.68434e+07 490894 51172512
0.00920506 6.69623e+07 616392 64422320
0.0116277 6.70032e+07 779097 81102672
0.00481094 2.03566e+08 979346 102102144
0.00604909 2.03259e+08 1.22953e+06 128538944
0.0077285 2.01063e+08 1.55391e+06 161820816
0.00980871 1.99171e+08 1.95361e+06 203720128
0.0125377 1.9559e+08 2.45225e+06 256468304
0.0167905 1.84553e+08 3.09874e+06 322874384
0.0295957 1.31649e+08 3.89624e+06 406474576
0.0363501 1.34513e+08 4.88954e+06 511721120
0.0451033 1.36957e+08 6.17721e+06 644218576
0.0444628 1.74688e+08 7.76712e+06 811022928
0.0668242 1.45813e+08 9.74384e+06 1021017232
0.0833043 1.47715e+08 1.23053e+07 1285384400
0.0942659 1.64109e+08 1.54699e+07 1618202912
0.129916 1.49294e+08 1.93958e+07 2037196656
0.16302 1.50155e+08 2.44783e+07 2564678416
0.205629 1.49575e+08 3.0757e+07 3228738592
0.257921 1.49359e+08 3.85229e+07 4064740928
0.324792 1.49502e+08 4.85571e+07 5117205536
0.408177 1.49288e+08 6.09359e+07 6442179888
0.51451 1.48056e+08 7.61765e+07 8110223824
0.647714 1.47891e+08 9.57909e+07 10210166656
0.818868 1.46415e+08 1.19894e+08 12853838128
1.03129 1.44813e+08 1.49344e+08 16182023248
