# filename: ./acpphint-7950X3D-98304MiB-threads_32-LP64-FreeBSD_main_n266130_d521abdff236_64bit-g++_13_O3lto-libc++-DSIZE_ull-ISIZE_ull-using_8_threads-cpus_kx4_kx4p1_16_17_28_29.txt
# acpphint_main version: 0.1.36

4.222e-05 734249 31 3904
4.1861e-05 931655 39 4736
4.03e-05 1.16625e+06 47 5568
4.127e-05 1.33269e+06 55 6400
4.2151e-05 1.49463e+06 63 7232
4.0631e-05 1.94433e+06 79 8896
4.035e-05 2.3544e+06 95 10560
3.757e-05 3.155e+06 118.533 13056
4.249e-05 3.32889e+06 141.445 15552
3.7311e-05 4.6562e+06 173.727 18880
4.3961e-05 4.87169e+06 214.164 23040
4.105e-05 6.37592e+06 261.732 28032
4.3631e-05 7.47059e+06 325.949 34688
4.0541e-05 9.99024e+06 405.014 43008
3.957e-05 1.29138e+07 511 53824
3.921e-05 1.62969e+07 639 67136
3.9351e-05 2.0225e+07 795.875 83776
3.4941e-05 2.85235e+07 996.639 104576
4.248e-05 2.94352e+07 1250.41 131200
4.251e-05 3.6948e+07 1570.66 164480
4.469e-05 4.42433e+07 1977.23 206912
4.0171e-05 6.18171e+07 2483.26 260160
3.795e-05 8.24196e+07 3127.82 326720
3.882e-05 1.01242e+08 3930.23 410752
3.9111e-05 1.26074e+08 4930.87 516416
4.134e-05 1.5065e+08 6227.89 649536
4.36e-05 1.79354e+08 7819.82 816768
4.382e-05 2.2404e+08 9817.41 1028096
4.6911e-05 2.64627e+08 12413.9 1293504
5.434e-05 2.86916e+08 15591 1627968
6.0951e-05 3.20976e+08 19563.8 2048960
7.115e-05 3.48066e+08 24764.9 2578944
8.319e-05 3.73753e+08 31092.5 3246208
9.61e-05 4.05954e+08 39012.1 4086528
0.00011444 4.31819e+08 49417.3 5144000
0.000138359 4.48268e+08 62022 6475200
0.000167098 4.65555e+08 77793.3 8150848
0.000205529 4.79782e+08 98609.2 10260800
0.000250697 4.93526e+08 123726 12917376
0.000309567 5.01215e+08 155160 16261184
0.000384055 5.12411e+08 196794 20471104
0.000480715 5.13462e+08 246829 25770944
0.000603872 5.1248e+08 309472 32442752
0.0007876 4.98462e+08 392589 40842624
0.00110621 4.45147e+08 492428 51417344
0.00167991 3.67443e+08 617270 64730176
0.00240845 3.25074e+08 782923 81489984
0.00339494 2.89366e+08 982382 102589504
0.00481571 2.5565e+08 1.23114e+06 129151936
0.0066027 2.36454e+08 1.56124e+06 162591680
0.00896596 2.18563e+08 1.95962e+06 204690048
0.0120866 2.0313e+08 2.45516e+06 257689280
0.0160663 1.93746e+08 3.11277e+06 324410688
0.0211869 1.84462e+08 3.90817e+06 408408576
0.0277801 1.762e+08 4.89484e+06 514155776
0.0372826 1.66407e+08 6.20409e+06 647283264
0.0480514 1.62136e+08 7.79083e+06 814880512
0.0609631 1.59989e+08 9.75343e+06 1025873216
0.0770991 1.60271e+08 1.23567e+07 1291497536
0.0975117 1.5913e+08 1.5517e+07 1625898304
0.12313 1.57663e+08 1.9413e+07 2046884480
0.155475 1.58072e+08 2.45763e+07 2576874304
0.196178 1.57257e+08 3.08505e+07 3244091712
0.247361 1.5586e+08 3.85537e+07 4084068928
0.311709 1.56373e+08 4.87428e+07 5141537600
0.392886 1.55567e+08 6.11202e+07 6472811648
0.495053 1.53985e+08 7.62307e+07 8148786624
0.623793 1.5412e+08 9.61392e+07 10258713664
0.785647 1.53063e+08 1.20253e+08 12914954368
0.989277 1.51057e+08 1.49437e+08 16258963712
1.24608 1.50543e+08 1.87589e+08 20468822144
