# filename: ./acpphint-7950X3D-98304MiB-threads_32-LP64-FreeBSD_main_n266130_d521abdff236_64bit-clang++_17_O3lto-libc++-cpulockdown-DSIZE_ul-ISIZE_ul-using_4_threads-cpus_kx16_kx16p4_16_20_24_28.txt
# acpphint_main version: 0.1.36

1.9371e-05 774353 15 1952
1.9291e-05 984915 19 2368
1.9631e-05 1.17162e+06 23 2784
1.8801e-05 1.43609e+06 27 3200
1.9061e-05 1.62636e+06 31 3616
1.93e-05 2.02073e+06 39 4448
1.897e-05 2.4776e+06 47 5280
1.9271e-05 3.05122e+06 58.8001 6528
1.8701e-05 3.76097e+06 70.3339 7776
2.038e-05 4.24214e+06 86.4548 9440
1.889e-05 5.64551e+06 106.644 11520
1.9001e-05 6.8655e+06 130.451 14016
2.0201e-05 8.04644e+06 162.546 17344
1.9351e-05 1.04463e+07 202.147 21504
1.9221e-05 1.32667e+07 255 26912
1.9601e-05 1.62747e+07 319 33568
2.0091e-05 1.97927e+07 397.655 41888
1.9681e-05 2.53033e+07 497.994 52288
2.0241e-05 3.08808e+07 625.057 65600
2.031e-05 3.86572e+07 785.128 82240
2.0291e-05 4.87181e+07 988.539 103456
2.0591e-05 6.03189e+07 1242.03 130080
2.084e-05 7.50434e+07 1563.9 163360
2.2281e-05 8.82162e+07 1965.55 205376
2.278e-05 1.083e+08 2467.07 258208
2.422e-05 1.2858e+08 3114.2 324768
2.5131e-05 1.5564e+08 3911.39 408384
2.7041e-05 1.81682e+08 4912.88 514048
2.9741e-05 2.08723e+08 6207.63 646752
3.268e-05 2.3865e+08 7799.08 813984
3.671e-05 2.66721e+08 9791.33 1024480
4.2131e-05 2.93934e+08 12383.7 1289472
4.7291e-05 3.28902e+08 15554.1 1623104
5.529e-05 3.53163e+08 19526.4 2043264
6.626e-05 3.72937e+08 24710.8 2572000
7.865e-05 3.94501e+08 31027.5 3237600
9.488e-05 4.10408e+08 38939.5 4075424
0.00011625 4.24151e+08 49307.6 5130400
0.000141829 4.3642e+08 61897.1 6458688
0.000176418 4.4026e+08 77669.8 8130592
0.000217098 4.53254e+08 98400.6 10235552
0.000270157 4.57089e+08 123486 12885472
0.000338906 4.57132e+08 154925 16221376
0.000423666 4.63359e+08 196309 20421312
0.000533773 4.61553e+08 246365 25708672
0.000680751 4.5396e+08 309034 32365088
0.000926608 4.22545e+08 391534 40744992
0.00124149 3.95911e+08 491521 51294752
0.00179411 3.43585e+08 616428 64575968
0.00252409 3.09371e+08 780880 81295840
0.00349045 2.80933e+08 980581 102345024
0.00482899 2.5461e+08 1.22951e+06 128844640
0.00659342 2.36187e+08 1.55728e+06 162205344
0.00894633 2.18644e+08 1.95606e+06 204204288
0.0119238 2.05641e+08 2.45204e+06 257077888
0.0158491 1.95917e+08 3.10511e+06 323641632
0.0208802 1.86833e+08 3.90112e+06 407440256
0.027249 1.79413e+08 4.88881e+06 512936608
0.0353626 1.75021e+08 6.18922e+06 645748768
0.0455903 1.70581e+08 7.77683e+06 812949152
0.0585179 1.66475e+08 9.7418e+06 1023442240
0.0746586 1.65124e+08 1.23279e+07 1288437152
0.0950846 1.629e+08 1.54893e+07 1622045856
0.120628 1.60748e+08 1.93906e+07 2042034464
0.152154 1.61157e+08 2.45206e+07 2570768800
0.19302 1.59546e+08 3.07956e+07 3236405824
0.2432 1.5835e+08 3.85106e+07 4074393312
0.30713 1.58356e+08 4.86359e+07 5129356832
0.387348 1.57513e+08 6.10123e+07 6457477184
0.488027 1.56034e+08 7.61488e+07 8129481856
0.614974 1.56e+08 9.59359e+07 10234411072
0.774498 1.54996e+08 1.20044e+08 12884359776
0.975301 1.53064e+08 1.49284e+08 16220447648
1.2287 1.52365e+08 1.8721e+08 20420333312
