# filename: ./acpphint-7950X3D-98304MiB-threads_32-LP64-FreeBSD_main_n266130_d521abdff236_64bit-clang++_17_O3lto-libc++-cpulockdown-DSIZE_ul-ISIZE_ul-using_32_threads.txt
# acpphint_main version: 0.1.36

0.000264816 479578 127 15616
0.000278346 571231 159 18944
0.000279936 682299 191 22272
0.000292256 763030 223 25600
0.000278806 914614 255 28928
0.000279276 1.14224e+06 319 35584
0.000294766 1.29934e+06 383 42240
0.000291006 1.63891e+06 476.933 52224
0.000318676 1.78272e+06 568.111 62208
0.000275896 2.52763e+06 697.364 75520
0.000298416 2.87949e+06 859.284 92160
0.000304876 3.44213e+06 1049.42 112128
0.000308126 4.23974e+06 1306.37 138752
0.000285936 5.67337e+06 1622.22 172032
0.000304586 6.72059e+06 2047 215296
0.000291296 8.78487e+06 2559 268544
0.000305746 1.04178e+07 3185.2 335104
0.000296146 1.3468e+07 3988.5 418304
0.000303556 1.64796e+07 5002.47 524800
0.000298585 2.10454e+07 6283.85 657920
0.000310596 2.54651e+07 7909.36 827648
0.000313135 3.17132e+07 9930.52 1040640
0.000320586 3.90265e+07 12511.3 1306880
0.000322875 4.86821e+07 15718.2 1643008
0.000324015 6.08409e+07 19713.4 2065664
0.000345526 7.20928e+07 24910 2598144
0.000360545 8.67303e+07 31270.2 3267072
0.000368595 1.06469e+08 39244 4112384
0.000350855 1.41515e+08 49651.4 5174016
0.000337605 1.8466e+08 62342 6511872
0.000340375 2.29737e+08 78196.8 8195840
0.000355465 2.7865e+08 99050.4 10315776
0.000359445 3.45868e+08 124321 12984832
0.000361165 4.31718e+08 155921 16346112
0.000372064 5.31228e+08 197651 20576000
0.000406735 6.09683e+08 247979 25900800
0.000453643 6.85335e+08 310897 32603392
0.000496033 7.95099e+08 394395 41043200
0.000533773 9.26722e+08 494659 51669504
0.000576622 1.07529e+09 620034 65044736
0.00068891 1.14247e+09 787059 81884416
0.000957547 1.03049e+09 986739 103083776
0.00151929 8.13875e+08 1.23651e+06 129771008
0.00239129 6.56503e+08 1.56989e+06 163370496
0.00381418 5.16027e+08 1.96822e+06 205669376
0.00645561 3.81953e+08 2.46574e+06 258920704
0.00995706 3.14325e+08 3.12976e+06 325959936
0.0138875 2.82642e+08 3.9252e+06 410358016
0.0197895 2.48397e+08 4.91565e+06 516607744
0.0268808 2.3204e+08 6.23742e+06 650366720
0.0370699 2.11074e+08 7.8245e+06 818760192
0.0492912 1.98703e+08 9.79431e+06 1030757120
0.0650994 1.90817e+08 1.24221e+07 1297642752
0.0843702 1.84706e+08 1.55836e+07 1633634304
0.111346 1.7507e+08 1.94933e+07 2056623104
0.14387 1.71712e+08 2.47043e+07 2589133056
0.185682 1.66854e+08 3.09819e+07 3259522048
0.236684 1.63554e+08 3.87107e+07 4103492864
0.299401 1.63634e+08 4.89922e+07 5165990144
0.378805 1.62029e+08 6.13776e+07 6503593216
0.478322 1.60008e+08 7.65353e+07 8187537920
0.603732 1.60037e+08 9.66196e+07 10307497216
0.761776 1.58512e+08 1.20751e+08 12976366848
0.96066 1.56161e+08 1.50018e+08 16336275712
1.21082 1.55675e+08 1.88495e+08 20566150400
