# filename: ./acpphint-7950X3D-196608MiB-threads_32-LP64-FreeBSD_main_n273201_e4ac0183a1a8_64bit-clang++_19_O3lto-libc++-DSIZE_ull-ISIZE_ull-using_4_threads_creation_untimed-cpus_kx16_kx16p2_16_18_24_26.txt
# acpphint_main version: 0.1.41

9.361e-06 1.60239e+06 15 1952
9.37e-06 2.02775e+06 19 2368
9.191e-06 2.50245e+06 23 2784
9.551e-06 2.82693e+06 27 3200
9.381e-06 3.30455e+06 31 3616
9.441e-06 4.13092e+06 39 4448
9.561e-06 4.9158e+06 47 5280
9.661e-06 6.08633e+06 58.8001 6528
9.731e-06 7.22781e+06 70.3339 7776
9.591e-06 9.01416e+06 86.4548 9440
9.671e-06 1.10272e+07 106.644 11520
9.751e-06 1.33783e+07 130.451 14016
9.801e-06 1.65847e+07 162.546 17344
1.0001e-05 2.02127e+07 202.147 21504
1.0171e-05 2.50713e+07 255 26912
1.0151e-05 3.14255e+07 319 33568
1.027e-05 3.872e+07 397.655 41888
1.0361e-05 4.80643e+07 497.994 52288
1.066e-05 5.86358e+07 625.057 65600
1.103e-05 7.11811e+07 785.128 82240
1.1241e-05 8.79405e+07 988.539 103456
1.1901e-05 1.04363e+08 1242.03 130080
1.2081e-05 1.29452e+08 1563.9 163360
1.3021e-05 1.50952e+08 1965.55 205376
1.3591e-05 1.81523e+08 2467.07 258208
1.5001e-05 2.076e+08 3114.2 324768
1.6621e-05 2.35328e+08 3911.39 408384
1.839e-05 2.67149e+08 4912.88 514048
2.072e-05 2.99596e+08 6207.63 646752
2.3861e-05 3.26855e+08 7799.08 813984
2.7871e-05 3.51309e+08 9791.33 1024480
3.2491e-05 3.81144e+08 12383.7 1289472
3.8431e-05 4.04727e+08 15554.1 1623104
4.5111e-05 4.32851e+08 19526.4 2043264
5.5051e-05 4.48872e+08 24710.8 2572000
6.7181e-05 4.61849e+08 31027.5 3237600
8.462e-05 4.60169e+08 38939.5 4075424
0.00010616 4.64465e+08 49307.6 5130400
0.00013315 4.64867e+08 61897.1 6458688
0.000165149 4.70301e+08 77669.8 8130592
0.000209119 4.70548e+08 98400.6 10235552
0.000268738 4.59502e+08 123486 12885472
0.000340248 4.55329e+08 154925 16221376
0.000436947 4.49275e+08 196309 20421312
0.000553226 4.45324e+08 246365 25708672
0.000689574 4.48152e+08 309034 32365088
0.000914132 4.28312e+08 391534 40744992
0.00124495 3.94812e+08 491521 51294752
0.00182391 3.3797e+08 616428 64575968
0.00260588 2.9966e+08 780880 81295840
0.00361619 2.71164e+08 980581 102345024
0.0049972 2.4604e+08 1.22951e+06 128844640
0.00687156 2.26627e+08 1.55728e+06 162205344
0.00927249 2.10954e+08 1.95606e+06 204204288
0.0124628 1.96749e+08 2.45204e+06 257077888
0.0165671 1.87426e+08 3.10511e+06 323641632
0.0218363 1.78653e+08 3.90112e+06 407440256
0.0284987 1.71545e+08 4.88881e+06 512936608
0.0370362 1.67112e+08 6.18922e+06 645748768
0.04772 1.62968e+08 7.77683e+06 812949152
0.0611742 1.59247e+08 9.7418e+06 1023442240
0.0782298 1.57586e+08 1.23279e+07 1288437152
0.0992518 1.5606e+08 1.54893e+07 1622045856
0.125589 1.54397e+08 1.93906e+07 2042034464
0.15895 1.54267e+08 2.45206e+07 2570768800
0.200989 1.5322e+08 3.07956e+07 3236405824
0.253767 1.51756e+08 3.85106e+07 4074393312
0.319628 1.52164e+08 4.86359e+07 5129356832
0.403761 1.5111e+08 6.10123e+07 6457477184
0.508014 1.49895e+08 7.61488e+07 8129481856
0.640991 1.49668e+08 9.59359e+07 10234411072
0.806535 1.48839e+08 1.20044e+08 12884359776
1.01706 1.46779e+08 1.49284e+08 16220447648
