# filename: ./acpphint-7950X3D-196608MiB-threads_32-LP64-FreeBSD_main_n273201_e4ac0183a1a8_64bit-g++_14_O3lto-libstdc++-cpulockdown-DSIZE_ull-ISIZE_ull-using_8_threads_creation_untimed-cpus_kx4p1s_1_29.txt
# acpphint_main version: 0.1.41

5.1499e-05 601953 31 3904
5.39e-05 723562 39 4736
5.5499e-05 846862 47 5568
5.454e-05 1.00843e+06 55 6400
5.4879e-05 1.14798e+06 63 7232
5.5119e-05 1.43326e+06 79 8896
5.508e-05 1.72476e+06 95 10560
5.3479e-05 2.21645e+06 118.533 13056
5.293e-05 2.6723e+06 141.445 15552
5.516e-05 3.14952e+06 173.727 18880
5.3619e-05 3.99419e+06 214.164 23040
5.4259e-05 4.82375e+06 261.732 28032
5.8209e-05 5.59964e+06 325.949 34688
5.449e-05 7.43282e+06 405.014 43008
5.522e-05 9.25389e+06 511 53824
5.7439e-05 1.11248e+07 639 67136
5.5879e-05 1.42428e+07 795.875 83776
5.227e-05 1.90671e+07 996.639 104576
5.4379e-05 2.29943e+07 1250.41 131200
5.6099e-05 2.7998e+07 1570.66 164480
5.325e-05 3.71311e+07 1977.23 206912
5.13e-05 4.84065e+07 2483.26 260160
5.6979e-05 5.48943e+07 3127.82 326720
5.7299e-05 6.85915e+07 3930.23 410752
5.7729e-05 8.54141e+07 4930.87 516416
5.8659e-05 1.06171e+08 6227.89 649536
5.871e-05 1.33194e+08 7819.82 816768
6.381e-05 1.53854e+08 9817.41 1028096
6.442e-05 1.92703e+08 12413.9 1293504
6.858e-05 2.27341e+08 15591 1627968
7.3689e-05 2.65491e+08 19563.8 2048960
8.0949e-05 3.05932e+08 24764.9 2578944
8.4959e-05 3.65971e+08 31092.5 3246208
9.6109e-05 4.05916e+08 39012.1 4086528
0.000105799 4.67087e+08 49417.3 5144000
0.000120668 5.13989e+08 62022 6475200
0.000141838 5.48466e+08 77793.3 8150848
0.000166788 5.91225e+08 98609.2 10260800
0.000201868 6.12903e+08 123726 12917376
0.000239098 6.48938e+08 155160 16261184
0.000290677 6.77019e+08 196794 20471104
0.000350486 7.04248e+08 246829 25770944
0.000437656 7.07113e+08 309472 32442752
0.000539314 7.27941e+08 392589 40842624
0.000670543 7.34372e+08 492428 51417344
0.000828141 7.45369e+08 617270 64730176
0.0010587 7.39515e+08 782923 81489984
0.00139291 7.05276e+08 982382 102589504
0.00192582 6.39279e+08 1.23114e+06 129151936
0.00267817 5.82949e+08 1.56124e+06 162591680
0.00429788 4.5595e+08 1.95962e+06 204690048
0.00670553 3.6614e+08 2.45516e+06 257689280
0.0100178 3.10724e+08 3.11277e+06 324410688
0.0145372 2.68839e+08 3.90817e+06 408408576
0.0203505 2.40527e+08 4.89484e+06 514155776
0.027949 2.21979e+08 6.20409e+06 647283264
0.03738 2.08423e+08 7.79083e+06 814880512
0.0500888 1.94723e+08 9.75343e+06 1025873216
0.0664217 1.86034e+08 1.23567e+07 1291497536
0.08717 1.78009e+08 1.5517e+07 1625898304
0.113378 1.71223e+08 1.9413e+07 2046884480
0.146456 1.67807e+08 2.45763e+07 2576874304
0.18849 1.63672e+08 3.08505e+07 3244091712
0.241982 1.59325e+08 3.85537e+07 4084068928
0.309742 1.57366e+08 4.87428e+07 5141537600
0.394119 1.5508e+08 6.11202e+07 6472811648
0.499417 1.52639e+08 7.62307e+07 8148786624
0.631415 1.5226e+08 9.61392e+07 10258713664
0.79739 1.50809e+08 1.20253e+08 12914954368
1.00644 1.4848e+08 1.49437e+08 16258963712
