# filename: ./acpphint-7950X3D-98304MiB-threads_32-LP64-FreeBSD_main_n266130_d521abdff236_64bit-clang++_17_O3lto-libc++-DSIZE_ul-ISIZE_ul-using_4_threads-cpus_kx16_kx16p1_0_1_16_17.txt
# acpphint_main version: 0.1.36

5.8189e-05 257781 15 1952
5.7209e-05 332116 19 2368
5.5489e-05 414497 23 2784
5.5979e-05 482324 27 3200
5.5519e-05 558367 31 3616
5.6889e-05 685546 39 4448
5.612e-05 837491 47 5280
5.4409e-05 1.0807e+06 58.8001 6528
5.1789e-05 1.35808e+06 70.3339 7776
5.7449e-05 1.5049e+06 86.4548 9440
5.4679e-05 1.95036e+06 106.644 11520
5.365e-05 2.43153e+06 130.451 14016
5.9219e-05 2.74483e+06 162.546 17344
5.4039e-05 3.74077e+06 202.147 21504
5.8079e-05 4.39057e+06 255 26912
5.5789e-05 5.71797e+06 319 33568
5.7479e-05 6.91826e+06 397.655 41888
5.876e-05 8.47505e+06 497.994 52288
5.728e-05 1.09123e+07 625.057 65600
5.7979e-05 1.35416e+07 785.128 82240
5.9819e-05 1.65255e+07 988.539 103456
5.7109e-05 2.17483e+07 1242.03 130080
5.9429e-05 2.63155e+07 1563.9 163360
6.2239e-05 3.15806e+07 1965.55 205376
6.2529e-05 3.94549e+07 2467.07 258208
7.7279e-05 4.02982e+07 3114.2 324768
5.7209e-05 6.83701e+07 3911.39 408384
4.7389e-05 1.03671e+08 4912.88 514048
5.373e-05 1.15534e+08 6207.63 646752
5.8449e-05 1.33434e+08 7799.08 813984
6.6919e-05 1.46316e+08 9791.33 1024480
8.2979e-05 1.49239e+08 12383.7 1289472
9.4059e-05 1.65365e+08 15554.1 1623104
0.000113778 1.71618e+08 19526.4 2043264
0.000138588 1.78304e+08 24710.8 2572000
0.000168877 1.83728e+08 31027.5 3237600
0.000188768 2.06282e+08 38939.5 4075424
0.000223396 2.20718e+08 49307.6 5130400
0.000268876 2.30207e+08 61897.1 6458688
0.000338235 2.29633e+08 77669.8 8130592
0.000446893 2.20188e+08 98400.6 10235552
0.000545532 2.26358e+08 123486 12885472
0.000670351 2.3111e+08 154925 16221376
0.000875278 2.24282e+08 196309 20421312
0.00104023 2.36838e+08 246365 25708672
0.00136433 2.26509e+08 309034 32365088
0.00161952 2.4176e+08 391534 40744992
0.00469964 1.04587e+08 491521 51294752
0.00588434 1.04757e+08 616428 64575968
0.0074104 1.05376e+08 780880 81295840
0.009325 1.05156e+08 980581 102345024
0.0118698 1.03583e+08 1.22951e+06 128844640
0.0140924 1.10505e+08 1.55728e+06 162205344
0.014741 1.32696e+08 1.95606e+06 204204288
0.0164066 1.49455e+08 2.45204e+06 257077888
0.017675 1.75677e+08 3.10511e+06 323641632
0.0213163 1.83011e+08 3.90112e+06 407440256
0.0221283 2.20931e+08 4.88881e+06 512936608
0.0291196 2.12544e+08 6.18922e+06 645748768
0.0372433 2.08812e+08 7.77683e+06 812949152
0.048576 2.00548e+08 9.7418e+06 1023442240
0.0635146 1.94096e+08 1.23279e+07 1288437152
0.0818381 1.89267e+08 1.54893e+07 1622045856
0.105951 1.83015e+08 1.93906e+07 2042034464
0.13677 1.79283e+08 2.45206e+07 2570768800
0.175657 1.75317e+08 3.07956e+07 3236405824
0.223554 1.72265e+08 3.85106e+07 4074393312
0.284768 1.70791e+08 4.86359e+07 5129356832
0.361721 1.68672e+08 6.10123e+07 6457477184
0.456752 1.66718e+08 7.61488e+07 8129481856
0.579905 1.65434e+08 9.59359e+07 10234411072
0.729122 1.64642e+08 1.20044e+08 12884359776
0.924584 1.6146e+08 1.49284e+08 16220447648
1.16449 1.60766e+08 1.8721e+08 20420333312
