# filename: ./acpphint-7950X3D-196608MiB-threads_32-LP64-FreeBSD_main_n266876_e183039f0882_64bit-g++_13_O3lto-libc++-cpulockdown-DSIZE_ull-ISIZE_ull-using_4_threads-cpus_kx8_kx8p2_0_2_8_10.txt
# acpphint_main version: 0.1.36

2.2051e-05 680241 15 1952
2.039e-05 931829 19 2368
2.1381e-05 1.07572e+06 23 2784
2.0651e-05 1.30744e+06 27 3200
2.0091e-05 1.54298e+06 31 3616
2.0811e-05 1.87401e+06 39 4448
1.872e-05 2.51068e+06 47 5280
2.112e-05 2.78409e+06 58.8001 6528
2.026e-05 3.47156e+06 70.3339 7776
2.111e-05 4.09544e+06 86.4548 9440
2.1011e-05 5.07561e+06 106.644 11520
2.1211e-05 6.15018e+06 130.451 14016
2.118e-05 7.67451e+06 162.546 17344
2.0961e-05 9.64397e+06 202.147 21504
2.1401e-05 1.19153e+07 255 26912
2.1231e-05 1.50252e+07 319 33568
2.1441e-05 1.85465e+07 397.655 41888
2.2281e-05 2.23506e+07 497.994 52288
2.196e-05 2.84634e+07 625.057 65600
2.177e-05 3.60647e+07 785.128 82240
2.2e-05 4.49336e+07 988.539 103456
2.135e-05 5.81745e+07 1242.03 130080
2.3321e-05 6.70599e+07 1563.9 163360
2.4781e-05 7.93167e+07 1965.55 205376
2.4801e-05 9.94748e+07 2467.07 258208
2.6821e-05 1.16111e+08 3114.2 324768
2.8161e-05 1.38894e+08 3911.39 408384
3.013e-05 1.63056e+08 4912.88 514048
3.332e-05 1.86304e+08 6207.63 646752
3.6321e-05 2.14727e+08 7799.08 813984
4.132e-05 2.36963e+08 9791.33 1024480
4.5441e-05 2.72524e+08 12383.7 1289472
5.397e-05 2.88199e+08 15554.1 1623104
6.283e-05 3.10781e+08 19526.4 2043264
7.371e-05 3.35244e+08 24710.8 2572000
8.935e-05 3.47258e+08 31027.5 3237600
0.000107789 3.61257e+08 38939.5 4075424
0.000134329 3.67066e+08 49307.6 5130400
0.000163509 3.78554e+08 61897.1 6458688
0.000203198 3.82237e+08 77669.8 8130592
0.000252197 3.90174e+08 98400.6 10235552
0.000321816 3.83715e+08 123486 12885472
0.000397125 3.90116e+08 154925 16221376
0.000498594 3.93726e+08 196309 20421312
0.000643482 3.82862e+08 246365 25708672
0.000799979 3.86302e+08 309034 32365088
0.00100045 3.91359e+08 391534 40744992
0.00127449 3.8566e+08 491521 51294752
0.00159705 3.8598e+08 616428 64575968
0.00202633 3.85366e+08 780880 81295840
0.00257556 3.80725e+08 980581 102345024
0.00332791 3.69454e+08 1.22951e+06 128844640
0.00453067 3.43719e+08 1.55728e+06 162205344
0.00635204 3.07943e+08 1.95606e+06 204204288
0.00878781 2.79027e+08 2.45204e+06 257077888
0.0120559 2.5756e+08 3.10511e+06 323641632
0.0165955 2.3507e+08 3.90112e+06 407440256
0.0225362 2.16931e+08 4.88881e+06 512936608
0.0303296 2.04065e+08 6.18922e+06 645748768
0.0403007 1.9297e+08 7.77683e+06 812949152
0.053308 1.82745e+08 9.7418e+06 1023442240
0.0698499 1.76491e+08 1.23279e+07 1288437152
0.0913482 1.69563e+08 1.54893e+07 1622045856
0.117728 1.64707e+08 1.93906e+07 2042034464
0.151602 1.61744e+08 2.45206e+07 2570768800
0.194294 1.585e+08 3.07956e+07 3236405824
0.247473 1.55615e+08 3.85106e+07 4074393312
0.315433 1.54188e+08 4.86359e+07 5129356832
0.398539 1.5309e+08 6.10123e+07 6457477184
0.504376 1.50976e+08 7.61488e+07 8129481856
0.63463 1.51168e+08 9.59359e+07 10234411072
0.801386 1.49796e+08 1.20044e+08 12884359776
1.0119 1.47528e+08 1.49284e+08 16220447648
