# filename: ./acpphint-7950X3D-196608MiB-threads_32-LP64-FreeBSD_main_n266876_e183039f0882_64bit-clang++_17_O3lto-libc++-cpulockdown-DSIZE_ull-ISIZE_ull-using_8_threads-cpus_kx2s_0_6_16_22.txt
# acpphint_main version: 0.1.36

8.086e-05 383379 31 3904
8.129e-05 479764 39 4736
7.962e-05 590304 47 5568
7.948e-05 691998 55 6400
7.911e-05 796359 63 7232
8.276e-05 954567 79 8896
7.877e-05 1.20604e+06 95 10560
8.199e-05 1.44571e+06 118.533 13056
8.074e-05 1.75185e+06 141.445 15552
8.042e-05 2.16025e+06 173.727 18880
8.098e-05 2.64466e+06 214.164 23040
8.167e-05 3.20475e+06 261.732 28032
8.0619e-05 4.04308e+06 325.949 34688
7.914e-05 5.11769e+06 405.014 43008
8.042e-05 6.35414e+06 511 53824
7.999e-05 7.9885e+06 639 67136
8.195e-05 9.71171e+06 795.875 83776
8.188e-05 1.21719e+07 996.639 104576
8.058e-05 1.55176e+07 1250.41 131200
7.9849e-05 1.96703e+07 1570.66 164480
7.899e-05 2.50314e+07 1977.23 206912
8.029e-05 3.09286e+07 2483.26 260160
8.251e-05 3.79084e+07 3127.82 326720
8.634e-05 4.55203e+07 3930.23 410752
8.9e-05 5.5403e+07 4930.87 516416
9.721e-05 6.40663e+07 6227.89 649536
8.723e-05 8.9646e+07 7819.82 816768
9.1609e-05 1.07166e+08 9817.41 1028096
9.406e-05 1.31979e+08 12413.9 1293504
9.964e-05 1.56474e+08 15591 1627968
0.000105309 1.85775e+08 19563.8 2048960
0.000113419 2.18349e+08 24764.9 2578944
0.00011398 2.72789e+08 31092.5 3246208
0.000120899 3.22684e+08 39012.1 4086528
0.000130479 3.78738e+08 49417.3 5144000
0.000147999 4.1907e+08 62022 6475200
0.000159769 4.86911e+08 77793.3 8150848
0.000184829 5.33516e+08 98609.2 10260800
0.000211647 5.84585e+08 123726 12917376
0.000236868 6.55047e+08 155160 16261184
0.000293627 6.70217e+08 196794 20471104
0.000351175 7.02866e+08 246829 25770944
0.000420365 7.36199e+08 309472 32442752
0.000518753 7.56793e+08 392589 40842624
0.000640181 7.69201e+08 492428 51417344
0.00078605 7.85281e+08 617270 64730176
0.00100379 7.7997e+08 782923 81489984
0.00131163 7.48977e+08 982382 102589504
0.00187132 6.57896e+08 1.23114e+06 129151936
0.00284142 5.49457e+08 1.56124e+06 162591680
0.00471195 4.15883e+08 1.95962e+06 204690048
0.00687028 3.5736e+08 2.45516e+06 257689280
0.0102575 3.03463e+08 3.11277e+06 324410688
0.014333 2.7267e+08 3.90817e+06 408408576
0.0199379 2.45504e+08 4.89484e+06 514155776
0.0274378 2.26115e+08 6.20409e+06 647283264
0.037415 2.08228e+08 7.79083e+06 814880512
0.0501597 1.94448e+08 9.75343e+06 1025873216
0.0667711 1.85061e+08 1.23567e+07 1291497536
0.0872457 1.77854e+08 1.5517e+07 1625898304
0.113998 1.70292e+08 1.9413e+07 2046884480
0.14684 1.67368e+08 2.45763e+07 2576874304
0.189554 1.62753e+08 3.08505e+07 3244091712
0.243262 1.58486e+08 3.85537e+07 4084068928
0.310648 1.56907e+08 4.87428e+07 5141537600
0.394564 1.54905e+08 6.11202e+07 6472811648
0.4997 1.52553e+08 7.62307e+07 8148786624
0.631436 1.52255e+08 9.61392e+07 10258713664
0.797922 1.50708e+08 1.20253e+08 12914954368
1.00735 1.48347e+08 1.49437e+08 16258963712
