# filename: ./acpphint-7950X3D-98304MiB-threads_32-LP64-FreeBSD_main_n266130_d521abdff236_64bit-clang++_17_O3lto-libc++-cpulockdown-DSIZE_ull-ISIZE_ull-using_4_threads-cpus_kx16_kx16p2_16_18_24_26.txt
# acpphint_main version: 0.1.36

2.1621e-05 693770 15 1952
2.157e-05 880853 19 2368
1.818e-05 1.26513e+06 23 2784
1.9611e-05 1.37678e+06 27 3200
1.8711e-05 1.65678e+06 31 3616
1.9021e-05 2.05037e+06 39 4448
1.8261e-05 2.57379e+06 47 5280
1.8261e-05 3.21998e+06 58.8001 6528
1.78e-05 3.95134e+06 70.3339 7776
1.8381e-05 4.70349e+06 86.4548 9440
1.8741e-05 5.6904e+06 106.644 11520
1.8511e-05 7.04724e+06 130.451 14016
1.8241e-05 8.91103e+06 162.546 17344
1.899e-05 1.06449e+07 202.147 21504
2.0151e-05 1.26545e+07 255 26912
1.9801e-05 1.61103e+07 319 33568
1.944e-05 2.04555e+07 397.655 41888
1.9171e-05 2.59764e+07 497.994 52288
1.9881e-05 3.14399e+07 625.057 65600
2.025e-05 3.87717e+07 785.128 82240
2.0441e-05 4.83606e+07 988.539 103456
2.0211e-05 6.1453e+07 1242.03 130080
2.1571e-05 7.25003e+07 1563.9 163360
2.1461e-05 9.15869e+07 1965.55 205376
2.2371e-05 1.1028e+08 2467.07 258208
2.4661e-05 1.26281e+08 3114.2 324768
2.5481e-05 1.53502e+08 3911.39 408384
2.7261e-05 1.80216e+08 4912.88 514048
2.8871e-05 2.15013e+08 6207.63 646752
3.3801e-05 2.30735e+08 7799.08 813984
3.664e-05 2.67231e+08 9791.33 1024480
4.1671e-05 2.97179e+08 12383.7 1289472
4.768e-05 3.26218e+08 15554.1 1623104
5.4761e-05 3.56574e+08 19526.4 2043264
6.643e-05 3.71983e+08 24710.8 2572000
7.732e-05 4.01287e+08 31027.5 3237600
9.402e-05 4.14162e+08 38939.5 4075424
0.00011524 4.27869e+08 49307.6 5130400
0.000142289 4.35009e+08 61897.1 6458688
0.000174019 4.46329e+08 77669.8 8130592
0.000215568 4.56471e+08 98400.6 10235552
0.000270527 4.56464e+08 123486 12885472
0.000340586 4.54877e+08 154925 16221376
0.000420575 4.66765e+08 196309 20421312
0.000523484 4.70625e+08 246365 25708672
0.000682031 4.53108e+08 309034 32365088
0.000900689 4.34705e+08 391534 40744992
0.00122967 3.99716e+08 491521 51294752
0.00180314 3.41864e+08 616428 64575968
0.00254272 3.07105e+08 780880 81295840
0.00349083 2.80902e+08 980581 102345024
0.00485093 2.53459e+08 1.22951e+06 128844640
0.00659898 2.35988e+08 1.55728e+06 162205344
0.00893965 2.18808e+08 1.95606e+06 204204288
0.0119928 2.04458e+08 2.45204e+06 257077888
0.0159238 1.94998e+08 3.10511e+06 323641632
0.0209529 1.86185e+08 3.90112e+06 407440256
0.0273682 1.78631e+08 4.88881e+06 512936608
0.0354683 1.745e+08 6.18922e+06 645748768
0.0456982 1.70178e+08 7.77683e+06 812949152
0.0586138 1.66203e+08 9.7418e+06 1023442240
0.0747946 1.64824e+08 1.23279e+07 1288437152
0.095018 1.63014e+08 1.54893e+07 1622045856
0.120285 1.61206e+08 1.93906e+07 2042034464
0.151898 1.61428e+08 2.45206e+07 2570768800
0.192707 1.59805e+08 3.07956e+07 3236405824
0.242759 1.58637e+08 3.85106e+07 4074393312
0.306096 1.58891e+08 4.86359e+07 5129356832
0.386323 1.57931e+08 6.10123e+07 6457477184
0.487959 1.56056e+08 7.61488e+07 8129481856
0.613088 1.5648e+08 9.59359e+07 10234411072
0.773824 1.55131e+08 1.20044e+08 12884359776
0.974247 1.5323e+08 1.49284e+08 16220447648
1.2277 1.52489e+08 1.8721e+08 20420333312
