# filename: ./acpphint-7950X3D-196608MiB-threads_32-LP64-FreeBSD_main_n273201_e4ac0183a1a8_64bit-g++_14_O3lto-libstdc++-cpulockdown-DSIZE_ull-ISIZE_ull-using_4_threads_creation_untimed-cpus_kx4_kx4p1_0_9.txt
# acpphint_main version: 0.1.41

1.162e-05 1.29088e+06 15 1952
1.1841e-05 1.60459e+06 19 2368
1.1571e-05 1.98773e+06 23 2784
1.1731e-05 2.30159e+06 27 3200
1.1831e-05 2.62023e+06 31 3616
1.1791e-05 3.30761e+06 39 4448
1.1801e-05 3.98271e+06 47 5280
1.1521e-05 5.10373e+06 58.8001 6528
1.1511e-05 6.11014e+06 70.3339 7776
1.1831e-05 7.30748e+06 86.4548 9440
1.1761e-05 9.06757e+06 106.644 11520
1.1851e-05 1.10076e+07 130.451 14016
1.2091e-05 1.34436e+07 162.546 17344
1.1331e-05 1.78402e+07 202.147 21504
1.2551e-05 2.03171e+07 255 26912
1.2661e-05 2.51955e+07 319 33568
1.1991e-05 3.31628e+07 397.655 41888
1.3861e-05 3.59277e+07 497.994 52288
1.4421e-05 4.33436e+07 625.057 65600
1.4181e-05 5.53648e+07 785.128 82240
1.4271e-05 6.92691e+07 988.539 103456
1.566e-05 7.9312e+07 1242.03 130080
1.7091e-05 9.15045e+07 1563.9 163360
1.83e-05 1.07407e+08 1965.55 205376
2.2851e-05 1.07964e+08 2467.07 258208
2.588e-05 1.20332e+08 3114.2 324768
2.747e-05 1.42388e+08 3911.39 408384
3.4741e-05 1.41414e+08 4912.88 514048
3.8451e-05 1.61443e+08 6207.63 646752
4.8501e-05 1.60802e+08 7799.08 813984
5.789e-05 1.69137e+08 9791.33 1024480
6.9121e-05 1.7916e+08 12383.7 1289472
8.32e-05 1.86948e+08 15554.1 1623104
0.000101059 1.93217e+08 19526.4 2043264
0.00012419 1.98976e+08 24710.8 2572000
0.000146149 2.123e+08 31027.5 3237600
0.000181609 2.14414e+08 38939.5 4075424
0.000224358 2.19772e+08 49307.6 5130400
0.000266888 2.31921e+08 61897.1 6458688
0.000326978 2.37538e+08 77669.8 8130592
0.000407286 2.41601e+08 98400.6 10235552
0.000514385 2.40065e+08 123486 12885472
0.000643293 2.40831e+08 154925 16221376
0.000808991 2.4266e+08 196309 20421312
0.00101434 2.42882e+08 246365 25708672
0.00127675 2.42048e+08 309034 32365088
0.00160429 2.44054e+08 391534 40744992
0.00202322 2.4294e+08 491521 51294752
0.0025419 2.42507e+08 616428 64575968
0.0032143 2.42939e+08 780880 81295840
0.00405787 2.41649e+08 980581 102345024
0.00511169 2.40529e+08 1.22951e+06 128844640
0.00653739 2.38211e+08 1.55728e+06 162205344
0.00832934 2.3484e+08 1.95606e+06 204204288
0.0107877 2.273e+08 2.45204e+06 257077888
0.0139959 2.21859e+08 3.10511e+06 323641632
0.0184249 2.11731e+08 3.90112e+06 407440256
0.0242112 2.01924e+08 4.88881e+06 512936608
0.0317894 1.94694e+08 6.18922e+06 645748768
0.0418818 1.85685e+08 7.77683e+06 812949152
0.054582 1.7848e+08 9.7418e+06 1023442240
0.0710593 1.73488e+08 1.23279e+07 1288437152
0.0920375 1.68293e+08 1.54893e+07 1622045856
0.118479 1.63663e+08 1.93906e+07 2042034464
0.151933 1.61391e+08 2.45206e+07 2570768800
0.194686 1.5818e+08 3.07956e+07 3236405824
0.248941 1.54698e+08 3.85106e+07 4074393312
0.314167 1.54809e+08 4.86359e+07 5129356832
0.397404 1.53527e+08 6.10123e+07 6457477184
0.502134 1.5165e+08 7.61488e+07 8129481856
0.638208 1.50321e+08 9.59359e+07 10234411072
0.800943 1.49878e+08 1.20044e+08 12884359776
1.02062 1.46268e+08 1.49284e+08 16220447648
