# filename: ./acpphint-7950X3D-196608MiB-threads_32-LP64-FreeBSD_main_n273201_e4ac0183a1a8_64bit-clang++_19_O3lto-libc++-cpulockdown-DSIZE_ull-ISIZE_ull-using_2_threads-cpus_0_16.txt
# acpphint_main version: 0.1.41

3.334e-05 209958 7 976
3.415e-05 263543 9 1184
3.213e-05 342359 11 1392
3.203e-05 405869 13 1600
3.2941e-05 455360 15 1808
3.2661e-05 581734 19 2224
3.2411e-05 709636 23 2640
3.2051e-05 902730 28.9334 3264
3.334e-05 1.04315e+06 34.7785 3888
3.1911e-05 1.34181e+06 42.8186 4720
3.341e-05 1.58284e+06 52.8825 5760
3.313e-05 1.95635e+06 64.8139 7008
3.2331e-05 2.50059e+06 80.8465 8672
3.3381e-05 3.01713e+06 100.715 10752
3.37e-05 3.76855e+06 127 13456
3.3011e-05 4.81658e+06 159 16784
3.3831e-05 5.86881e+06 198.548 20944
3.391e-05 7.33319e+06 248.668 26144
3.382e-05 9.23623e+06 312.369 32800
3.3651e-05 1.16599e+07 392.369 41120
3.3471e-05 1.47646e+07 494.187 51728
2.45e-05 2.53625e+07 621.382 65040
2.5401e-05 3.07844e+07 781.955 81680
2.6841e-05 3.66304e+07 983.196 102688
2.8141e-05 4.38902e+07 1235.11 129104
3.0481e-05 5.10935e+07 1557.38 162384
2.9831e-05 6.56081e+07 1957.15 204192
3.4311e-05 7.1711e+07 2460.47 257024
3.8761e-05 8.00936e+07 3104.51 323376
4.296e-05 9.08536e+07 3903.07 406992
4.7851e-05 1.02502e+08 4904.82 512240
5.068e-05 1.22202e+08 6193.19 644736
5.9621e-05 1.30571e+08 7784.78 811552
6.612e-05 1.47956e+08 9782.87 1021632
7.853e-05 1.57361e+08 12357.5 1286000
9.561e-05 1.62431e+08 15530 1618800
0.00011103 1.75731e+08 19511.4 2037712
0.000137139 1.79792e+08 24656.5 2565200
0.000163769 1.89181e+08 30982 3229344
0.000197799 1.96774e+08 38921.7 4065296
0.000245248 2.00623e+08 49202.3 5117776
0.000308317 2.0048e+08 61811.3 6442736
0.000373947 2.0763e+08 77642.6 8110688
0.000465376 2.10932e+08 98162.9 10210656
0.000588814 2.09441e+08 123322 12854336
0.000754272 2.05351e+08 154891 16182544
0.000925851 2.11493e+08 195811 20372496
0.00117958 2.0859e+08 246048 25647376
0.00146832 2.10439e+08 308992 32287984
0.00187649 2.0815e+08 390591 40647920
0.0023691 2.07207e+08 490894 51172512
0.00297044 2.07509e+08 616392 64422320
0.00376698 2.06823e+08 779097 81102672
0.00481639 2.03336e+08 979346 102102144
0.00609714 2.01657e+08 1.22953e+06 128538944
0.00773208 2.00969e+08 1.55391e+06 161820816
0.00996248 1.96097e+08 1.95361e+06 203720128
0.0126331 1.94113e+08 2.45225e+06 256468304
0.0160603 1.92944e+08 3.09874e+06 322874384
0.0206452 1.88724e+08 3.89624e+06 406474576
0.0266909 1.83192e+08 4.88954e+06 511721120
0.0342837 1.80179e+08 6.17721e+06 644218576
0.0441536 1.75911e+08 7.76712e+06 811022928
0.0567213 1.71784e+08 9.74384e+06 1021017232
0.0731524 1.68215e+08 1.23053e+07 1285384400
0.0940389 1.64505e+08 1.54699e+07 1618202912
0.120627 1.60791e+08 1.93958e+07 2037196656
0.15389 1.59064e+08 2.44783e+07 2564678416
0.197185 1.55981e+08 3.0757e+07 3228738592
0.251252 1.53324e+08 3.85229e+07 4064740928
0.319199 1.52121e+08 4.85571e+07 5117205536
0.405412 1.50306e+08 6.09359e+07 6442179888
0.513313 1.48402e+08 7.61765e+07 8110223824
0.647921 1.47843e+08 9.57909e+07 10210166656
0.819749 1.46257e+08 1.19894e+08 12853838128
1.03127 1.44815e+08 1.49344e+08 16182023248
