# filename: ./acpphint-7950X3D-196608MiB-threads_32-LP64-FreeBSD_main_n273201_e4ac0183a1a8_64bit-clang++_19_O3lto-libc++-DSIZE_ul-ISIZE_ul-using_8_threads_creation_untimed-cpus_kx4_kx4p1_0_5_16_21.txt
# acpphint_main version: 0.1.41

5.883e-05 526942 31 3904
5.9551e-05 654901 39 4736
5.884e-05 798776 47 5568
6.097e-05 902083 55 6400
5.685e-05 1.10818e+06 63 7232
6.185e-05 1.27728e+06 79 8896
5.939e-05 1.5996e+06 95 10560
6.056e-05 1.95729e+06 118.533 13056
5.9751e-05 2.36724e+06 141.445 15552
6.045e-05 2.8739e+06 173.727 18880
6.153e-05 3.48065e+06 214.164 23040
6.2081e-05 4.21597e+06 261.732 28032
6.1991e-05 5.25801e+06 325.949 34688
6.0071e-05 6.74226e+06 405.014 43008
5.894e-05 8.66983e+06 511 53824
6.096e-05 1.04823e+07 639 67136
5.9491e-05 1.33781e+07 795.875 83776
5.887e-05 1.69295e+07 996.639 104576
6.019e-05 2.07744e+07 1250.41 131200
6.337e-05 2.47855e+07 1570.66 164480
6.0951e-05 3.24397e+07 1977.23 206912
6.468e-05 3.83929e+07 2483.26 260160
6.1751e-05 5.06522e+07 3127.82 326720
6.232e-05 6.30652e+07 3930.23 410752
6.521e-05 7.56152e+07 4930.87 516416
7.1811e-05 8.67261e+07 6227.89 649536
7.64e-05 1.02354e+08 7819.82 816768
7.284e-05 1.34781e+08 9817.41 1028096
7.701e-05 1.61199e+08 12413.9 1293504
8.6581e-05 1.80074e+08 15591 1627968
8.932e-05 2.1903e+08 19563.8 2048960
9.639e-05 2.56924e+08 24764.9 2578944
0.000107919 2.8811e+08 31092.5 3246208
0.000123169 3.16737e+08 39012.1 4086528
0.000142629 3.46475e+08 49417.3 5144000
0.000174479 3.5547e+08 62022 6475200
0.000198479 3.91947e+08 77793.3 8150848
0.000242548 4.06555e+08 98609.2 10260800
0.000283708 4.36102e+08 123726 12917376
0.000363627 4.267e+08 155160 16261184
0.000438326 4.48967e+08 196794 20471104
0.000587735 4.19966e+08 246829 25770944
0.000661644 4.67732e+08 309472 32442752
0.00250614 1.56651e+08 392589 40842624
0.00230342 2.13782e+08 492428 51417344
0.00308381 2.00165e+08 617270 64730176
0.00467247 1.67561e+08 782923 81489984
0.00655241 1.49927e+08 982382 102589504
0.00814525 1.51148e+08 1.23114e+06 129151936
0.00722831 2.15989e+08 1.56124e+06 162591680
0.00876625 2.23542e+08 1.95962e+06 204690048
0.0103907 2.36286e+08 2.45516e+06 257689280
0.0138976 2.23979e+08 3.11277e+06 324410688
0.0182728 2.1388e+08 3.90817e+06 408408576
0.0200428 2.44219e+08 4.89484e+06 514155776
0.0283269 2.19018e+08 6.20409e+06 647283264
0.0376082 2.07158e+08 7.79083e+06 814880512
0.0504671 1.93263e+08 9.75343e+06 1025873216
0.0667264 1.85185e+08 1.23567e+07 1291497536
0.0877492 1.76834e+08 1.5517e+07 1625898304
0.114068 1.70189e+08 1.9413e+07 2046884480
0.147309 1.66835e+08 2.45763e+07 2576874304
0.189431 1.62858e+08 3.08505e+07 3244091712
0.243328 1.58443e+08 3.85537e+07 4084068928
0.310132 1.57168e+08 4.87428e+07 5141537600
0.393795 1.55208e+08 6.11202e+07 6472811648
0.498578 1.52896e+08 7.62307e+07 8148786624
0.630426 1.52499e+08 9.61392e+07 10258713664
0.797781 1.50735e+08 1.20253e+08 12914954368
1.00708 1.48387e+08 1.49437e+08 16258963712
