# filename: ./acpphint-7950X3D-196608MiB-threads_32-LP64-FreeBSD_main_n273201_e4ac0183a1a8_64bit-g++_14_O3lto-libstdc++-cpulockdown-DSIZE_ul-ISIZE_ul-using_4_threads-cpus_kx16_kx16p4_0_4_16_20.txt
# acpphint_main version: 0.1.41

4.1991e-05 357219 15 1952
4.3001e-05 441850 19 2368
4.281e-05 537258 23 2784
4.066e-05 664043 27 3200
4.108e-05 754625 31 3616
4.115e-05 947752 39 4448
4.2051e-05 1.11769e+06 47 5280
4.1951e-05 1.40164e+06 58.8001 6528
4.2561e-05 1.65254e+06 70.3339 7776
4.253e-05 2.0328e+06 86.4548 9440
4.17e-05 2.5574e+06 106.644 11520
4.241e-05 3.07596e+06 130.451 14016
4.329e-05 3.75482e+06 162.546 17344
4.2981e-05 4.70318e+06 202.147 21504
4.536e-05 5.62169e+06 255 26912
4.504e-05 7.08259e+06 319 33568
4.3431e-05 9.15601e+06 397.655 41888
4.185e-05 1.18995e+07 497.994 52288
4.382e-05 1.42642e+07 625.057 65600
4.748e-05 1.6536e+07 785.128 82240
4.6001e-05 2.14895e+07 988.539 103456
4.505e-05 2.75699e+07 1242.03 130080
4.372e-05 3.57709e+07 1563.9 163360
4.812e-05 4.08468e+07 1965.55 205376
4.7291e-05 5.21679e+07 2467.07 258208
4.843e-05 6.43032e+07 3114.2 324768
5.16e-05 7.58021e+07 3911.39 408384
5.504e-05 8.92601e+07 4912.88 514048
5.987e-05 1.03685e+08 6207.63 646752
5.9181e-05 1.31784e+08 7799.08 813984
6.73e-05 1.45488e+08 9791.33 1024480
7.507e-05 1.64963e+08 12383.7 1289472
8.016e-05 1.94038e+08 15554.1 1623104
8.794e-05 2.22042e+08 19526.4 2043264
9.8979e-05 2.49657e+08 24710.8 2572000
0.00011587 2.67778e+08 31027.5 3237600
0.000129739 3.00137e+08 38939.5 4075424
0.000159869 3.08425e+08 49307.6 5130400
0.000186699 3.31534e+08 61897.1 6458688
0.000225938 3.43766e+08 77669.8 8130592
0.000277748 3.5428e+08 98400.6 10235552
0.000349037 3.5379e+08 123486 12885472
0.000429505 3.60705e+08 154925 16221376
0.000524694 3.74141e+08 196309 20421312
0.000652843 3.77372e+08 246365 25708672
0.000818621 3.77505e+08 309034 32365088
0.00102574 3.8171e+08 391534 40744992
0.00128485 3.8255e+08 491521 51294752
0.00162306 3.79794e+08 616428 64575968
0.00206395 3.78342e+08 780880 81295840
0.00260949 3.75776e+08 980581 102345024
0.0033408 3.68029e+08 1.22951e+06 128844640
0.00422191 3.68857e+08 1.55728e+06 162205344
0.00552399 3.54104e+08 1.95606e+06 204204288
0.00773718 3.16916e+08 2.45204e+06 257077888
0.0109475 2.83637e+08 3.10511e+06 323641632
0.0152796 2.55315e+08 3.90112e+06 407440256
0.0209259 2.33625e+08 4.88881e+06 512936608
0.0283274 2.18489e+08 6.18922e+06 645748768
0.0381086 2.0407e+08 7.77683e+06 812949152
0.0507183 1.92077e+08 9.7418e+06 1023442240
0.0668944 1.84289e+08 1.23279e+07 1288437152
0.0876455 1.76726e+08 1.54893e+07 1622045856
0.113817 1.70367e+08 1.93906e+07 2042034464
0.146507 1.67368e+08 2.45206e+07 2570768800
0.188141 1.63683e+08 3.07956e+07 3236405824
0.243569 1.5811e+08 3.85106e+07 4074393312
0.309948 1.56916e+08 4.86359e+07 5129356832
0.393427 1.55079e+08 6.10123e+07 6457477184
0.498553 1.5274e+08 7.61488e+07 8129481856
0.630021 1.52274e+08 9.59359e+07 10234411072
0.79702 1.50616e+08 1.20044e+08 12884359776
1.00624 1.48358e+08 1.49284e+08 16220447648
