# filename: ./acpphint-7950X3D-196608MiB-threads_32-LP64-FreeBSD_main_n273201_e4ac0183a1a8_64bit-g++_14_O3lto-libstdc++-DSIZE_ull-ISIZE_ull-using_4_threads-cpus_kx8p2_kx8p4_18_20_26_28.txt
# acpphint_main version: 0.1.41

1.9931e-05 752596 15 1952
2.0451e-05 929050 19 2368
1.8681e-05 1.2312e+06 23 2784
1.698e-05 1.59011e+06 27 3200
1.7351e-05 1.78664e+06 31 3616
1.7581e-05 2.2183e+06 39 4448
1.758e-05 2.67349e+06 47 5280
1.7991e-05 3.2683e+06 58.8001 6528
1.7461e-05 4.02805e+06 70.3339 7776
1.7921e-05 4.82422e+06 86.4548 9440
1.8041e-05 5.91119e+06 106.644 11520
1.8031e-05 7.23484e+06 130.451 14016
1.7871e-05 9.09553e+06 162.546 17344
1.7911e-05 1.12862e+07 202.147 21504
1.8261e-05 1.39642e+07 255 26912
1.8621e-05 1.71312e+07 319 33568
1.8471e-05 2.15286e+07 397.655 41888
1.8991e-05 2.62226e+07 497.994 52288
1.92e-05 3.25551e+07 625.057 65600
1.8311e-05 4.28774e+07 785.128 82240
1.9481e-05 5.07437e+07 988.539 103456
2.0461e-05 6.07021e+07 1242.03 130080
1.8451e-05 8.47598e+07 1563.9 163360
2.043e-05 9.62088e+07 1965.55 205376
1.9611e-05 1.25801e+08 2467.07 258208
2.2031e-05 1.41356e+08 3114.2 324768
2.4171e-05 1.61821e+08 3911.39 408384
2.601e-05 1.88884e+08 4912.88 514048
2.7351e-05 2.26962e+08 6207.63 646752
3.2771e-05 2.37987e+08 7799.08 813984
3.692e-05 2.65204e+08 9791.33 1024480
4.087e-05 3.03003e+08 12383.7 1289472
4.8381e-05 3.21492e+08 15554.1 1623104
5.919e-05 3.29893e+08 19526.4 2043264
6.895e-05 3.58388e+08 24710.8 2572000
8.471e-05 3.66279e+08 31027.5 3237600
0.00010329 3.76992e+08 38939.5 4075424
0.00012484 3.94966e+08 49307.6 5130400
0.00015552 3.98001e+08 61897.1 6458688
0.000192379 4.03733e+08 77669.8 8130592
0.000238608 4.12394e+08 98400.6 10235552
0.000298098 4.14245e+08 123486 12885472
0.000381326 4.06279e+08 154925 16221376
0.000467195 4.20187e+08 196309 20421312
0.000592125 4.16069e+08 246365 25708672
0.000751953 4.10975e+08 309034 32365088
0.00100053 3.91326e+08 391534 40744992
0.00133677 3.67694e+08 491521 51294752
0.0019215 3.20806e+08 616428 64575968
0.00266364 2.93162e+08 780880 81295840
0.00367162 2.6707e+08 980581 102345024
0.00508537 2.41774e+08 1.22951e+06 128844640
0.00691963 2.25052e+08 1.55728e+06 162205344
0.0093724 2.08705e+08 1.95606e+06 204204288
0.0125034 1.9611e+08 2.45204e+06 257077888
0.0166149 1.86887e+08 3.10511e+06 323641632
0.0218562 1.7849e+08 3.90112e+06 407440256
0.0285503 1.71235e+08 4.88881e+06 512936608
0.0370683 1.66968e+08 6.18922e+06 645748768
0.0477092 1.63005e+08 7.77683e+06 812949152
0.061169 1.5926e+08 9.7418e+06 1023442240
0.0781738 1.57699e+08 1.23279e+07 1288437152
0.099223 1.56106e+08 1.54893e+07 1622045856
0.125888 1.5403e+08 1.93906e+07 2042034464
0.159199 1.54025e+08 2.45206e+07 2570768800
0.20096 1.53243e+08 3.07956e+07 3236405824
0.253538 1.51893e+08 3.85106e+07 4074393312
0.320361 1.51816e+08 4.86359e+07 5129356832
0.404235 1.50933e+08 6.10123e+07 6457477184
0.508962 1.49616e+08 7.61488e+07 8129481856
0.641204 1.49618e+08 9.59359e+07 10234411072
0.807676 1.48629e+08 1.20044e+08 12884359776
1.01728 1.46747e+08 1.49284e+08 16220447648
