# filename: ./acpphint-7950X3D-196608MiB-threads_32-LP64-FreeBSD_main_n266876_e183039f0882_64bit-clang++_17_O3lto-libc++-cpulockdown-DSIZE_ul-ISIZE_ul-using_4_threads-cpus_kx16_kx16p2_0_2_16_18.txt
# acpphint_main version: 0.1.38

4.6321e-05 323827 15 1952
4.4611e-05 425904 19 2368
4.5331e-05 507379 23 2784
4.4631e-05 604961 27 3200
4.5081e-05 687651 31 3616
4.8111e-05 810625 39 4448
4.9141e-05 956431 47 5280
4.8311e-05 1.21712e+06 58.8001 6528
4.6401e-05 1.51578e+06 70.3339 7776
4.6091e-05 1.87574e+06 86.4548 9440
4.7101e-05 2.26415e+06 106.644 11520
4.6911e-05 2.78083e+06 130.451 14016
4.8891e-05 3.32466e+06 162.546 17344
4.6651e-05 4.33318e+06 202.147 21504
4.7231e-05 5.399e+06 255 26912
4.9331e-05 6.46652e+06 319 33568
4.3521e-05 9.13708e+06 397.655 41888
4.9011e-05 1.01609e+07 497.994 52288
4.8911e-05 1.27795e+07 625.057 65600
5.0131e-05 1.56615e+07 785.128 82240
4.9451e-05 1.99903e+07 988.539 103456
4.8851e-05 2.54248e+07 1242.03 130080
4.6271e-05 3.37988e+07 1563.9 163360
5.2701e-05 3.72962e+07 1965.55 205376
5.1661e-05 4.77551e+07 2467.07 258208
5.3571e-05 5.81323e+07 3114.2 324768
5.5861e-05 7.002e+07 3911.39 408384
5.8411e-05 8.41087e+07 4912.88 514048
6.0351e-05 1.02859e+08 6207.63 646752
6.3291e-05 1.23226e+08 7799.08 813984
6.7971e-05 1.44052e+08 9791.33 1024480
7.2411e-05 1.7102e+08 12383.7 1289472
7.9691e-05 1.9518e+08 15554.1 1623104
8.4801e-05 2.30261e+08 19526.4 2043264
9.7191e-05 2.5425e+08 24710.8 2572000
0.000112401 2.76043e+08 31027.5 3237600
0.000126001 3.09041e+08 38939.5 4075424
0.000151871 3.24668e+08 49307.6 5130400
0.000174451 3.54811e+08 61897.1 6458688
0.000212451 3.65589e+08 77669.8 8130592
0.000253451 3.88243e+08 98400.6 10235552
0.000317771 3.886e+08 123486 12885472
0.000385231 4.0216e+08 154925 16221376
0.000476451 4.12025e+08 196309 20421312
0.000603291 4.08368e+08 246365 25708672
0.000748641 4.12793e+08 309034 32365088
0.000941211 4.1599e+08 391534 40744992
0.00117204 4.19372e+08 491521 51294752
0.00145845 4.2266e+08 616428 64575968
0.00189763 4.11503e+08 780880 81295840
0.00238776 4.1067e+08 980581 102345024
0.00313415 3.92295e+08 1.22951e+06 128844640
0.00392145 3.97118e+08 1.55728e+06 162205344
0.00522957 3.74039e+08 1.95606e+06 204204288
0.00744115 3.29524e+08 2.45204e+06 257077888
0.0106334 2.92014e+08 3.10511e+06 323641632
0.0150146 2.59822e+08 3.90112e+06 407440256
0.0206116 2.37187e+08 4.88881e+06 512936608
0.028255 2.19048e+08 6.18922e+06 645748768
0.0378755 2.05326e+08 7.77683e+06 812949152
0.0506438 1.92359e+08 9.7418e+06 1023442240
0.0668468 1.8442e+08 1.23279e+07 1288437152
0.0875493 1.76921e+08 1.54893e+07 1622045856
0.114065 1.69997e+08 1.93906e+07 2042034464
0.146783 1.67053e+08 2.45206e+07 2570768800
0.188303 1.63543e+08 3.07956e+07 3236405824
0.241929 1.59182e+08 3.85106e+07 4074393312
0.309273 1.57259e+08 4.86359e+07 5129356832
0.392752 1.55346e+08 6.10123e+07 6457477184
0.497911 1.52937e+08 7.61488e+07 8129481856
0.629181 1.52477e+08 9.59359e+07 10234411072
0.796809 1.50656e+08 1.20044e+08 12884359776
1.00536 1.48487e+08 1.49284e+08 16220447648
