# filename: ./acpphint-7950X3D-196608MiB-threads_32-LP64-FreeBSD_main_n266876_e183039f0882_64bit-clang++_17_O3lto-libc++-cpulockdown-DSIZE_ull-ISIZE_ull-using_16_threads-cpus_kx4_kx4p1_0_29.txt
# acpphint_main version: 0.1.36

0.000150799 417775 63 7808
0.000149459 528573 79 9472
0.000157149 604522 95 11136
0.000147209 754030 111 12800
0.000145579 872379 127 14464
0.000146059 1.0886e+06 159 17792
0.000150839 1.26625e+06 191 21120
0.000142389 1.67148e+06 238 26112
0.000145619 1.94801e+06 283.667 31104
0.000143289 2.43056e+06 348.273 37760
0.000149779 2.86559e+06 429.204 46080
0.000154899 3.38475e+06 524.295 56064
0.000143689 4.54285e+06 652.757 69376
0.000152449 5.31817e+06 810.75 86016
0.000149799 6.82915e+06 1023 107648
0.000165568 7.72492e+06 1279 134272
0.000160719 9.90746e+06 1592.32 167552
0.000158489 1.25808e+07 1993.93 209152
0.000162868 1.53566e+07 2501.1 262400
0.000168328 1.86643e+07 3141.72 328960
0.000163688 2.41594e+07 3954.61 413824
0.000164319 3.02198e+07 4965.68 520320
0.000169799 3.68416e+07 6255.67 653440
0.000169929 4.62521e+07 7859.57 821504
0.000172159 5.72633e+07 9858.39 1032832
0.000178868 6.96338e+07 12455.3 1299072
0.000185048 8.45004e+07 15636.6 1633536
0.000183258 1.07097e+08 19626.3 2056192
0.000183598 1.35222e+08 24826.5 2587008
0.000189708 1.6433e+08 31174.8 3255936
0.000203668 1.9202e+08 39108.4 4097920
0.000207258 2.38963e+08 49527 5157888
0.000227708 2.73021e+08 62169 6492416
0.000227508 3.42769e+08 77982.7 8173056
0.000242868 4.06927e+08 98829.6 10288000
0.000259927 4.77094e+08 124010 12950400
0.000303287 5.12708e+08 155498 16301696
0.000333556 5.91232e+08 197209 20521600
0.000381966 6.47642e+08 247377 25834752
0.000448985 6.90734e+08 310129 32522368
0.000517513 7.60497e+08 393567 40942208
0.000621042 7.94623e+08 493494 51541888
0.00075632 8.17816e+08 618531 64885504
0.000896068 8.76154e+08 785093 81685248
0.00123464 7.97373e+08 984470 102834688
0.00175169 7.04234e+08 1.2336e+06 129460352
0.00251532 6.2238e+08 1.56549e+06 162979968
0.00444967 4.41329e+08 1.96377e+06 205179008
0.00672289 3.65916e+08 2.46001e+06 258303872
0.0100028 3.12023e+08 3.1211e+06 325183360
0.0144858 2.70359e+08 3.91636e+06 409380096
0.020654 2.37452e+08 4.90434e+06 515378560
0.0278811 2.23104e+08 6.22038e+06 648821376
0.0377712 2.06694e+08 7.80707e+06 816817152
0.0506723 1.92848e+08 9.77207e+06 1028311552
0.067569 1.83348e+08 1.23886e+07 1294566528
0.0893483 1.74029e+08 1.55492e+07 1629761024
0.115746 1.68037e+08 1.94495e+07 2051746432
0.149202 1.65136e+08 2.46386e+07 2582995072
0.19362 1.59663e+08 3.09139e+07 3251796608
0.247986 1.55755e+08 3.86249e+07 4093768960
0.315064 1.55092e+08 4.88639e+07 5153748608
0.398292 1.53768e+08 6.12444e+07 6488183424
0.505281 1.51141e+08 7.63686e+07 8168137856
0.637668 1.51132e+08 9.63719e+07 10283075200
0.805336 1.49619e+08 1.20494e+08 12945623296
1.01652 1.47267e+08 1.497e+08 16297573248
