# filename: ./acpphint-7950X3D-196608MiB-threads_32-LP64-FreeBSD_main_n266876_e183039f0882_64bit-clang++_17_O3lto-libc++-cpulockdown-DSIZE_ul-ISIZE_ul-using_8_threads-cpus_kx4_kx4p1_0_13.txt
# acpphint_main version: 0.1.36

4.75e-05 652632 31 3904
4.772e-05 817267 39 4736
4.704e-05 999150 47 5568
4.633e-05 1.18714e+06 55 6400
4.612e-05 1.366e+06 63 7232
4.388e-05 1.80036e+06 79 8896
4.553e-05 2.08654e+06 95 10560
4.6451e-05 2.55179e+06 118.533 13056
4.262e-05 3.31874e+06 141.445 15552
4.79e-05 3.62688e+06 173.727 18880
4.496e-05 4.76344e+06 214.164 23040
4.6751e-05 5.59842e+06 261.732 28032
4.53e-05 7.19535e+06 325.949 34688
4.6511e-05 8.70793e+06 405.014 43008
4.5651e-05 1.11936e+07 511 53824
4.0911e-05 1.56193e+07 639 67136
4.4701e-05 1.78044e+07 795.875 83776
4.2841e-05 2.32637e+07 996.639 104576
4.3791e-05 2.8554e+07 1250.41 131200
4.619e-05 3.40043e+07 1570.66 164480
4.285e-05 4.61431e+07 1977.23 206912
4.362e-05 5.69293e+07 2483.26 260160
4.508e-05 6.93838e+07 3127.82 326720
4.758e-05 8.26025e+07 3930.23 410752
4.878e-05 1.01084e+08 4930.87 516416
4.96e-05 1.25562e+08 6227.89 649536
5.4241e-05 1.44168e+08 7819.82 816768
5.85e-05 1.67819e+08 9817.41 1028096
6.339e-05 1.95834e+08 12413.9 1293504
7.221e-05 2.15912e+08 15591 1627968
8.223e-05 2.37916e+08 19563.8 2048960
9.6239e-05 2.57327e+08 24764.9 2578944
0.000113159 2.74768e+08 31092.5 3246208
0.000131479 2.96718e+08 39012.1 4086528
0.000151478 3.26234e+08 49417.3 5144000
0.000184318 3.36494e+08 62022 6475200
0.000217058 3.58398e+08 77793.3 8150848
0.000253038 3.89701e+08 98609.2 10260800
0.000288457 4.28922e+08 123726 12917376
0.000347876 4.4602e+08 155160 16261184
0.000414285 4.75021e+08 196794 20471104
0.000507674 4.86196e+08 246829 25770944
0.000630501 4.90836e+08 309472 32442752
0.00078215 5.01935e+08 392589 40842624
0.000992466 4.96166e+08 492428 51417344
0.00123535 4.99671e+08 617270 64730176
0.00155036 5.04995e+08 782923 81489984
0.00195274 5.03078e+08 982382 102589504
0.00264761 4.64999e+08 1.23114e+06 129151936
0.00402731 3.87662e+08 1.56124e+06 162591680
0.00569423 3.44142e+08 1.95962e+06 204690048
0.0081035 3.02976e+08 2.45516e+06 257689280
0.0114894 2.70925e+08 3.11277e+06 324410688
0.0160374 2.43691e+08 3.90817e+06 408408576
0.0221718 2.20769e+08 4.89484e+06 514155776
0.0300041 2.06775e+08 6.20409e+06 647283264
0.0402587 1.93519e+08 7.79083e+06 814880512
0.0533413 1.8285e+08 9.75343e+06 1025873216
0.0707629 1.74621e+08 1.23567e+07 1291497536
0.0935792 1.65817e+08 1.5517e+07 1625898304
0.120762 1.60754e+08 1.9413e+07 2046884480
0.15547 1.58077e+08 2.45763e+07 2576874304
0.196294 1.57165e+08 3.08505e+07 3244091712
0.24974 1.54375e+08 3.85537e+07 4084068928
0.315617 1.54437e+08 4.87428e+07 5141537600
0.399273 1.53079e+08 6.11202e+07 6472811648
0.504736 1.51031e+08 7.62307e+07 8148786624
0.637776 1.50741e+08 9.61392e+07 10258713664
0.804528 1.49471e+08 1.20253e+08 12914954368
1.01615 1.47063e+08 1.49437e+08 16258963712
