# filename: ./acpphint-7950X3D-196608MiB-threads_32-LP64-FreeBSD_main_n266876_e183039f0882_64bit-g++_13_O3lto-libc++-DSIZE_ul-ISIZE_ul-using_2_threads-cpus_0_1.txt
# acpphint_main version: 0.1.36

1.829e-05 382723 7 976
1.824e-05 493421 9 1184
1.8169e-05 605427 11 1392
1.835e-05 708447 13 1600
1.831e-05 819224 15 1808
1.8359e-05 1.03491e+06 19 2224
1.834e-05 1.25409e+06 23 2640
1.92e-05 1.50695e+06 28.9334 3264
2.026e-05 1.71661e+06 34.7785 3888
2.0319e-05 2.10732e+06 42.8186 4720
1.968e-05 2.68712e+06 52.8825 5760
1.974e-05 3.28338e+06 64.8139 7008
1.9859e-05 4.07102e+06 80.8465 8672
2.0069e-05 5.01842e+06 100.715 10752
2.04e-05 6.22549e+06 127 13456
2.06e-05 7.71845e+06 159 16784
2.087e-05 9.51355e+06 198.548 20944
1.416e-05 1.75613e+07 248.668 26144
1.462e-05 2.13659e+07 312.369 32800
1.5469e-05 2.53648e+07 392.369 41120
1.634e-05 3.0244e+07 494.187 51728
1.761e-05 3.52857e+07 621.382 65040
1.9109e-05 4.09208e+07 781.955 81680
2.097e-05 4.68858e+07 983.196 102688
2.343e-05 5.2715e+07 1235.11 129104
2.652e-05 5.87247e+07 1557.38 162384
3.039e-05 6.44012e+07 1957.15 204192
3.54e-05 6.95049e+07 2460.47 257024
4.1609e-05 7.46115e+07 3104.51 323376
4.9509e-05 7.88356e+07 3903.07 406992
5.5879e-05 8.77757e+07 4904.82 512240
7.2279e-05 8.56845e+07 6193.19 644736
8.8498e-05 8.79656e+07 7784.78 811552
0.000108618 9.00668e+07 9782.87 1021632
0.000134178 9.20981e+07 12357.5 1286000
0.000162708 9.5447e+07 15530 1618800
0.000205587 9.49057e+07 19511.4 2037712
0.000258537 9.53692e+07 24656.5 2565200
0.000320175 9.67658e+07 30982 3229344
0.000383374 1.01524e+08 38921.7 4065296
0.000471783 1.0429e+08 49202.3 5117776
0.000593892 1.04078e+08 61811.3 6442736
0.000749979 1.03526e+08 77642.6 8110688
0.000812068 1.2088e+08 98162.9 10210656
0.000991895 1.2433e+08 123322 12854336
0.00124211 1.247e+08 154891 16182544
0.00156891 1.24807e+08 195811 20372496
0.00196276 1.25358e+08 246048 25647376
0.00247078 1.25058e+08 308992 32287984
0.00310426 1.25824e+08 390591 40647920
0.00392682 1.2501e+08 490894 51172512
0.00491761 1.25344e+08 616392 64422320
0.00618527 1.2596e+08 779097 81102672
0.00779745 1.25598e+08 979346 102102144
0.00983745 1.24985e+08 1.22953e+06 128538944
0.01243 1.25013e+08 1.55391e+06 161820816
0.0156812 1.24583e+08 1.95361e+06 203720128
0.0198535 1.23517e+08 2.45225e+06 256468304
0.025018 1.2386e+08 3.09874e+06 322874384
0.0315586 1.2346e+08 3.89624e+06 406474576
0.039663 1.23277e+08 4.88954e+06 511721120
0.049971 1.23616e+08 6.17721e+06 644218576
0.0629477 1.2339e+08 7.76712e+06 811022928
0.0794625 1.22622e+08 9.74384e+06 1021017232
0.0998854 1.23194e+08 1.23053e+07 1285384400
0.125999 1.22778e+08 1.54699e+07 1618202912
0.15849 1.22379e+08 1.93958e+07 2037196656
0.199325 1.22806e+08 2.44783e+07 2564678416
0.251529 1.2228e+08 3.0757e+07 3228738592
0.316574 1.21687e+08 3.85229e+07 4064740928
0.398077 1.21979e+08 4.85571e+07 5117205536
0.501223 1.21574e+08 6.09359e+07 6442179888
0.631164 1.20692e+08 7.61765e+07 8110223824
0.791053 1.21093e+08 9.57909e+07 10210166656
0.996113 1.20362e+08 1.19894e+08 12853838128
1.25286 1.19202e+08 1.49344e+08 16182023248
