# filename: ./acpphint-7950X3D-98304MiB-threads_32-LP64-FreeBSD_main_n266130_d521abdff236_64bit-g++_13_O3lto-libc++-cpulockdown-DSIZE_ul-ISIZE_ul-using_4_threads-cpus_kx8_kx8p2_0_2_8_10.txt
# acpphint_main version: 0.1.36

2.4231e-05 619042 15 1952
2.3951e-05 793286 19 2368
2.1171e-05 1.08639e+06 23 2784
2.1781e-05 1.23961e+06 27 3200
2.0791e-05 1.49103e+06 31 3616
2.1361e-05 1.82576e+06 39 4448
2.122e-05 2.21489e+06 47 5280
2.1731e-05 2.70581e+06 58.8001 6528
2.1281e-05 3.30501e+06 70.3339 7776
2.185e-05 3.95674e+06 86.4548 9440
2.215e-05 4.81461e+06 106.644 11520
2.08e-05 6.2717e+06 130.451 14016
2.1991e-05 7.39149e+06 162.546 17344
2.1111e-05 9.57545e+06 202.147 21504
2.1901e-05 1.16433e+07 255 26912
2.0921e-05 1.52478e+07 319 33568
2.152e-05 1.84784e+07 397.655 41888
2.2751e-05 2.18889e+07 497.994 52288
2.2081e-05 2.83075e+07 625.057 65600
2.2131e-05 3.54764e+07 785.128 82240
2.25e-05 4.39351e+07 988.539 103456
2.2791e-05 5.44963e+07 1242.03 130080
2.3961e-05 6.52687e+07 1563.9 163360
2.494e-05 7.8811e+07 1965.55 205376
2.6131e-05 9.44118e+07 2467.07 258208
2.6841e-05 1.16024e+08 3114.2 324768
2.8631e-05 1.36614e+08 3911.39 408384
3.0391e-05 1.61656e+08 4912.88 514048
3.381e-05 1.83604e+08 6207.63 646752
3.623e-05 2.15266e+08 7799.08 813984
4.151e-05 2.35879e+08 9791.33 1024480
4.712e-05 2.62813e+08 12383.7 1289472
5.366e-05 2.89864e+08 15554.1 1623104
6.144e-05 3.17812e+08 19526.4 2043264
7.455e-05 3.31467e+08 24710.8 2572000
8.789e-05 3.53026e+08 31027.5 3237600
0.000109539 3.55486e+08 38939.5 4075424
0.00013187 3.73911e+08 49307.6 5130400
0.000164788 3.75616e+08 61897.1 6458688
0.000208908 3.71789e+08 77669.8 8130592
0.000253368 3.8837e+08 98400.6 10235552
0.000323726 3.81451e+08 123486 12885472
0.000402435 3.84968e+08 154925 16221376
0.000496574 3.95328e+08 196309 20421312
0.000645042 3.81936e+08 246365 25708672
0.000814099 3.79602e+08 309034 32365088
0.00101244 3.86724e+08 391534 40744992
0.0012729 3.86142e+08 491521 51294752
0.00159565 3.86318e+08 616428 64575968
0.00201613 3.87316e+08 780880 81295840
0.00256776 3.81881e+08 980581 102345024
0.00332231 3.70078e+08 1.22951e+06 128844640
0.00446714 3.48608e+08 1.55728e+06 162205344
0.00612222 3.19503e+08 1.95606e+06 204204288
0.00846094 2.89807e+08 2.45204e+06 257077888
0.0115052 2.69886e+08 3.10511e+06 323641632
0.0157761 2.47281e+08 3.90112e+06 407440256
0.0213822 2.28639e+08 4.88881e+06 512936608
0.0287579 2.15218e+08 6.18922e+06 645748768
0.0382964 2.03069e+08 7.77683e+06 812949152
0.0506526 1.92326e+08 9.7418e+06 1023442240
0.0664404 1.85548e+08 1.23279e+07 1288437152
0.0866448 1.78767e+08 1.54893e+07 1622045856
0.112174 1.72862e+08 1.93906e+07 2042034464
0.144124 1.70135e+08 2.45206e+07 2570768800
0.18453 1.66887e+08 3.07956e+07 3236405824
0.235938 1.63224e+08 3.85106e+07 4074393312
0.300025 1.62106e+08 4.86359e+07 5129356832
0.377864 1.61466e+08 6.10123e+07 6457477184
0.478866 1.59019e+08 7.61488e+07 8129481856
0.604191 1.58784e+08 9.59359e+07 10234411072
0.763214 1.57288e+08 1.20044e+08 12884359776
0.96287 1.5504e+08 1.49284e+08 16220447648
1.21521 1.54056e+08 1.8721e+08 20420333312
