# filename: ./acpphint-7950X3D-196608MiB-threads_32-LP64-FreeBSD_main_n266876_e183039f0882_64bit-g++_13_O3lto-libc++-DSIZE_ull-ISIZE_ull-using_4_threads-cpus_kx8p2_kx8p4_18_20_26_28.txt
# acpphint_main version: 0.1.36

2e-05 750000 15 1952
1.8591e-05 1.022e+06 19 2368
1.737e-05 1.32412e+06 23 2784
1.7971e-05 1.50242e+06 27 3200
1.8111e-05 1.71167e+06 31 3616
1.7871e-05 2.18231e+06 39 4448
1.8161e-05 2.58796e+06 47 5280
1.8171e-05 3.23593e+06 58.8001 6528
1.8261e-05 3.85159e+06 70.3339 7776
1.8681e-05 4.62795e+06 86.4548 9440
1.7831e-05 5.9808e+06 106.644 11520
1.791e-05 7.28372e+06 130.451 14016
1.8041e-05 9.00982e+06 162.546 17344
1.8581e-05 1.08792e+07 202.147 21504
1.808e-05 1.4104e+07 255 26912
1.75e-05 1.82286e+07 319 33568
1.827e-05 2.17654e+07 397.655 41888
1.9351e-05 2.57348e+07 497.994 52288
1.8851e-05 3.31578e+07 625.057 65600
1.965e-05 3.99556e+07 785.128 82240
1.9131e-05 5.16721e+07 988.539 103456
2.0601e-05 6.02896e+07 1242.03 130080
2.0561e-05 7.60617e+07 1563.9 163360
1.8231e-05 1.07813e+08 1965.55 205376
1.942e-05 1.27038e+08 2467.07 258208
2.1441e-05 1.45245e+08 3114.2 324768
2.2171e-05 1.76419e+08 3911.39 408384
2.423e-05 2.0276e+08 4912.88 514048
2.7271e-05 2.27628e+08 6207.63 646752
3.244e-05 2.40416e+08 7799.08 813984
3.4371e-05 2.84872e+08 9791.33 1024480
3.958e-05 3.12879e+08 12383.7 1289472
4.675e-05 3.32708e+08 15554.1 1623104
5.407e-05 3.61131e+08 19526.4 2043264
6.525e-05 3.7871e+08 24710.8 2572000
7.974e-05 3.89108e+08 31027.5 3237600
9.601e-05 4.05578e+08 38939.5 4075424
0.000119269 4.13415e+08 49307.6 5130400
0.000145799 4.24537e+08 61897.1 6458688
0.000183879 4.22396e+08 77669.8 8130592
0.000228468 4.30698e+08 98400.6 10235552
0.000290447 4.25158e+08 123486 12885472
0.000362866 4.26947e+08 154925 16221376
0.000452324 4.34002e+08 196309 20421312
0.000575533 4.28063e+08 246365 25708672
0.00073603 4.19866e+08 309034 32365088
0.000966537 4.05089e+08 391534 40744992
0.00127287 3.86151e+08 491521 51294752
0.00188794 3.26508e+08 616428 64575968
0.00263611 2.96224e+08 780880 81295840
0.00365902 2.6799e+08 980581 102345024
0.00503567 2.4416e+08 1.22951e+06 128844640
0.0069005 2.25676e+08 1.55728e+06 162205344
0.00934221 2.09379e+08 1.95606e+06 204204288
0.0124758 1.96544e+08 2.45204e+06 257077888
0.0165589 1.87519e+08 3.10511e+06 323641632
0.0218132 1.78842e+08 3.90112e+06 407440256
0.028462 1.71766e+08 4.88881e+06 512936608
0.0369434 1.67533e+08 6.18922e+06 645748768
0.0477025 1.63028e+08 7.77683e+06 812949152
0.0612663 1.59008e+08 9.7418e+06 1023442240
0.0781737 1.57699e+08 1.23279e+07 1288437152
0.0993276 1.55941e+08 1.54893e+07 1622045856
0.125859 1.54067e+08 1.93906e+07 2042034464
0.159016 1.54202e+08 2.45206e+07 2570768800
0.201545 1.52797e+08 3.07956e+07 3236405824
0.254237 1.51476e+08 3.85106e+07 4074393312
0.320594 1.51706e+08 4.86359e+07 5129356832
0.403782 1.51102e+08 6.10123e+07 6457477184
0.509233 1.49536e+08 7.61488e+07 8129481856
0.641164 1.49628e+08 9.59359e+07 10234411072
0.808148 1.48542e+08 1.20044e+08 12884359776
1.01684 1.46812e+08 1.49284e+08 16220447648
