# filename: ./acpphint-7950X3D-196608MiB-threads_32-LP64-FreeBSD_main_n273201_e4ac0183a1a8_64bit-clang++_19_O3lto-libc++-cpulockdown-DSIZE_ull-ISIZE_ull-using_2_threads-cpus_0_2.txt
# acpphint_main version: 0.1.41

1.5001e-05 466636 7 976
1.5061e-05 597570 9 1184
1.4631e-05 751828 11 1392
1.5e-05 866667 13 1600
1.4981e-05 1.00127e+06 15 1808
1.468e-05 1.29428e+06 19 2224
1.473e-05 1.56144e+06 23 2640
1.4741e-05 1.96278e+06 28.9334 3264
1.4511e-05 2.3967e+06 34.7785 3888
1.4611e-05 2.93057e+06 42.8186 4720
1.4821e-05 3.56808e+06 52.8825 5760
1.5191e-05 4.2666e+06 64.8139 7008
1.512e-05 5.34699e+06 80.8465 8672
1.5251e-05 6.60381e+06 100.715 10752
1.528e-05 8.31152e+06 127 13456
1.5521e-05 1.02442e+07 159 16784
1.5551e-05 1.27675e+07 198.548 20944
1.5351e-05 1.61988e+07 248.668 26144
1.5731e-05 1.98569e+07 312.369 32800
1.6101e-05 2.43692e+07 392.369 41120
1.6461e-05 3.00217e+07 494.187 51728
1.68e-05 3.6987e+07 621.382 65040
1.5181e-05 5.15088e+07 781.955 81680
1.8291e-05 5.3753e+07 983.196 102688
1.9361e-05 6.37939e+07 1235.11 129104
2.051e-05 7.59327e+07 1557.38 162384
2.2251e-05 8.7958e+07 1957.15 204192
2.5231e-05 9.75179e+07 2460.47 257024
2.449e-05 1.26766e+08 3104.51 323376
3.1521e-05 1.23825e+08 3903.07 406992
3.378e-05 1.45199e+08 4904.82 512240
4.1711e-05 1.48479e+08 6193.19 644736
4.638e-05 1.67848e+08 7784.78 811552
5.388e-05 1.81568e+08 9782.87 1021632
6.808e-05 1.81515e+08 12357.5 1286000
8.301e-05 1.87086e+08 15530 1618800
0.00010018 1.94763e+08 19511.4 2037712
0.000124629 1.97839e+08 24656.5 2565200
0.000153259 2.02155e+08 30982 3229344
0.000186489 2.08708e+08 38921.7 4065296
0.000237748 2.06952e+08 49202.3 5117776
0.000292217 2.11525e+08 61811.3 6442736
0.000365907 2.12192e+08 77642.6 8110688
0.000463676 2.11706e+08 98162.9 10210656
0.000582885 2.11572e+08 123322 12854336
0.000736513 2.10303e+08 154891 16182544
0.000920011 2.12836e+08 195811 20372496
0.00119579 2.05762e+08 246048 25647376
0.00147714 2.09182e+08 308992 32287984
0.00187449 2.08372e+08 390591 40647920
0.00235566 2.08389e+08 490894 51172512
0.002973 2.0733e+08 616392 64422320
0.00377902 2.06164e+08 779097 81102672
0.00487405 2.00931e+08 979346 102102144
0.00619513 1.98468e+08 1.22953e+06 128538944
0.00795513 1.95334e+08 1.55391e+06 161820816
0.0101788 1.9193e+08 1.95361e+06 203720128
0.0130628 1.87728e+08 2.45225e+06 256468304
0.0167328 1.85189e+08 3.09874e+06 322874384
0.0214245 1.81859e+08 3.89624e+06 406474576
0.0275851 1.77253e+08 4.88954e+06 511721120
0.035583 1.736e+08 6.17721e+06 644218576
0.0456808 1.7003e+08 7.76712e+06 811022928
0.0588092 1.65686e+08 9.74384e+06 1021017232
0.0753625 1.63282e+08 1.23053e+07 1285384400
0.0967344 1.59921e+08 1.54699e+07 1618202912
0.123743 1.56743e+08 1.93958e+07 2037196656
0.158013 1.54913e+08 2.44783e+07 2564678416
0.200818 1.53158e+08 3.0757e+07 3228738592
0.256336 1.50283e+08 3.85229e+07 4064740928
0.32575 1.49063e+08 4.85571e+07 5117205536
0.412603 1.47686e+08 6.09359e+07 6442179888
0.518652 1.46874e+08 7.61765e+07 8110223824
0.655098 1.46224e+08 9.57909e+07 10210166656
0.826234 1.4511e+08 1.19894e+08 12853838128
1.04255 1.43249e+08 1.49344e+08 16182023248
