# filename: ./acpphint-7950X3D-98304MiB-threads_32-LP64-FreeBSD_main_n266130_d521abdff236_64bit-clang++_17_O3lto-libc++-DSIZE_ul-ISIZE_ul-using_8_threads-cpus_kx4_kx4p1_16_17_28_29.txt
# acpphint_main version: 0.1.36

4.042e-05 766947 31 3904
4.1181e-05 947039 39 4736
3.9991e-05 1.17526e+06 47 5568
3.947e-05 1.39346e+06 55 6400
4.055e-05 1.55364e+06 63 7232
3.928e-05 2.0112e+06 79 8896
4e-05 2.375e+06 95 10560
3.998e-05 2.96482e+06 118.533 13056
3.88e-05 3.64548e+06 141.445 15552
3.932e-05 4.4183e+06 173.727 18880
4.083e-05 5.24527e+06 214.164 23040
4.5041e-05 5.81096e+06 261.732 28032
4.2091e-05 7.74392e+06 325.949 34688
3.345e-05 1.21081e+07 405.014 43008
3.973e-05 1.28618e+07 511 53824
3.682e-05 1.73547e+07 639 67136
4.0621e-05 1.95927e+07 795.875 83776
4.28e-05 2.3286e+07 996.639 104576
4.1991e-05 2.9778e+07 1250.41 131200
4.4051e-05 3.56554e+07 1570.66 164480
4.468e-05 4.42532e+07 1977.23 206912
3.8941e-05 6.37697e+07 2483.26 260160
4.064e-05 7.69641e+07 3127.82 326720
4.3921e-05 8.9484e+07 3930.23 410752
3.812e-05 1.29351e+08 4930.87 516416
4.021e-05 1.54884e+08 6227.89 649536
4.248e-05 1.84082e+08 7819.82 816768
4.25e-05 2.30998e+08 9817.41 1028096
4.608e-05 2.694e+08 12413.9 1293504
5.207e-05 2.99424e+08 15591 1627968
5.813e-05 3.36553e+08 19563.8 2048960
6.737e-05 3.67595e+08 24764.9 2578944
7.713e-05 4.03118e+08 31092.5 3246208
9.2039e-05 4.23865e+08 39012.1 4086528
0.000108859 4.53957e+08 49417.3 5144000
0.000130609 4.74868e+08 62022 6475200
0.000158529 4.90719e+08 77793.3 8150848
0.000191778 5.14184e+08 98609.2 10260800
0.000236058 5.24132e+08 123726 12917376
0.000291997 5.31374e+08 155160 16261184
0.000362406 5.43021e+08 196794 20471104
0.000448085 5.50853e+08 246829 25770944
0.000570303 5.42645e+08 309472 32442752
0.00074141 5.29516e+08 392589 40842624
0.00107613 4.57593e+08 492428 51417344
0.0016514 3.73787e+08 617270 64730176
0.00236115 3.31586e+08 782923 81489984
0.00336883 2.91609e+08 982382 102589504
0.00478613 2.5723e+08 1.23114e+06 129151936
0.00659073 2.36884e+08 1.56124e+06 162591680
0.00894299 2.19124e+08 1.95962e+06 204690048
0.0120737 2.03348e+08 2.45516e+06 257689280
0.0160758 1.93631e+08 3.11277e+06 324410688
0.0211845 1.84483e+08 3.90817e+06 408408576
0.0287669 1.70156e+08 4.89484e+06 514155776
0.0374735 1.65559e+08 6.20409e+06 647283264
0.0481033 1.61961e+08 7.79083e+06 814880512
0.0609676 1.59977e+08 9.75343e+06 1025873216
0.0769601 1.6056e+08 1.23567e+07 1291497536
0.0973668 1.59367e+08 1.5517e+07 1625898304
0.123153 1.57633e+08 1.9413e+07 2046884480
0.155416 1.58132e+08 2.45763e+07 2576874304
0.195972 1.57423e+08 3.08505e+07 3244091712
0.247262 1.55922e+08 3.85537e+07 4084068928
0.311792 1.56331e+08 4.87428e+07 5141537600
0.392698 1.55641e+08 6.11202e+07 6472811648
0.494998 1.54002e+08 7.62307e+07 8148786624
0.623426 1.54211e+08 9.61392e+07 10258713664
0.785408 1.53109e+08 1.20253e+08 12914954368
0.989231 1.51064e+08 1.49437e+08 16258963712
1.2455 1.50613e+08 1.87589e+08 20468822144
