# filename: ./acpphint-7950X3D-196608MiB-threads_32-LP64-FreeBSD_main_n266876_e183039f0882_64bit-clang++_17_O3lto-libc++-DSIZE_ull-ISIZE_ull-using_8_threads-cpus_kx2s_16_18_28_30.txt
# acpphint_main version: 0.1.36

3.6261e-05 854913 31 3904
3.651e-05 1.0682e+06 39 4736
3.57e-05 1.31653e+06 47 5568
3.5601e-05 1.5449e+06 55 6400
3.5231e-05 1.7882e+06 63 7232
3.6911e-05 2.14028e+06 79 8896
3.712e-05 2.55927e+06 95 10560
3.566e-05 3.32399e+06 118.533 13056
3.741e-05 3.78093e+06 141.445 15552
3.4861e-05 4.98343e+06 173.727 18880
3.7471e-05 5.71547e+06 214.164 23040
3.796e-05 6.89493e+06 261.732 28032
3.76e-05 8.66886e+06 325.949 34688
3.495e-05 1.15884e+07 405.014 43008
3.557e-05 1.4366e+07 511 53824
3.383e-05 1.88886e+07 639 67136
3.4601e-05 2.30015e+07 795.875 83776
3.4851e-05 2.85971e+07 996.639 104576
3.511e-05 3.5614e+07 1250.41 131200
3.653e-05 4.29964e+07 1570.66 164480
3.4401e-05 5.7476e+07 1977.23 206912
3.4841e-05 7.12739e+07 2483.26 260160
3.615e-05 8.65234e+07 3127.82 326720
3.5851e-05 1.09627e+08 3930.23 410752
3.691e-05 1.33592e+08 4930.87 516416
3.7651e-05 1.65411e+08 6227.89 649536
3.924e-05 1.99282e+08 7819.82 816768
3.979e-05 2.46731e+08 9817.41 1028096
3.8511e-05 3.22348e+08 12413.9 1293504
4.4341e-05 3.51616e+08 15591 1627968
4.745e-05 4.12304e+08 19563.8 2048960
5.263e-05 4.70547e+08 24764.9 2578944
5.938e-05 5.23619e+08 31092.5 3246208
7.001e-05 5.57237e+08 39012.1 4086528
8.065e-05 6.12738e+08 49417.3 5144000
9.1179e-05 6.80222e+08 62022 6475200
0.000107769 7.21852e+08 77793.3 8150848
0.000129949 7.5883e+08 98609.2 10260800
0.000156959 7.88267e+08 123726 12917376
0.000189618 8.18275e+08 155160 16261184
0.000231878 8.48696e+08 196794 20471104
0.000289507 8.52584e+08 246829 25770944
0.000358455 8.63351e+08 309472 32442752
0.000508293 7.72367e+08 392589 40842624
0.000871758 5.64868e+08 492428 51417344
0.0014961 4.12587e+08 617270 64730176
0.00233327 3.35548e+08 782923 81489984
0.0033893 2.89848e+08 982382 102589504
0.00482755 2.55023e+08 1.23114e+06 129151936
0.006718 2.32396e+08 1.56124e+06 162591680
0.00940332 2.08397e+08 1.95962e+06 204690048
0.012978 1.89178e+08 2.45516e+06 257689280
0.0174622 1.78257e+08 3.11277e+06 324410688
0.0229966 1.69946e+08 3.90817e+06 408408576
0.0300951 1.62646e+08 4.89484e+06 514155776
0.038881 1.59566e+08 6.20409e+06 647283264
0.0496055 1.57056e+08 7.79083e+06 814880512
0.0630543 1.54683e+08 9.75343e+06 1025873216
0.0799001 1.54652e+08 1.23567e+07 1291497536
0.101081 1.53511e+08 1.5517e+07 1625898304
0.127693 1.52028e+08 1.9413e+07 2046884480
0.161213 1.52446e+08 2.45763e+07 2576874304
0.203299 1.51749e+08 3.08505e+07 3244091712
0.256304 1.50421e+08 3.85537e+07 4084068928
0.322902 1.50952e+08 4.87428e+07 5141537600
0.406755 1.50263e+08 6.11202e+07 6472811648
0.512506 1.48741e+08 7.62307e+07 8148786624
0.645435 1.48953e+08 9.61392e+07 10258713664
0.812541 1.47996e+08 1.20253e+08 12914954368
1.02347 1.4601e+08 1.49437e+08 16258963712
