# filename: ./acpphint-7950X3D-196608MiB-threads_32-LP64-FreeBSD_main_n273201_e4ac0183a1a8_64bit-g++_14_O3lto-libstdc++-DSIZE_ull-ISIZE_ull-using_2_threads-cpus_0_4.txt
# acpphint_main version: 0.1.41

1.3021e-05 537593 7 976
1.3071e-05 688547 9 1184
1.3091e-05 840272 11 1392
1.2961e-05 1.00301e+06 13 1600
1.2941e-05 1.15911e+06 15 1808
1.2801e-05 1.48426e+06 19 2224
1.2821e-05 1.79393e+06 23 2640
1.2971e-05 2.23062e+06 28.9334 3264
1.3201e-05 2.63453e+06 34.7785 3888
1.4691e-05 2.91461e+06 42.8186 4720
1.3661e-05 3.87106e+06 52.8825 5760
1.3551e-05 4.78296e+06 64.8139 7008
1.2891e-05 6.27154e+06 80.8465 8672
1.3421e-05 7.50426e+06 100.715 10752
1.0311e-05 1.23169e+07 127 13456
1.382e-05 1.15051e+07 159 16784
1.3181e-05 1.50632e+07 198.548 20944
1.149e-05 2.16422e+07 248.668 26144
1.1921e-05 2.62033e+07 312.369 32800
1.1321e-05 3.46585e+07 392.369 41120
1.1571e-05 4.27091e+07 494.187 51728
1.5831e-05 3.92509e+07 621.382 65040
1.6571e-05 4.71881e+07 781.955 81680
1.3981e-05 7.03237e+07 983.196 102688
1.6371e-05 7.54452e+07 1235.11 129104
1.9861e-05 7.84139e+07 1557.38 162384
2.1461e-05 9.11958e+07 1957.15 204192
2.3441e-05 1.04965e+08 2460.47 257024
2.3481e-05 1.32214e+08 3104.51 323376
3.0381e-05 1.28471e+08 3903.07 406992
3.2891e-05 1.49123e+08 4904.82 512240
3.861e-05 1.60404e+08 6193.19 644736
4.722e-05 1.64862e+08 7784.78 811552
5.65e-05 1.73148e+08 9782.87 1021632
6.8981e-05 1.79144e+08 12357.5 1286000
8.316e-05 1.86748e+08 15530 1618800
0.00010445 1.86801e+08 19511.4 2037712
0.00013017 1.89418e+08 24656.5 2565200
0.000158789 1.95114e+08 30982 3229344
0.000198639 1.95942e+08 38921.7 4065296
0.000251818 1.95388e+08 49202.3 5117776
0.000314588 1.96483e+08 61811.3 6442736
0.000390857 1.98647e+08 77642.6 8110688
0.000496456 1.97727e+08 98162.9 10210656
0.000627684 1.96471e+08 123322 12854336
0.000787023 1.96806e+08 154891 16182544
0.00099525 1.96746e+08 195811 20372496
0.00126532 1.94456e+08 246048 25647376
0.00157525 1.96154e+08 308992 32287984
0.00201768 1.93584e+08 390591 40647920
0.00250642 1.95854e+08 490894 51172512
0.00322217 1.91297e+08 616392 64422320
0.00403938 1.92875e+08 779097 81102672
0.00513339 1.9078e+08 979346 102102144
0.00649761 1.89228e+08 1.22953e+06 128538944
0.00831256 1.86935e+08 1.55391e+06 161820816
0.0106414 1.83586e+08 1.95361e+06 203720128
0.0135602 1.80842e+08 2.45225e+06 256468304
0.017339 1.78715e+08 3.09874e+06 322874384
0.0221303 1.76059e+08 3.89624e+06 406474576
0.0283454 1.72499e+08 4.88954e+06 511721120
0.0362416 1.70445e+08 6.17721e+06 644218576
0.0464153 1.6734e+08 7.76712e+06 811022928
0.0595925 1.63508e+08 9.74384e+06 1021017232
0.076122 1.61653e+08 1.23053e+07 1285384400
0.0973902 1.58844e+08 1.54699e+07 1618202912
0.124436 1.5587e+08 1.93958e+07 2037196656
0.158685 1.54258e+08 2.44783e+07 2564678416
0.201823 1.52396e+08 3.0757e+07 3228738592
0.257568 1.49564e+08 3.85229e+07 4064740928
0.32673 1.48615e+08 4.85571e+07 5117205536
0.412233 1.47819e+08 6.09359e+07 6442179888
0.519677 1.46584e+08 7.61765e+07 8110223824
0.655 1.46246e+08 9.57909e+07 10210166656
0.827032 1.4497e+08 1.19894e+08 12853838128
1.04316 1.43164e+08 1.49344e+08 16182023248
