# filename: ./acpphint-7950X3D-98304MiB-threads_32-LP64-FreeBSD_main_n266130_d521abdff236_64bit-clang++_17_O3lto-libc++-DSIZE_ul-ISIZE_ul-using_16_threads-cpus_kx2s_0_30.txt
# acpphint_main version: 0.1.36

0.000108668 579747 63 7808
0.000130328 606163 79 9472
0.000107809 881188 95 11136
0.000127348 871627 111 12800
0.000114099 1.11307e+06 127 14464
0.000116808 1.36121e+06 159 17792
0.000118558 1.61103e+06 191 21120
0.000111039 2.14339e+06 238 26112
0.000112048 2.53165e+06 283.667 31104
0.000110459 3.15296e+06 348.273 37760
0.000113508 3.78127e+06 429.204 46080
0.000115828 4.52649e+06 524.295 56064
0.000114268 5.71251e+06 652.757 69376
0.000102039 7.94549e+06 810.75 86016
0.000111369 9.18568e+06 1023 107648
0.000128108 9.98376e+06 1279 134272
0.000122628 1.29849e+07 1592.32 167552
0.000110918 1.79766e+07 1993.93 209152
0.000108259 2.31029e+07 2501.1 262400
0.000121958 2.57607e+07 3141.72 328960
0.000124388 3.17925e+07 3954.61 413824
0.000117018 4.24352e+07 4965.68 520320
0.000125949 4.96682e+07 6255.67 653440
0.000130508 6.02229e+07 7859.57 821504
0.000137128 7.18919e+07 9858.39 1032832
0.000142308 8.75232e+07 12455.3 1299072
0.000125458 1.24636e+08 15636.6 1633536
0.000148208 1.32424e+08 19626.3 2056192
0.000174988 1.41875e+08 24826.5 2587008
0.000185567 1.67997e+08 31174.8 3255936
0.000192547 2.03111e+08 39108.4 4097920
0.000165268 2.99677e+08 49527 5157888
0.000185177 3.35727e+08 62169 6492416
0.000170557 4.57224e+08 77982.7 8173056
0.000172318 5.7353e+08 98829.6 10288000
0.000196347 6.31584e+08 124010 12950400
0.000216287 7.18941e+08 155498 16301696
0.000243167 8.11002e+08 197209 20521600
0.000258677 9.56317e+08 247377 25834752
0.000288406 1.07532e+09 310129 32522368
0.000342065 1.15056e+09 393567 40942208
0.00101136 4.87949e+08 493494 51541888
0.0012868 4.80673e+08 618531 64885504
0.00170002 4.61816e+08 785093 81685248
0.00238034 4.13585e+08 984470 102834688
0.00340246 3.62562e+08 1.2336e+06 129460352
0.00489513 3.19805e+08 1.56549e+06 162979968
0.00676669 2.90211e+08 1.96377e+06 205179008
0.00836684 2.94019e+08 2.46001e+06 258303872
0.0116902 2.66983e+08 3.1211e+06 325183360
0.0158629 2.46888e+08 3.91636e+06 409380096
0.0213538 2.29671e+08 4.90434e+06 515378560
0.0289581 2.14806e+08 6.22038e+06 648821376
0.0379085 2.05945e+08 7.80707e+06 816817152
0.0503398 1.94122e+08 9.77207e+06 1028311552
0.065837 1.88171e+08 1.23886e+07 1294566528
0.0859829 1.8084e+08 1.55492e+07 1629761024
0.111217 1.74879e+08 1.94495e+07 2051746432
0.14351 1.71685e+08 2.46386e+07 2582995072
0.183904 1.68098e+08 3.09139e+07 3251796608
0.233697 1.65278e+08 3.86249e+07 4093768960
0.29571 1.65242e+08 4.88639e+07 5153748608
0.374329 1.63611e+08 6.12444e+07 6488183424
0.473654 1.61233e+08 7.63686e+07 8168137856
0.598478 1.61028e+08 9.63719e+07 10283075200
0.755439 1.59501e+08 1.20494e+08 12945623296
0.952756 1.57123e+08 1.497e+08 16297573248
1.20174 1.56462e+08 1.88027e+08 20517427328
