# filename: ./acpphint-7950X3D-196608MiB-threads_32-LP64-FreeBSD_main_n266876_e183039f0882_64bit-clang++_17_O3lto-libc++-DSIZE_ull-ISIZE_ull-using_4_threads-cpus_kx16_kx16p1_16_17_24_25.txt
# acpphint_main version: 0.1.36

2.2681e-05 661346 15 1952
2.115e-05 898345 19 2368
2.2111e-05 1.04021e+06 23 2784
2.1761e-05 1.24075e+06 27 3200
2.127e-05 1.45745e+06 31 3616
2.137e-05 1.82499e+06 39 4448
2.2091e-05 2.12756e+06 47 5280
2.171e-05 2.70843e+06 58.8001 6528
2.1821e-05 3.22322e+06 70.3339 7776
2.1741e-05 3.97658e+06 86.4548 9440
2.1551e-05 4.94843e+06 106.644 11520
2.125e-05 6.13889e+06 130.451 14016
2.113e-05 7.69267e+06 162.546 17344
2.152e-05 9.39346e+06 202.147 21504
2.1621e-05 1.17941e+07 255 26912
2.1551e-05 1.48021e+07 319 33568
2.1751e-05 1.82821e+07 397.655 41888
2.161e-05 2.30446e+07 497.994 52288
2.0111e-05 3.10804e+07 625.057 65600
2.087e-05 3.76199e+07 785.128 82240
2.1981e-05 4.49724e+07 988.539 103456
1.966e-05 6.31753e+07 1242.03 130080
2.4501e-05 6.38302e+07 1563.9 163360
1.8251e-05 1.07695e+08 1965.55 205376
1.9941e-05 1.23719e+08 2467.07 258208
2.6371e-05 1.18092e+08 3114.2 324768
2.45e-05 1.59648e+08 3911.39 408384
3.011e-05 1.63164e+08 4912.88 514048
3.225e-05 1.92485e+08 6207.63 646752
3.7171e-05 2.09816e+08 7799.08 813984
4.355e-05 2.2483e+08 9791.33 1024480
5.5931e-05 2.21411e+08 12383.7 1289472
6.676e-05 2.32985e+08 15554.1 1623104
8.2e-05 2.38126e+08 19526.4 2043264
9.855e-05 2.50744e+08 24710.8 2572000
0.000120959 2.56512e+08 31027.5 3237600
0.000145658 2.67335e+08 38939.5 4075424
0.000177008 2.78561e+08 49307.6 5130400
0.000219537 2.81944e+08 61897.1 6458688
0.000272597 2.84925e+08 77669.8 8130592
0.000342296 2.87472e+08 98400.6 10235552
0.000425394 2.90286e+08 123486 12885472
0.000530663 2.91945e+08 154925 16221376
0.000665261 2.95086e+08 196309 20421312
0.000836249 2.94607e+08 246365 25708672
0.00105785 2.92132e+08 309034 32365088
0.00135747 2.88429e+08 391534 40744992
0.00174434 2.81781e+08 491521 51294752
0.0022777 2.70636e+08 616428 64575968
0.0030275 2.57929e+08 780880 81295840
0.00403724 2.42884e+08 980581 102345024
0.00537431 2.28775e+08 1.22951e+06 128844640
0.00719923 2.16312e+08 1.55728e+06 162205344
0.00965584 2.02578e+08 1.95606e+06 204204288
0.0127226 1.92731e+08 2.45204e+06 257077888
0.0168314 1.84483e+08 3.10511e+06 323641632
0.0220274 1.77103e+08 3.90112e+06 407440256
0.0287384 1.70114e+08 4.88881e+06 512936608
0.0371207 1.66732e+08 6.18922e+06 645748768
0.0478614 1.62486e+08 7.77683e+06 812949152
0.0612487 1.59053e+08 9.7418e+06 1023442240
0.0785819 1.5688e+08 1.23279e+07 1288437152
0.0998468 1.5513e+08 1.54893e+07 1622045856
0.126751 1.52982e+08 1.93906e+07 2042034464
0.159805 1.53441e+08 2.45206e+07 2570768800
0.201487 1.52841e+08 3.07956e+07 3236405824
0.253743 1.5177e+08 3.85106e+07 4074393312
0.319883 1.52043e+08 4.86359e+07 5129356832
0.403835 1.51082e+08 6.10123e+07 6457477184
0.508975 1.49612e+08 7.61488e+07 8129481856
0.64227 1.4937e+08 9.59359e+07 10234411072
0.807116 1.48732e+08 1.20044e+08 12884359776
1.02091 1.46226e+08 1.49284e+08 16220447648
