# filename: ./acpphint-7950X3D-196608MiB-threads_32-LP64-FreeBSD_main_n266876_e183039f0882_64bit-clang++_17_O3lto-libc++-DSIZE_ull-ISIZE_ull-using_16_threads-cpus_kx4_kx4p1_0_29.txt
# acpphint_main version: 0.1.36

0.00010459 602352 63 7808
0.000122839 643118 79 9472
0.000127439 745455 95 11136
0.000114149 972413 111 12800
0.000113629 1.11767e+06 127 14464
0.000127159 1.2504e+06 159 17792
0.000122489 1.55932e+06 191 21120
0.000136449 1.74424e+06 238 26112
0.000125049 2.26845e+06 283.667 31104
0.00011932 2.91881e+06 348.273 37760
0.000121869 3.52185e+06 429.204 46080
0.000134369 3.9019e+06 524.295 56064
0.000115499 5.65162e+06 652.757 69376
0.000120329 6.73777e+06 810.75 86016
0.000115889 8.82741e+06 1023 107648
0.0001231 1.03899e+07 1279 134272
0.000140679 1.13188e+07 1592.32 167552
0.00011904 1.67501e+07 1993.93 209152
0.00010504 2.38109e+07 2501.1 262400
0.000122219 2.57057e+07 3141.72 328960
0.000124389 3.17923e+07 3954.61 413824
0.000116809 4.25111e+07 4965.68 520320
0.000128169 4.8808e+07 6255.67 653440
0.000123379 6.37027e+07 7859.57 821504
0.000143549 6.86761e+07 9858.39 1032832
0.000148809 8.36996e+07 12455.3 1299072
0.000148049 1.05618e+08 15636.6 1633536
0.000146399 1.34061e+08 19626.3 2056192
0.000166758 1.48877e+08 24826.5 2587008
0.000173788 1.79384e+08 31174.8 3255936
0.000185149 2.11226e+08 39108.4 4097920
0.000193438 2.56035e+08 49527 5157888
0.000184258 3.37402e+08 62169 6492416
0.000188428 4.13859e+08 77982.7 8173056
0.000210378 4.69771e+08 98829.6 10288000
0.000228477 5.42766e+08 124010 12950400
0.000251417 6.18485e+08 155498 16301696
0.000299607 6.58226e+08 197209 20521600
0.000364836 6.7805e+08 247377 25834752
0.000785889 3.94622e+08 310129 32522368
0.00100189 3.92826e+08 393567 40942208
0.0012549 3.93253e+08 493494 51541888
0.00162215 3.81304e+08 618531 64885504
0.00265424 2.95788e+08 785093 81685248
0.00350076 2.81216e+08 984470 102834688
0.00385568 3.19944e+08 1.2336e+06 129460352
0.00505097 3.09938e+08 1.56549e+06 162979968
0.00683217 2.8743e+08 1.96377e+06 205179008
0.00927604 2.652e+08 2.46001e+06 258303872
0.0127338 2.45104e+08 3.1211e+06 325183360
0.0171349 2.2856e+08 3.91636e+06 409380096
0.0229103 2.14067e+08 4.90434e+06 515378560
0.0306645 2.02853e+08 6.22038e+06 648821376
0.0404276 1.93112e+08 7.80707e+06 816817152
0.0530862 1.84079e+08 9.77207e+06 1028311552
0.0698243 1.77426e+08 1.23886e+07 1294566528
0.0913756 1.70167e+08 1.55492e+07 1629761024
0.117593 1.65397e+08 1.94495e+07 2051746432
0.149825 1.64449e+08 2.46386e+07 2582995072
0.194028 1.59327e+08 3.09139e+07 3251796608
0.247259 1.56212e+08 3.86249e+07 4093768960
0.314983 1.55132e+08 4.88639e+07 5153748608
0.398297 1.53766e+08 6.12444e+07 6488183424
0.50485 1.5127e+08 7.63686e+07 8168137856
0.637554 1.51159e+08 9.63719e+07 10283075200
0.805101 1.49663e+08 1.20494e+08 12945623296
1.01592 1.47354e+08 1.497e+08 16297573248
