# filename: ./acpphint-7950X3D-196608MiB-threads_32-LP64-FreeBSD_main_n266876_e183039f0882_64bit-g++_13_O3lto-libc++-cpulockdown-DSIZE_ull-ISIZE_ull-using_4_threads-cpus_kx8s_0_24.txt
# acpphint_main version: 0.1.36

4.6769e-05 320725 15 1952
4.47e-05 425056 19 2368
4.571e-05 503172 23 2784
4.57e-05 590810 27 3200
4.4679e-05 693838 31 3616
4.64e-05 840517 39 4448
4.5699e-05 1.02847e+06 47 5280
4.6219e-05 1.27221e+06 58.8001 6528
4.6969e-05 1.49745e+06 70.3339 7776
4.6589e-05 1.85569e+06 86.4548 9440
4.436e-05 2.40405e+06 106.644 11520
4.3339e-05 3.01002e+06 130.451 14016
4.7679e-05 3.40918e+06 162.546 17344
4.856e-05 4.16283e+06 202.147 21504
4.556e-05 5.59701e+06 255 26912
5.1499e-05 6.19429e+06 319 33568
4.191e-05 9.4883e+06 397.655 41888
4.5449e-05 1.09572e+07 497.994 52288
4.8519e-05 1.28827e+07 625.057 65600
4.657e-05 1.68591e+07 785.128 82240
4.819e-05 2.05134e+07 988.539 103456
4.8039e-05 2.58545e+07 1242.03 130080
5.1529e-05 3.035e+07 1563.9 163360
4.8529e-05 4.05025e+07 1965.55 205376
4.6529e-05 5.30223e+07 2467.07 258208
5.251e-05 5.93069e+07 3114.2 324768
5.179e-05 7.5524e+07 3911.39 408384
5.9019e-05 8.32423e+07 4912.88 514048
5.7799e-05 1.074e+08 6207.63 646752
5.8e-05 1.34467e+08 7799.08 813984
6.3089e-05 1.55199e+08 9791.33 1024480
7.0889e-05 1.74692e+08 12383.7 1289472
7.9229e-05 1.96318e+08 15554.1 1623104
8.6419e-05 2.2595e+08 19526.4 2043264
9.1458e-05 2.70188e+08 24710.8 2572000
0.000104108 2.98032e+08 31027.5 3237600
0.000125418 3.10478e+08 38939.5 4075424
0.000152878 3.22529e+08 49307.6 5130400
0.000180098 3.43685e+08 61897.1 6458688
0.000219847 3.5329e+08 77669.8 8130592
0.000268876 3.6597e+08 98400.6 10235552
0.000341395 3.61709e+08 123486 12885472
0.000415504 3.7286e+08 154925 16221376
0.000515373 3.80908e+08 196309 20421312
0.00065002 3.79011e+08 246365 25708672
0.000817418 3.78061e+08 309034 32365088
0.0010227 3.82845e+08 391534 40744992
0.00127277 3.86182e+08 491521 51294752
0.00160956 3.8298e+08 616428 64575968
0.00207179 3.76911e+08 780880 81295840
0.00262731 3.73226e+08 980581 102345024
0.00328478 3.74305e+08 1.22951e+06 128844640
0.00418822 3.71823e+08 1.55728e+06 162205344
0.00545541 3.58555e+08 1.95606e+06 204204288
0.00770443 3.18263e+08 2.45204e+06 257077888
0.0109341 2.83984e+08 3.10511e+06 323641632
0.0152252 2.56227e+08 3.90112e+06 407440256
0.0208713 2.34236e+08 4.88881e+06 512936608
0.0282216 2.19307e+08 6.18922e+06 645748768
0.0379851 2.04734e+08 7.77683e+06 812949152
0.0506533 1.92323e+08 9.7418e+06 1023442240
0.0668736 1.84347e+08 1.23279e+07 1288437152
0.0876978 1.76621e+08 1.54893e+07 1622045856
0.11392 1.70212e+08 1.93906e+07 2042034464
0.147074 1.66723e+08 2.45206e+07 2570768800
0.188727 1.63176e+08 3.07956e+07 3236405824
0.242496 1.58809e+08 3.85106e+07 4074393312
0.310032 1.56874e+08 4.86359e+07 5129356832
0.393347 1.55111e+08 6.10123e+07 6457477184
0.498544 1.52742e+08 7.61488e+07 8129481856
0.631054 1.52025e+08 9.59359e+07 10234411072
0.796694 1.50678e+08 1.20044e+08 12884359776
1.00822 1.48066e+08 1.49284e+08 16220447648
