# filename: ./acpphint-7950X3D-98304MiB-threads_32-LP64-FreeBSD_main_n266130_d521abdff236_64bit-g++_13_O3lto-libc++-cpulockdown-DSIZE_ul-ISIZE_ul-using_2_threads-cpus_0_4.txt
# acpphint_main version: 0.1.36

1.5471e-05 452459 7 976
1.5651e-05 575043 9 1184
1.5351e-05 716566 11 1392
1.5471e-05 840282 13 1600
1.5651e-05 958405 15 1808
1.5751e-05 1.20627e+06 19 2224
1.5641e-05 1.47049e+06 23 2640
1.5361e-05 1.88356e+06 28.9334 3264
1.5331e-05 2.26851e+06 34.7785 3888
1.5331e-05 2.79294e+06 42.8186 4720
1.6041e-05 3.29671e+06 52.8825 5760
1.592e-05 4.07123e+06 64.8139 7008
1.6001e-05 5.05259e+06 80.8465 8672
1.6011e-05 6.29034e+06 100.715 10752
1.602e-05 7.92759e+06 127 13456
1.613e-05 9.85741e+06 159 16784
1.6521e-05 1.20179e+07 198.548 20944
1.6261e-05 1.52923e+07 248.668 26144
1.6561e-05 1.88617e+07 312.369 32800
1.692e-05 2.31896e+07 392.369 41120
1.7241e-05 2.86635e+07 494.187 51728
1.7461e-05 3.55868e+07 621.382 65040
1.818e-05 4.30118e+07 781.955 81680
1.9371e-05 5.07561e+07 983.196 102688
2.0531e-05 6.01584e+07 1235.11 129104
2.157e-05 7.22012e+07 1557.38 162384
2.3261e-05 8.41389e+07 1957.15 204192
2.5361e-05 9.7018e+07 2460.47 257024
2.8221e-05 1.10007e+08 3104.51 323376
3.139e-05 1.24341e+08 3903.07 406992
3.6171e-05 1.35601e+08 4904.82 512240
4.0741e-05 1.52014e+08 6193.19 644736
4.706e-05 1.65422e+08 7784.78 811552
5.614e-05 1.74259e+08 9782.87 1021632
6.913e-05 1.78758e+08 12357.5 1286000
8.297e-05 1.87176e+08 15530 1618800
0.000104339 1.87e+08 19511.4 2037712
0.00012699 1.94161e+08 24656.5 2565200
0.000162568 1.90579e+08 30982 3229344
0.000191738 2.02994e+08 38921.7 4065296
0.000251188 1.95878e+08 49202.3 5117776
0.000316336 1.95398e+08 61811.3 6442736
0.000387325 2.00459e+08 77642.6 8110688
0.000489704 2.00454e+08 98162.9 10210656
0.000616283 2.00106e+08 123322 12854336
0.00077855 1.98948e+08 154891 16182544
0.000998667 1.96073e+08 195811 20372496
0.00124207 1.98094e+08 246048 25647376
0.00158082 1.95464e+08 308992 32287984
0.00197073 1.98196e+08 390591 40647920
0.00247496 1.98344e+08 490894 51172512
0.00311806 1.97685e+08 616392 64422320
0.00396588 1.9645e+08 779097 81102672
0.00501299 1.95362e+08 979346 102102144
0.00647908 1.8977e+08 1.22953e+06 128538944
0.00821838 1.89078e+08 1.55391e+06 161820816
0.0105487 1.852e+08 1.95361e+06 203720128
0.0133405 1.8382e+08 2.45225e+06 256468304
0.0171383 1.80808e+08 3.09874e+06 322874384
0.0216081 1.80314e+08 3.89624e+06 406474576
0.027714 1.76429e+08 4.88954e+06 511721120
0.0351973 1.75502e+08 6.17721e+06 644218576
0.0450547 1.72393e+08 7.76712e+06 811022928
0.0574173 1.69702e+08 9.74384e+06 1021017232
0.0735674 1.67266e+08 1.23053e+07 1285384400
0.093454 1.65535e+08 1.54699e+07 1618202912
0.11947 1.62348e+08 1.93958e+07 2037196656
0.15141 1.61669e+08 2.44783e+07 2564678416
0.193444 1.58997e+08 3.0757e+07 3228738592
0.245136 1.57149e+08 3.85229e+07 4064740928
0.311187 1.56038e+08 4.85571e+07 5117205536
0.39239 1.55294e+08 6.09359e+07 6442179888
0.495472 1.53745e+08 7.61765e+07 8110223824
0.623902 1.53535e+08 9.57909e+07 10210166656
0.787233 1.52299e+08 1.19894e+08 12853838128
0.990218 1.50819e+08 1.49344e+08 16182023248
1.25072 1.49474e+08 1.8695e+08 20371960064
