# filename: ./acpphint-7950X3D-98304MiB-threads_32-LP64-FreeBSD_main_n266130_d521abdff236_64bit-clang++_17_O3lto-libc++-DSIZE_ul-ISIZE_ul-using_2_threads.txt
# acpphint_main version: 0.1.36

9.881e-06 708430 7 976
1.226e-05 734095 9 1184
1.1831e-05 929761 11 1392
9.311e-06 1.3962e+06 13 1600
9.421e-06 1.59219e+06 15 1808
1.1801e-05 1.61003e+06 19 2224
1.1771e-05 1.95395e+06 23 2640
9.331e-06 3.10078e+06 28.9334 3264
1.22e-05 2.85069e+06 34.7785 3888
1.29e-05 3.31927e+06 42.8186 4720
1.342e-05 3.94058e+06 52.8825 5760
1.3581e-05 4.7724e+06 64.8139 7008
1.3801e-05 5.85802e+06 80.8465 8672
1.355e-05 7.43282e+06 100.715 10752
8.681e-06 1.46297e+07 127 13456
8.79e-06 1.80887e+07 159 16784
9.031e-06 2.19851e+07 198.548 20944
1.2371e-05 2.01009e+07 248.668 26144
9.93e-06 3.14571e+07 312.369 32800
9.821e-06 3.9952e+07 392.369 41120
1.0211e-05 4.83975e+07 494.187 51728
1.3851e-05 4.48619e+07 621.382 65040
1.3741e-05 5.69067e+07 781.955 81680
1.541e-05 6.38025e+07 983.196 102688
1.3231e-05 9.33499e+07 1235.11 129104
1.7501e-05 8.8988e+07 1557.38 162384
1.908e-05 1.02576e+08 1957.15 204192
2.1931e-05 1.12192e+08 2460.47 257024
2.3461e-05 1.32326e+08 3104.51 323376
2.6451e-05 1.47559e+08 3903.07 406992
2.7781e-05 1.76553e+08 4904.82 512240
3.5561e-05 1.74157e+08 6193.19 644736
4.023e-05 1.93507e+08 7784.78 811552
4.798e-05 2.03895e+08 9782.87 1021632
5.9791e-05 2.06679e+08 12357.5 1286000
7.352e-05 2.11235e+08 15530 1618800
9.007e-05 2.16625e+08 19511.4 2037712
0.000109289 2.25608e+08 24656.5 2565200
0.000136899 2.26313e+08 30982 3229344
0.000172548 2.2557e+08 38921.7 4065296
0.000232258 2.11843e+08 49202.3 5117776
0.000268928 2.29843e+08 61811.3 6442736
0.000380076 2.04282e+08 77642.6 8110688
0.000456165 2.15192e+08 98162.9 10210656
0.000678751 1.8169e+08 123322 12854336
0.000872968 1.7743e+08 154891 16182544
0.000994326 1.96929e+08 195811 20372496
0.00120498 2.04192e+08 246048 25647376
0.00495882 6.23117e+07 308992 32287984
0.00616449 6.33614e+07 390591 40647920
0.00768247 6.38979e+07 490894 51172512
0.00975583 6.31819e+07 616392 64422320
0.00405149 1.92299e+08 779097 81102672
0.0136679 7.16531e+07 979346 102102144
0.00618575 1.98768e+08 1.22953e+06 128538944
0.00782669 1.9854e+08 1.55391e+06 161820816
0.0105419 1.85319e+08 1.95361e+06 203720128
0.0134854 1.81844e+08 2.45225e+06 256468304
0.0190086 1.63018e+08 3.09874e+06 322874384
0.0264101 1.47528e+08 3.89624e+06 406474576
0.0278486 1.75576e+08 4.88954e+06 511721120
0.0387411 1.59449e+08 6.17721e+06 644218576
0.0510163 1.52248e+08 7.76712e+06 811022928
0.0606913 1.60548e+08 9.74384e+06 1021017232
0.0777443 1.58279e+08 1.23053e+07 1285384400
0.0894802 1.72886e+08 1.54699e+07 1618202912
0.112495 1.72415e+08 1.93958e+07 2037196656
0.144881 1.68954e+08 2.44783e+07 2564678416
0.181866 1.69119e+08 3.0757e+07 3228738592
0.233342 1.65092e+08 3.85229e+07 4064740928
0.293231 1.65593e+08 4.85571e+07 5117205536
0.373565 1.6312e+08 6.09359e+07 6442179888
0.470723 1.61829e+08 7.61765e+07 8110223824
0.594026 1.61257e+08 9.57909e+07 10210166656
0.748173 1.6025e+08 1.19894e+08 12853838128
0.942255 1.58496e+08 1.49344e+08 16182023248
1.18964 1.57148e+08 1.8695e+08 20371960064
