# filename: ./acpphint-7950X3D-196608MiB-threads_32-LP64-FreeBSD_main_n266876_e183039f0882_64bit-g++_13_O3lto-libc++-DSIZE_ul-ISIZE_ul-using_4_threads-cpus_kx2s_0_6.txt
# acpphint_main version: 0.1.36

2.069e-05 724988 15 1952
2.022e-05 939664 19 2368
2.0141e-05 1.14195e+06 23 2784
1.9801e-05 1.36357e+06 27 3200
1.9591e-05 1.58236e+06 31 3616
1.9851e-05 1.96464e+06 39 4448
1.9951e-05 2.35577e+06 47 5280
1.9951e-05 2.94722e+06 58.8001 6528
2.0231e-05 3.47654e+06 70.3339 7776
2.0221e-05 4.2755e+06 86.4548 9440
2.0051e-05 5.31862e+06 106.644 11520
1.9971e-05 6.53204e+06 130.451 14016
2.005e-05 8.10704e+06 162.546 17344
2.017e-05 1.00222e+07 202.147 21504
1.9671e-05 1.29632e+07 255 26912
1.9351e-05 1.64849e+07 319 33568
1.978e-05 2.01039e+07 397.655 41888
2.0491e-05 2.4303e+07 497.994 52288
2.098e-05 2.9793e+07 625.057 65600
2.1461e-05 3.65839e+07 785.128 82240
2.1121e-05 4.68036e+07 988.539 103456
2.291e-05 5.42133e+07 1242.03 130080
2.3371e-05 6.69164e+07 1563.9 163360
2.0081e-05 9.78809e+07 1965.55 205376
2.369e-05 1.0414e+08 2467.07 258208
2.2791e-05 1.36642e+08 3114.2 324768
2.469e-05 1.5842e+08 3911.39 408384
2.79e-05 1.76089e+08 4912.88 514048
2.9081e-05 2.1346e+08 6207.63 646752
3.405e-05 2.29048e+08 7799.08 813984
3.8621e-05 2.53523e+08 9791.33 1024480
4.215e-05 2.93802e+08 12383.7 1289472
5.244e-05 2.96607e+08 15554.1 1623104
6.0151e-05 3.24622e+08 19526.4 2043264
7.238e-05 3.41404e+08 24710.8 2572000
8.864e-05 3.50039e+08 31027.5 3237600
0.000107169 3.63347e+08 38939.5 4075424
0.000132049 3.73404e+08 49307.6 5130400
0.000163658 3.7821e+08 61897.1 6458688
0.000201988 3.84527e+08 77669.8 8130592
0.000254107 3.87241e+08 98400.6 10235552
0.000316326 3.90375e+08 123486 12885472
0.000399156 3.88131e+08 154925 16221376
0.000501734 3.91262e+08 196309 20421312
0.000638152 3.86059e+08 246365 25708672
0.000802569 3.85056e+08 309034 32365088
0.00100162 3.90902e+08 391534 40744992
0.00126476 3.88627e+08 491521 51294752
0.00158762 3.88272e+08 616428 64575968
0.00198476 3.93437e+08 780880 81295840
0.0025626 3.8265e+08 980581 102345024
0.00330433 3.7209e+08 1.22951e+06 128844640
0.00450154 3.45944e+08 1.55728e+06 162205344
0.00633867 3.08592e+08 1.95606e+06 204204288
0.00880926 2.78348e+08 2.45204e+06 257077888
0.0119672 2.59469e+08 3.10511e+06 323641632
0.0165387 2.35878e+08 3.90112e+06 407440256
0.0224076 2.18176e+08 4.88881e+06 512936608
0.0301687 2.05154e+08 6.18922e+06 645748768
0.0402899 1.93022e+08 7.77683e+06 812949152
0.0532134 1.8307e+08 9.7418e+06 1023442240
0.0698127 1.76586e+08 1.23279e+07 1288437152
0.0911078 1.7001e+08 1.54893e+07 1622045856
0.117889 1.64483e+08 1.93906e+07 2042034464
0.151592 1.61755e+08 2.45206e+07 2570768800
0.194021 1.58723e+08 3.07956e+07 3236405824
0.247637 1.55512e+08 3.85106e+07 4074393312
0.315516 1.54147e+08 4.86359e+07 5129356832
0.399082 1.52881e+08 6.10123e+07 6457477184
0.503197 1.5133e+08 7.61488e+07 8129481856
0.634035 1.5131e+08 9.59359e+07 10234411072
0.80166 1.49744e+08 1.20044e+08 12884359776
1.01003 1.47802e+08 1.49284e+08 16220447648
