# filename: ./acpphint-7950X3D-196608MiB-threads_32-LP64-FreeBSD_main_n273201_e4ac0183a1a8_64bit-g++_14_O3lto-libstdc++-cpulockdown-DSIZE_ull-ISIZE_ull-using_16_threads_creation_untimed-cpus_kx2p1s_1_31.txt
# acpphint_main version: 0.1.41

9.9769e-05 631459 63 7808
9.9419e-05 794617 79 9472
9.7499e-05 974369 95 11136
9.6429e-05 1.15111e+06 111 12800
9.5199e-05 1.33405e+06 127 14464
9.7599e-05 1.62911e+06 159 17792
9.8129e-05 1.94642e+06 191 21120
9.8959e-05 2.40504e+06 238 26112
9.8589e-05 2.87727e+06 283.667 31104
9.8589e-05 3.53257e+06 348.273 37760
9.6889e-05 4.42986e+06 429.204 46080
9.7789e-05 5.36149e+06 524.295 56064
9.5929e-05 6.80458e+06 652.757 69376
9.7939e-05 8.27811e+06 810.75 86016
9.5799e-05 1.06786e+07 1023 107648
9.5879e-05 1.33397e+07 1279 134272
9.9689e-05 1.59728e+07 1592.32 167552
9.4229e-05 2.11604e+07 1993.93 209152
9.6959e-05 2.57954e+07 2501.1 262400
9.7778e-05 3.21312e+07 3141.72 328960
0.000103119 3.835e+07 3954.61 413824
9.8609e-05 5.03573e+07 4965.68 520320
0.000103129 6.06587e+07 6255.67 653440
0.000104469 7.52335e+07 7859.57 821504
0.000112809 8.73901e+07 9858.39 1032832
0.000109459 1.13789e+08 12455.3 1299072
0.000109878 1.42309e+08 15636.6 1633536
0.000110759 1.77198e+08 19626.3 2056192
0.000105049 2.36333e+08 24826.5 2587008
0.000112169 2.77927e+08 31174.8 3255936
0.000120439 3.24715e+08 39108.4 4097920
0.000124399 3.9813e+08 49527 5157888
0.000129329 4.80704e+08 62169 6492416
0.000138798 5.61843e+08 77982.7 8173056
0.000159669 6.18965e+08 98829.6 10288000
0.000180458 6.87193e+08 124010 12950400
0.000189168 8.22008e+08 155498 16301696
0.000223628 8.81862e+08 197209 20521600
0.000251628 9.83107e+08 247377 25834752
0.000299407 1.03581e+09 310129 32522368
0.000345337 1.13966e+09 393567 40942208
0.000412546 1.19622e+09 493494 51541888
0.000493145 1.25426e+09 618531 64885504
0.000617813 1.27076e+09 785093 81685248
0.00090993 1.08192e+09 984470 102834688
0.00148491 8.30758e+08 1.2336e+06 129460352
0.00232737 6.72641e+08 1.56549e+06 162979968
0.0037507 5.23574e+08 1.96377e+06 205179008
0.00636983 3.86197e+08 2.46001e+06 258303872
0.0103871 3.00479e+08 3.1211e+06 325183360
0.0152127 2.57441e+08 3.91636e+06 409380096
0.0208609 2.35098e+08 4.90434e+06 515378560
0.0287294 2.16516e+08 6.22038e+06 648821376
0.0387128 2.01666e+08 7.80707e+06 816817152
0.0519566 1.88082e+08 9.77207e+06 1028311552
0.0695481 1.7813e+08 1.23886e+07 1294566528
0.091215 1.70467e+08 1.55492e+07 1629761024
0.118174 1.64584e+08 1.94495e+07 2051746432
0.152448 1.6162e+08 2.46386e+07 2582995072
0.196667 1.57189e+08 3.09139e+07 3251796608
0.250227 1.5436e+08 3.86249e+07 4093768960
0.31669 1.54295e+08 4.88639e+07 5153748608
0.400934 1.52754e+08 6.12444e+07 6488183424
0.506873 1.50666e+08 7.63686e+07 8168137856
0.639547 1.50688e+08 9.63719e+07 10283075200
0.807314 1.49252e+08 1.20494e+08 12945623296
1.01896 1.46913e+08 1.497e+08 16297573248
