# filename: ./acpphint-7950X3D-196608MiB-threads_32-LP64-FreeBSD_main_n266876_e183039f0882_64bit-g++_13_O3lto-libc++-DSIZE_ull-ISIZE_ull-using_2_threads-cpus_16_24.txt
# acpphint_main version: 0.1.36

1.1001e-05 636306 7 976
1.3181e-05 682801 9 1184
1.314e-05 837139 11 1392
1.307e-05 994644 13 1600
1.3071e-05 1.14758e+06 15 1808
1.3031e-05 1.45806e+06 19 2224
1.2911e-05 1.78143e+06 23 2640
1.3041e-05 2.21865e+06 28.9334 3264
1.298e-05 2.67939e+06 34.7785 3888
1.2981e-05 3.29856e+06 42.8186 4720
1.3011e-05 4.06445e+06 52.8825 5760
1.3061e-05 4.9624e+06 64.8139 7008
1.292e-05 6.25747e+06 80.8465 8672
1.2211e-05 8.24787e+06 100.715 10752
1.311e-05 9.68726e+06 127 13456
9.461e-06 1.68058e+07 159 16784
9.901e-06 2.00533e+07 198.548 20944
9.621e-06 2.58464e+07 248.668 26144
1.3451e-05 2.32227e+07 312.369 32800
1.3541e-05 2.89763e+07 392.369 41120
1.0221e-05 4.83502e+07 494.187 51728
1.4731e-05 4.21819e+07 621.382 65040
1.5581e-05 5.01864e+07 781.955 81680
1.6021e-05 6.13692e+07 983.196 102688
1.319e-05 9.36401e+07 1235.11 129104
1.76e-05 8.84875e+07 1557.38 162384
1.9861e-05 9.85426e+07 1957.15 204192
2.172e-05 1.13282e+08 2460.47 257024
2.4351e-05 1.2749e+08 3104.51 323376
2.6901e-05 1.4509e+08 3903.07 406992
2.8251e-05 1.73616e+08 4904.82 512240
3.31e-05 1.87106e+08 6193.19 644736
4.186e-05 1.85972e+08 7784.78 811552
4.8181e-05 2.03044e+08 9782.87 1021632
5.846e-05 2.11384e+08 12357.5 1286000
7.552e-05 2.05641e+08 15530 1618800
9.136e-05 2.13566e+08 19511.4 2037712
0.000114369 2.15587e+08 24656.5 2565200
0.000139119 2.22701e+08 30982 3229344
0.000177298 2.19527e+08 38921.7 4065296
0.000217158 2.26574e+08 49202.3 5117776
0.000271658 2.27533e+08 61811.3 6442736
0.000345656 2.24624e+08 77642.6 8110688
0.000434415 2.25966e+08 98162.9 10210656
0.000546123 2.25814e+08 123322 12854336
0.000690571 2.24294e+08 154891 16182544
0.000876588 2.23379e+08 195811 20372496
0.00109715 2.24262e+08 246048 25647376
0.00140992 2.19156e+08 308992 32287984
0.00184924 2.11217e+08 390591 40647920
0.00237935 2.06314e+08 490894 51172512
0.00305306 2.01893e+08 616392 64422320
0.00391326 1.99091e+08 779097 81102672
0.00504469 1.94134e+08 979346 102102144
0.00648881 1.89485e+08 1.22953e+06 128538944
0.00838636 1.8529e+08 1.55391e+06 161820816
0.0108799 1.79562e+08 1.95361e+06 203720128
0.0140506 1.7453e+08 2.45225e+06 256468304
0.0181521 1.7071e+08 3.09874e+06 322874384
0.0233971 1.66526e+08 3.89624e+06 406474576
0.030116 1.62357e+08 4.88954e+06 511721120
0.0385674 1.60167e+08 6.17721e+06 644218576
0.0493821 1.57286e+08 7.76712e+06 811022928
0.062942 1.54807e+08 9.74384e+06 1021017232
0.0800221 1.53774e+08 1.23053e+07 1285384400
0.101569 1.5231e+08 1.54699e+07 1618202912
0.128933 1.50433e+08 1.93958e+07 2037196656
0.162785 1.50372e+08 2.44783e+07 2564678416
0.205469 1.49692e+08 3.0757e+07 3228738592
0.258908 1.4879e+08 3.85229e+07 4064740928
0.326942 1.48519e+08 4.85571e+07 5117205536
0.411373 1.48128e+08 6.09359e+07 6442179888
0.51896 1.46787e+08 7.61765e+07 8110223824
0.65241 1.46826e+08 9.57909e+07 10210166656
0.822221 1.45818e+08 1.19894e+08 12853838128
1.0349 1.44308e+08 1.49344e+08 16182023248
