# filename: ./acpphint-7950X3D-196608MiB-threads_32-LP64-FreeBSD_main_n273201_e4ac0183a1a8_64bit-clang++_19_O3lto-libc++-DSIZE_ull-ISIZE_ull-using_8_threads-cpus_kx4p1s_1_29.txt
# acpphint_main version: 0.1.41

7.542e-05 411032 31 3904
6.948e-05 561313 39 4736
7.003e-05 671141 47 5568
7.34e-05 749319 55 6400
7.218e-05 872818 63 7232
7.649e-05 1.03281e+06 79 8896
7.656e-05 1.24086e+06 95 10560
7.1971e-05 1.64696e+06 118.533 13056
7.069e-05 2.00092e+06 141.445 15552
7.867e-05 2.20831e+06 173.727 18880
6.8551e-05 3.12416e+06 214.164 23040
7.6841e-05 3.40615e+06 261.732 28032
7.424e-05 4.39048e+06 325.949 34688
7.263e-05 5.57641e+06 405.014 43008
7.57e-05 6.75033e+06 511 53824
7.719e-05 8.27827e+06 639 67136
7.575e-05 1.05066e+07 795.875 83776
7.638e-05 1.30484e+07 996.639 104576
7.6581e-05 1.63279e+07 1250.41 131200
8.043e-05 1.95283e+07 1570.66 164480
7.985e-05 2.47618e+07 1977.23 206912
8.188e-05 3.0328e+07 2483.26 260160
7.758e-05 4.03174e+07 3127.82 326720
9.164e-05 4.28877e+07 3930.23 410752
8.74e-05 5.64173e+07 4930.87 516416
8.684e-05 7.17168e+07 6227.89 649536
8.837e-05 8.84895e+07 7819.82 816768
8.823e-05 1.11271e+08 9817.41 1028096
9.671e-05 1.28362e+08 12413.9 1293504
8.111e-05 1.92221e+08 15591 1627968
9.027e-05 2.16725e+08 19563.8 2048960
8.886e-05 2.78695e+08 24764.9 2578944
9.361e-05 3.32149e+08 31092.5 3246208
0.00010761 3.62533e+08 39012.1 4086528
0.00011822 4.18012e+08 49417.3 5144000
0.000137429 4.51302e+08 62022 6475200
0.000149879 5.1904e+08 77793.3 8150848
0.000175389 5.62231e+08 98609.2 10260800
0.000200398 6.17399e+08 123726 12917376
0.000235938 6.57629e+08 155160 16261184
0.000293988 6.69394e+08 196794 20471104
0.000347267 7.10776e+08 246829 25770944
0.000433356 7.1413e+08 309472 32442752
0.000525046 7.47723e+08 392589 40842624
0.00191629 2.56969e+08 492428 51417344
0.00243243 2.53767e+08 617270 64730176
0.00305473 2.56299e+08 782923 81489984
0.00387077 2.53795e+08 982382 102589504
0.00500215 2.46121e+08 1.23114e+06 129151936
0.00342652 4.55634e+08 1.56124e+06 162591680
0.00479243 4.08899e+08 1.95962e+06 204690048
0.00952337 2.57804e+08 2.45516e+06 257689280
0.0133708 2.32805e+08 3.11277e+06 324410688
0.0184202 2.12168e+08 3.90817e+06 408408576
0.0234401 2.08824e+08 4.89484e+06 514155776
0.0280704 2.21019e+08 6.20409e+06 647283264
0.0409697 1.90161e+08 7.79083e+06 814880512
0.0538587 1.81093e+08 9.75343e+06 1025873216
0.0703634 1.75613e+08 1.23567e+07 1291497536
0.0902677 1.719e+08 1.5517e+07 1625898304
0.116744 1.66288e+08 1.9413e+07 2046884480
0.149671 1.64202e+08 2.45763e+07 2576874304
0.189014 1.63218e+08 3.08505e+07 3244091712
0.243899 1.58073e+08 3.85537e+07 4084068928
0.311272 1.56592e+08 4.87428e+07 5141537600
0.394883 1.5478e+08 6.11202e+07 6472811648
0.49921 1.52703e+08 7.62307e+07 8148786624
0.631552 1.52227e+08 9.61392e+07 10258713664
0.79818 1.50659e+08 1.20253e+08 12914954368
1.0075 1.48325e+08 1.49437e+08 16258963712
