# filename: ./acpphint-7950X3D-196608MiB-threads_32-LP64-FreeBSD_main_n273201_e4ac0183a1a8_64bit-g++_14_O3lto-libstdc++-cpulockdown-DSIZE_ull-ISIZE_ull-using_4_threads-cpus_kx4s_0_12.txt
# acpphint_main version: 0.1.41

2.1071e-05 711879 15 1952
1.9851e-05 957131 19 2368
1.956e-05 1.17587e+06 23 2784
2.1391e-05 1.26221e+06 27 3200
1.9521e-05 1.58803e+06 31 3616
2.0881e-05 1.86773e+06 39 4448
2.0241e-05 2.32202e+06 47 5280
2.061e-05 2.85299e+06 58.8001 6528
2.0731e-05 3.39269e+06 70.3339 7776
2.0471e-05 4.22328e+06 86.4548 9440
2.0781e-05 5.13179e+06 106.644 11520
2.0481e-05 6.36939e+06 130.451 14016
2.1081e-05 7.71055e+06 162.546 17344
2.0791e-05 9.72282e+06 202.147 21504
2.0241e-05 1.25982e+07 255 26912
2.0511e-05 1.55526e+07 319 33568
2.1331e-05 1.86421e+07 397.655 41888
2.0211e-05 2.46397e+07 497.994 52288
2.1351e-05 2.92753e+07 625.057 65600
2.1291e-05 3.6876e+07 785.128 82240
2.1021e-05 4.70263e+07 988.539 103456
2.2401e-05 5.54451e+07 1242.03 130080
2.336e-05 6.69479e+07 1563.9 163360
2.3721e-05 8.2861e+07 1965.55 205376
2.4811e-05 9.94347e+07 2467.07 258208
2.6681e-05 1.1672e+08 3114.2 324768
2.79e-05 1.40193e+08 3911.39 408384
3.086e-05 1.59199e+08 4912.88 514048
3.2821e-05 1.89136e+08 6207.63 646752
3.662e-05 2.12973e+08 7799.08 813984
4.2e-05 2.33127e+08 9791.33 1024480
4.779e-05 2.59128e+08 12383.7 1289472
5.4561e-05 2.85077e+08 15554.1 1623104
6.403e-05 3.04956e+08 19526.4 2043264
7.796e-05 3.16968e+08 24710.8 2572000
9.24e-05 3.35795e+08 31027.5 3237600
0.00011242 3.46375e+08 38939.5 4075424
0.000138519 3.55963e+08 49307.6 5130400
0.000169179 3.65867e+08 61897.1 6458688
0.000210728 3.68578e+08 77669.8 8130592
0.000260118 3.78292e+08 98400.6 10235552
0.000327896 3.766e+08 123486 12885472
0.000406915 3.8073e+08 154925 16221376
0.000510074 3.84865e+08 196309 20421312
0.000655672 3.75744e+08 246365 25708672
0.00080794 3.82496e+08 309034 32365088
0.00101824 3.84521e+08 391534 40744992
0.00131181 3.74688e+08 491521 51294752
0.00161111 3.82611e+08 616428 64575968
0.00205428 3.80123e+08 780880 81295840
0.00260244 3.76794e+08 980581 102345024
0.00337345 3.64467e+08 1.22951e+06 128844640
0.00455346 3.41999e+08 1.55728e+06 162205344
0.00643315 3.0406e+08 1.95606e+06 204204288
0.00885766 2.76827e+08 2.45204e+06 257077888
0.0121873 2.54782e+08 3.10511e+06 323641632
0.0165763 2.35342e+08 3.90112e+06 407440256
0.0224813 2.17461e+08 4.88881e+06 512936608
0.0302407 2.04665e+08 6.18922e+06 645748768
0.0401611 1.93641e+08 7.77683e+06 812949152
0.0534099 1.82397e+08 9.7418e+06 1023442240
0.0698845 1.76404e+08 1.23279e+07 1288437152
0.0912203 1.69801e+08 1.54893e+07 1622045856
0.117848 1.64539e+08 1.93906e+07 2042034464
0.151552 1.61796e+08 2.45206e+07 2570768800
0.19365 1.59027e+08 3.07956e+07 3236405824
0.248489 1.54979e+08 3.85106e+07 4074393312
0.315789 1.54014e+08 4.86359e+07 5129356832
0.399227 1.52826e+08 6.10123e+07 6457477184
0.503126 1.51351e+08 7.61488e+07 8129481856
0.634902 1.51104e+08 9.59359e+07 10234411072
0.800834 1.49899e+08 1.20044e+08 12884359776
1.00994 1.47815e+08 1.49284e+08 16220447648
