# filename: ./acpphint-7950X3D-98304MiB-threads_32-LP64-FreeBSD_main_n266130_d521abdff236_64bit-g++_13_O3lto-libc++-cpulockdown-DSIZE_ul-ISIZE_ul-using_4_threads-cpus_kx4_kx4p1_0_9.txt
# acpphint_main version: 0.1.36

2.347e-05 639114 15 1952
2.7161e-05 699532 19 2368
2.345e-05 980810 23 2784
2.4171e-05 1.11704e+06 27 3200
2.4441e-05 1.26836e+06 31 3616
2.5831e-05 1.50981e+06 39 4448
2.5181e-05 1.86649e+06 47 5280
2.5371e-05 2.31761e+06 58.8001 6528
2.558e-05 2.74956e+06 70.3339 7776
2.5571e-05 3.38097e+06 86.4548 9440
2.5401e-05 4.19841e+06 106.644 11520
2.569e-05 5.07791e+06 130.451 14016
2.5981e-05 6.25635e+06 162.546 17344
2.57e-05 7.86565e+06 202.147 21504
2.631e-05 9.69213e+06 255 26912
2.5671e-05 1.24265e+07 319 33568
2.6081e-05 1.52469e+07 397.655 41888
2.5761e-05 1.93313e+07 497.994 52288
2.614e-05 2.39119e+07 625.057 65600
2.623e-05 2.99324e+07 785.128 82240
2.8491e-05 3.46965e+07 988.539 103456
2.9621e-05 4.19306e+07 1242.03 130080
2.9841e-05 5.24079e+07 1563.9 163360
3.266e-05 6.01821e+07 1965.55 205376
3.523e-05 7.00277e+07 2467.07 258208
3.6841e-05 8.4531e+07 3114.2 324768
4.2181e-05 9.27287e+07 3911.39 408384
4.699e-05 1.04552e+08 4912.88 514048
5.2291e-05 1.18713e+08 6207.63 646752
6.016e-05 1.29639e+08 7799.08 813984
6.967e-05 1.40539e+08 9791.33 1024480
8.204e-05 1.50948e+08 12383.7 1289472
9.888e-05 1.57303e+08 15554.1 1623104
0.000121729 1.60408e+08 19526.4 2043264
0.000140409 1.75992e+08 24710.8 2572000
0.000169028 1.83564e+08 31027.5 3237600
0.000207588 1.87581e+08 38939.5 4075424
0.000243118 2.02813e+08 49307.6 5130400
0.000286497 2.16048e+08 61897.1 6458688
0.000340866 2.2786e+08 77669.8 8130592
0.000419545 2.34541e+08 98400.6 10235552
0.000515124 2.3972e+08 123486 12885472
0.000648422 2.38926e+08 154925 16221376
0.000807319 2.43162e+08 196309 20421312
0.00101433 2.42885e+08 246365 25708672
0.00127234 2.42885e+08 309034 32365088
0.00159296 2.4579e+08 391534 40744992
0.00201237 2.44249e+08 491521 51294752
0.00254963 2.41771e+08 616428 64575968
0.00320499 2.43645e+08 780880 81295840
0.00403645 2.42931e+08 980581 102345024
0.00517898 2.37404e+08 1.22951e+06 128844640
0.00648433 2.4016e+08 1.55728e+06 162205344
0.00808921 2.41812e+08 1.95606e+06 204204288
0.0103962 2.3586e+08 2.45204e+06 257077888
0.0134904 2.30171e+08 3.10511e+06 323641632
0.0177767 2.19451e+08 3.90112e+06 407440256
0.0232672 2.10116e+08 4.88881e+06 512936608
0.0304934 2.02969e+08 6.18922e+06 645748768
0.0399577 1.94627e+08 7.77683e+06 812949152
0.0521105 1.86945e+08 9.7418e+06 1023442240
0.0675333 1.82546e+08 1.23279e+07 1288437152
0.0874531 1.77115e+08 1.54893e+07 1622045856
0.112694 1.72065e+08 1.93906e+07 2042034464
0.144571 1.6961e+08 2.45206e+07 2570768800
0.186146 1.65438e+08 3.07956e+07 3236405824
0.235853 1.63283e+08 3.85106e+07 4074393312
0.297748 1.63346e+08 4.86359e+07 5129356832
0.377191 1.61754e+08 6.10123e+07 6457477184
0.477747 1.59392e+08 7.61488e+07 8129481856
0.603822 1.58881e+08 9.59359e+07 10234411072
0.761179 1.57708e+08 1.20044e+08 12884359776
0.961669 1.55234e+08 1.49284e+08 16220447648
1.21237 1.54417e+08 1.8721e+08 20420333312
