# filename: ./acpphint-7950X3D-196608MiB-threads_32-LP64-FreeBSD_main_n273201_e4ac0183a1a8_64bit-clang++_19_O3lto-libc++-cpulockdown-DSIZE_ull-ISIZE_ull-using_2_threads-cpus_0_4.txt
# acpphint_main version: 0.1.41

1.4371e-05 487092 7 976
1.4701e-05 612203 9 1184
1.4551e-05 755962 11 1392
1.4191e-05 916074 13 1600
1.4241e-05 1.0533e+06 15 1808
1.4251e-05 1.33324e+06 19 2224
1.42e-05 1.61972e+06 23 2640
1.5071e-05 1.91981e+06 28.9334 3264
1.5071e-05 2.30764e+06 34.7785 3888
1.5191e-05 2.81868e+06 42.8186 4720
1.5271e-05 3.46294e+06 52.8825 5760
1.4891e-05 4.35256e+06 64.8139 7008
1.5141e-05 5.33957e+06 80.8465 8672
1.4751e-05 6.82765e+06 100.715 10752
1.4981e-05 8.4774e+06 127 13456
1.5241e-05 1.04324e+07 159 16784
1.4991e-05 1.32445e+07 198.548 20944
1.5071e-05 1.64998e+07 248.668 26144
1.5371e-05 2.0322e+07 312.369 32800
1.582e-05 2.48021e+07 392.369 41120
1.645e-05 3.00418e+07 494.187 51728
1.6761e-05 3.70731e+07 621.382 65040
1.7261e-05 4.53018e+07 781.955 81680
1.8201e-05 5.40188e+07 983.196 102688
1.9071e-05 6.47639e+07 1235.11 129104
2.0371e-05 7.64508e+07 1557.38 162384
2.0051e-05 9.76088e+07 1957.15 204192
2.4221e-05 1.01584e+08 2460.47 257024
2.6941e-05 1.15234e+08 3104.51 323376
2.7481e-05 1.42028e+08 3903.07 406992
3.4651e-05 1.41549e+08 4904.82 512240
3.7351e-05 1.65811e+08 6193.19 644736
4.449e-05 1.74978e+08 7784.78 811552
5.2751e-05 1.85454e+08 9782.87 1021632
6.455e-05 1.91441e+08 12357.5 1286000
8.016e-05 1.93737e+08 15530 1618800
0.00010299 1.89449e+08 19511.4 2037712
0.00012329 1.99988e+08 24656.5 2565200
0.000150939 2.05262e+08 30982 3229344
0.000189999 2.04852e+08 38921.7 4065296
0.000232589 2.11542e+08 49202.3 5117776
0.000297748 2.07596e+08 61811.3 6442736
0.000367207 2.11441e+08 77642.6 8110688
0.000459606 2.13581e+08 98162.9 10210656
0.000597614 2.06357e+08 123322 12854336
0.000741743 2.0882e+08 154891 16182544
0.00093301 2.09871e+08 195811 20372496
0.00117614 2.092e+08 246048 25647376
0.00146961 2.10255e+08 308992 32287984
0.00187159 2.08695e+08 390591 40647920
0.00234911 2.0897e+08 490894 51172512
0.00296714 2.0774e+08 616392 64422320
0.00378445 2.05868e+08 779097 81102672
0.0048876 2.00374e+08 979346 102102144
0.00618353 1.9884e+08 1.22953e+06 128538944
0.00796096 1.95191e+08 1.55391e+06 161820816
0.0101843 1.91825e+08 1.95361e+06 203720128
0.0130051 1.8856e+08 2.45225e+06 256468304
0.0166873 1.85694e+08 3.09874e+06 322874384
0.0215135 1.81107e+08 3.89624e+06 406474576
0.0276391 1.76907e+08 4.88954e+06 511721120
0.0356269 1.73386e+08 6.17721e+06 644218576
0.0458149 1.69533e+08 7.76712e+06 811022928
0.0588298 1.65628e+08 9.74384e+06 1021017232
0.0756412 1.6268e+08 1.23053e+07 1285384400
0.191273 8.08785e+07 1.54699e+07 1618202912
0.123818 1.56647e+08 1.93958e+07 2037196656
0.157778 1.55144e+08 2.44783e+07 2564678416
0.201081 1.52958e+08 3.0757e+07 3228738592
0.29144 1.32181e+08 3.85229e+07 4064740928
0.325487 1.49183e+08 4.85571e+07 5117205536
0.41106 1.48241e+08 6.09359e+07 6442179888
0.518357 1.46958e+08 7.61765e+07 8110223824
0.653574 1.46565e+08 9.57909e+07 10210166656
0.825209 1.4529e+08 1.19894e+08 12853838128
1.03846 1.43813e+08 1.49344e+08 16182023248
