# filename: ./acpphint-7950X3D-196608MiB-threads_32-LP64-FreeBSD_main_n266876_e183039f0882_64bit-clang++_17_O3lto-libc++-cpulockdown-DSIZE_ul-ISIZE_ul-using_2_threads_creation_untimed-cpus_0_8.txt
# acpphint_main version: 0.1.38

1.2602e-06 5.55467e+06 7 976
1.27775e-06 7.04363e+06 9 1184
1.28367e-06 8.5692e+06 11 1392
1.3105e-06 9.91988e+06 13 1600
1.3105e-06 1.1446e+07 15 1808
1.3655e-06 1.39143e+07 19 2224
1.3505e-06 1.70307e+07 23 2640
1.4355e-06 2.01556e+07 28.9334 3264
1.4255e-06 2.43974e+07 34.7785 3888
1.4955e-06 2.86316e+07 42.8186 4720
2.841e-06 1.86141e+07 52.8825 5760
2.781e-06 2.3306e+07 64.8139 7008
1.951e-06 4.14385e+07 80.8465 8672
3.031e-06 3.32282e+07 100.715 10752
3.261e-06 3.89451e+07 127 13456
3.401e-06 4.6751e+07 159 16784
2.161e-06 9.18778e+07 198.548 20944
3.591e-06 6.92477e+07 248.668 26144
3.871e-06 8.06947e+07 312.369 32800
3.071e-06 1.27766e+08 392.369 41120
3.191e-06 1.54869e+08 494.187 51728
3.801e-06 1.63478e+08 621.382 65040
4.591e-06 1.70323e+08 781.955 81680
5.221e-06 1.88316e+08 983.196 102688
6.301e-06 1.96019e+08 1235.11 129104
7.781e-06 2.00152e+08 1557.38 162384
9.381e-06 2.0863e+08 1957.15 204192
1.1671e-05 2.1082e+08 2460.47 257024
1.4531e-05 2.13647e+08 3104.51 323376
1.9561e-05 1.99533e+08 3903.07 406992
2.1671e-05 2.26331e+08 4904.82 512240
2.6851e-05 2.3065e+08 6193.19 644736
3.4181e-05 2.27752e+08 7784.78 811552
4.2401e-05 2.30723e+08 9782.87 1021632
5.5251e-05 2.23662e+08 12357.5 1286000
6.9251e-05 2.24256e+08 15530 1618800
9.1391e-05 2.13493e+08 19511.4 2037712
0.000110241 2.2366e+08 24656.5 2565200
0.000135771 2.28193e+08 30982 3229344
0.000174271 2.2334e+08 38921.7 4065296
0.00021786 2.25844e+08 49202.3 5117776
0.000274561 2.25128e+08 61811.3 6442736
0.000345511 2.24718e+08 77642.6 8110688
0.00043398 2.26192e+08 98162.9 10210656
0.000555171 2.22133e+08 123322 12854336
0.000697091 2.22196e+08 154891 16182544
0.00088215 2.21971e+08 195811 20372496
0.00111349 2.2097e+08 246048 25647376
0.00140502 2.1992e+08 308992 32287984
0.00177623 2.19899e+08 390591 40647920
0.00223995 2.19154e+08 490894 51172512
0.00281734 2.18785e+08 616392 64422320
0.00355461 2.19179e+08 779097 81102672
0.0045054 2.17372e+08 979346 102102144
0.00593257 2.07251e+08 1.22953e+06 128538944
0.00764995 2.03127e+08 1.55391e+06 161820816
0.00981366 1.99071e+08 1.95361e+06 203720128
0.0125723 1.95051e+08 2.45225e+06 256468304
0.0161786 1.91533e+08 3.09874e+06 322874384
0.0209502 1.85977e+08 3.89624e+06 406474576
0.0271046 1.80395e+08 4.88954e+06 511721120
0.0349255 1.76868e+08 6.17721e+06 644218576
0.0451434 1.72054e+08 7.76712e+06 811022928
0.0581881 1.67454e+08 9.74384e+06 1021017232
0.074922 1.64242e+08 1.23053e+07 1285384400
0.0958017 1.61478e+08 1.54699e+07 1618202912
0.122806 1.57938e+08 1.93958e+07 2037196656
0.156941 1.55971e+08 2.44783e+07 2564678416
0.20065 1.53287e+08 3.0757e+07 3228738592
0.256226 1.50347e+08 3.85229e+07 4064740928
0.324019 1.49859e+08 4.85571e+07 5117205536
0.4096 1.48769e+08 6.09359e+07 6442179888
0.517254 1.47271e+08 7.61765e+07 8110223824
0.651092 1.47123e+08 9.57909e+07 10210166656
0.821192 1.46e+08 1.19894e+08 12853838128
1.03464 1.44343e+08 1.49344e+08 16182023248
