# filename: ./acpphint-7950X3D-196608MiB-threads_32-LP64-FreeBSD_main_n273201_e4ac0183a1a8_64bit-clang++_19_O3lto-libc++-DSIZE_ul-ISIZE_ul-using_4_threads-cpus_kx4s_0_12.txt
# acpphint_main version: 0.1.41

2.1691e-05 691531 15 1952
2.1771e-05 872721 19 2368
1.9571e-05 1.17521e+06 23 2784
1.9451e-05 1.3881e+06 27 3200
2.048e-05 1.51367e+06 31 3616
2.0441e-05 1.90793e+06 39 4448
1.916e-05 2.45303e+06 47 5280
2.022e-05 2.90801e+06 58.8001 6528
2.0691e-05 3.39925e+06 70.3339 7776
2.0041e-05 4.3139e+06 86.4548 9440
1.9871e-05 5.3668e+06 106.644 11520
2.0891e-05 6.24438e+06 130.451 14016
2.0371e-05 7.97929e+06 162.546 17344
2.0361e-05 9.92816e+06 202.147 21504
2.0951e-05 1.21713e+07 255 26912
1.9941e-05 1.59972e+07 319 33568
2.1251e-05 1.87123e+07 397.655 41888
2.0921e-05 2.38035e+07 497.994 52288
2.1211e-05 2.94685e+07 625.057 65600
2.0881e-05 3.76001e+07 785.128 82240
2.2041e-05 4.485e+07 988.539 103456
2.2751e-05 5.45921e+07 1242.03 130080
2.3541e-05 6.64332e+07 1563.9 163360
2.0851e-05 9.42663e+07 1965.55 205376
2.133e-05 1.15662e+08 2467.07 258208
2.3221e-05 1.34112e+08 3114.2 324768
2.5091e-05 1.55888e+08 3911.39 408384
2.78e-05 1.76722e+08 4912.88 514048
3.092e-05 2.00764e+08 6207.63 646752
3.3551e-05 2.32455e+08 7799.08 813984
3.94e-05 2.48511e+08 9791.33 1024480
4.555e-05 2.71871e+08 12383.7 1289472
5.2381e-05 2.96941e+08 15554.1 1623104
6.129e-05 3.1859e+08 19526.4 2043264
7.359e-05 3.35791e+08 24710.8 2572000
8.864e-05 3.50039e+08 31027.5 3237600
0.00010573 3.68292e+08 38939.5 4075424
0.00012832 3.84255e+08 49307.6 5130400
0.000156829 3.94679e+08 61897.1 6458688
0.000195039 3.98227e+08 77669.8 8130592
0.000240878 4.08508e+08 98400.6 10235552
0.000308898 3.99762e+08 123486 12885472
0.000383257 4.04232e+08 154925 16221376
0.000479736 4.09203e+08 196309 20421312
0.000606065 4.06499e+08 246365 25708672
0.000764273 4.0435e+08 309034 32365088
0.000962061 4.06974e+08 391534 40744992
0.00121181 4.0561e+08 491521 51294752
0.00151941 4.05704e+08 616428 64575968
0.00194826 4.00809e+08 780880 81295840
0.00244443 4.0115e+08 980581 102345024
0.00317748 3.86945e+08 1.22951e+06 128844640
0.0044338 3.51228e+08 1.55728e+06 162205344
0.00623666 3.1364e+08 1.95606e+06 204204288
0.0086911 2.82132e+08 2.45204e+06 257077888
0.0120048 2.58656e+08 3.10511e+06 323641632
0.0164487 2.37168e+08 3.90112e+06 407440256
0.0224923 2.17355e+08 4.88881e+06 512936608
0.0302064 2.04898e+08 6.18922e+06 645748768
0.0402031 1.93439e+08 7.77683e+06 812949152
0.053161 1.83251e+08 9.7418e+06 1023442240
0.0697194 1.76822e+08 1.23279e+07 1288437152
0.0907819 1.70621e+08 1.54893e+07 1622045856
0.117909 1.64454e+08 1.93906e+07 2042034464
0.151492 1.61861e+08 2.45206e+07 2570768800
0.193789 1.58913e+08 3.07956e+07 3236405824
0.247836 1.55387e+08 3.85106e+07 4074393312
0.31595 1.53936e+08 4.86359e+07 5129356832
0.399487 1.52727e+08 6.10123e+07 6457477184
0.504992 1.50792e+08 7.61488e+07 8129481856
0.636003 1.50842e+08 9.59359e+07 10234411072
0.801864 1.49706e+08 1.20044e+08 12884359776
1.01072 1.477e+08 1.49284e+08 16220447648
