# filename: ./acpphint-7950X3D-98304MiB-threads_32-LP64-FreeBSD_main_n266130_d521abdff236_64bit-g++_13_O3lto-libc++-DSIZE_ul-ISIZE_ul-using_2_threads-cpus_16_24.txt
# acpphint_main version: 0.1.36

1.3711e-05 510539 7 976
1.3501e-05 666617 9 1184
1.3931e-05 789606 11 1392
1.3631e-05 953708 13 1600
1.3831e-05 1.08452e+06 15 1808
1.3901e-05 1.36681e+06 19 2224
1.3731e-05 1.67504e+06 23 2640
1.3631e-05 2.12262e+06 28.9334 3264
1.3541e-05 2.56838e+06 34.7785 3888
1.3731e-05 3.11839e+06 42.8186 4720
1.4021e-05 3.77167e+06 52.8825 5760
1.4051e-05 4.61276e+06 64.8139 7008
1.3711e-05 5.89647e+06 80.8465 8672
1.4191e-05 7.09708e+06 100.715 10752
1.343e-05 9.45644e+06 127 13456
1.3741e-05 1.15712e+07 159 16784
1.3681e-05 1.45127e+07 198.548 20944
1.3591e-05 1.82966e+07 248.668 26144
1.4271e-05 2.18884e+07 312.369 32800
1.0591e-05 3.70474e+07 392.369 41120
1.54e-05 3.20901e+07 494.187 51728
1.1621e-05 5.34706e+07 621.382 65040
1.5911e-05 4.91455e+07 781.955 81680
1.653e-05 5.94795e+07 983.196 102688
1.677e-05 7.36501e+07 1235.11 129104
1.8781e-05 8.29231e+07 1557.38 162384
1.9601e-05 9.98497e+07 1957.15 204192
2.24e-05 1.09843e+08 2460.47 257024
2.422e-05 1.2818e+08 3104.51 323376
2.5271e-05 1.54449e+08 3903.07 406992
2.832e-05 1.73193e+08 4904.82 512240
3.6471e-05 1.69811e+08 6193.19 644736
4.2421e-05 1.83512e+08 7784.78 811552
5.0551e-05 1.93525e+08 9782.87 1021632
5.935e-05 2.08215e+08 12357.5 1286000
7.154e-05 2.17081e+08 15530 1618800
9.06e-05 2.15357e+08 19511.4 2037712
0.000115459 2.13552e+08 24656.5 2565200
0.000144309 2.14692e+08 30982 3229344
0.000180379 2.15777e+08 38921.7 4065296
0.000226258 2.17461e+08 49202.3 5117776
0.000282087 2.19121e+08 61811.3 6442736
0.000349316 2.2227e+08 77642.6 8110688
0.000438245 2.23991e+08 98162.9 10210656
0.000570133 2.16304e+08 123322 12854336
0.000709451 2.18325e+08 154891 16182544
0.000893709 2.191e+08 195811 20372496
0.00112304 2.19092e+08 246048 25647376
0.00143219 2.15748e+08 308992 32287984
0.00190174 2.05387e+08 390591 40647920
0.00246278 1.99325e+08 490894 51172512
0.00311049 1.98166e+08 616392 64422320
0.00396627 1.96431e+08 779097 81102672
0.00510384 1.91884e+08 979346 102102144
0.00654222 1.87938e+08 1.22953e+06 128538944
0.00834479 1.86213e+08 1.55391e+06 161820816
0.0107188 1.82261e+08 1.95361e+06 203720128
0.013775 1.78022e+08 2.45225e+06 256468304
0.0176947 1.75122e+08 3.09874e+06 322874384
0.0226149 1.72286e+08 3.89624e+06 406474576
0.0290164 1.6851e+08 4.88954e+06 511721120
0.0370809 1.66587e+08 6.17721e+06 644218576
0.0473285 1.64111e+08 7.76712e+06 811022928
0.0601585 1.6197e+08 9.74384e+06 1021017232
0.07648 1.60896e+08 1.23053e+07 1285384400
0.0968816 1.59678e+08 1.54699e+07 1618202912
0.122636 1.58157e+08 1.93958e+07 2037196656
0.154902 1.58024e+08 2.44783e+07 2564678416
0.195714 1.57153e+08 3.0757e+07 3228738592
0.24708 1.55912e+08 3.85229e+07 4064740928
0.31183 1.55716e+08 4.85571e+07 5117205536
0.392458 1.55267e+08 6.09359e+07 6442179888
0.495434 1.53757e+08 7.61765e+07 8110223824
0.622896 1.53783e+08 9.57909e+07 10210166656
0.785296 1.52674e+08 1.19894e+08 12853838128
0.9879 1.51173e+08 1.49344e+08 16182023248
1.24963 1.49604e+08 1.8695e+08 20371960064
