# filename: ./acpphint-7950X3D-196608MiB-threads_32-LP64-FreeBSD_main_n273201_e4ac0183a1a8_64bit-g++_14_O3lto-libstdc++-cpulockdown-DSIZE_ul-ISIZE_ul-using_4_threads-cpus_kx16_kx16p1_16_17_24_25.txt
# acpphint_main version: 0.1.41

2.337e-05 641849 15 1952
2.1961e-05 865170 19 2368
2.0541e-05 1.11971e+06 23 2784
2.0781e-05 1.29926e+06 27 3200
2.0181e-05 1.5361e+06 31 3616
2.1331e-05 1.82832e+06 39 4448
2.0271e-05 2.31858e+06 47 5280
2.242e-05 2.62266e+06 58.8001 6528
2.1251e-05 3.30967e+06 70.3339 7776
2.095e-05 4.12672e+06 86.4548 9440
2.098e-05 5.08311e+06 106.644 11520
2.16e-05 6.03942e+06 130.451 14016
2.2071e-05 7.36469e+06 162.546 17344
2.1201e-05 9.5348e+06 202.147 21504
2.2841e-05 1.11641e+07 255 26912
2.1381e-05 1.49198e+07 319 33568
2.0751e-05 1.91632e+07 397.655 41888
2.1141e-05 2.35558e+07 497.994 52288
2.1511e-05 2.90576e+07 625.057 65600
2.2491e-05 3.49085e+07 785.128 82240
2.3491e-05 4.20816e+07 988.539 103456
2.4781e-05 5.01201e+07 1242.03 130080
2.6061e-05 6.00094e+07 1563.9 163360
2.6921e-05 7.30116e+07 1965.55 205376
2.8871e-05 8.54516e+07 2467.07 258208
3.136e-05 9.9305e+07 3114.2 324768
3.423e-05 1.14268e+08 3911.39 408384
3.794e-05 1.29491e+08 4912.88 514048
4.2751e-05 1.45204e+08 6207.63 646752
4.8541e-05 1.6067e+08 7799.08 813984
5.6081e-05 1.74593e+08 9791.33 1024480
6.593e-05 1.87832e+08 12383.7 1289472
7.737e-05 2.01035e+08 15554.1 1623104
9.181e-05 2.12682e+08 19526.4 2043264
0.00011225 2.20141e+08 24710.8 2572000
0.000134889 2.30022e+08 31027.5 3237600
0.000164689 2.36443e+08 38939.5 4075424
0.000202449 2.43556e+08 49307.6 5130400
0.000248518 2.49065e+08 61897.1 6458688
0.000306957 2.53031e+08 77669.8 8130592
0.000381416 2.57988e+08 98400.6 10235552
0.000474206 2.60405e+08 123486 12885472
0.000591264 2.62023e+08 154925 16221376
0.000738233 2.65918e+08 196309 20421312
0.00092293 2.66937e+08 246365 25708672
0.00116175 2.66008e+08 309034 32365088
0.00148377 2.63877e+08 391534 40744992
0.00189881 2.58858e+08 491521 51294752
0.00244445 2.52174e+08 616428 64575968
0.00320693 2.43497e+08 780880 81295840
0.00419827 2.33568e+08 980581 102345024
0.00556527 2.20925e+08 1.22951e+06 128844640
0.00738063 2.10995e+08 1.55728e+06 162205344
0.00978619 1.9988e+08 1.95606e+06 204204288
0.0128902 1.90224e+08 2.45204e+06 257077888
0.0169448 1.83248e+08 3.10511e+06 323641632
0.0222027 1.75705e+08 3.90112e+06 407440256
0.0288008 1.69746e+08 4.88881e+06 512936608
0.0372565 1.66124e+08 6.18922e+06 645748768
0.0479692 1.62121e+08 7.77683e+06 812949152
0.0614647 1.58494e+08 9.7418e+06 1023442240
0.0782508 1.57544e+08 1.23279e+07 1288437152
0.0993876 1.55847e+08 1.54893e+07 1622045856
0.126486 1.53303e+08 1.93906e+07 2042034464
0.15955 1.53686e+08 2.45206e+07 2570768800
0.201747 1.52645e+08 3.07956e+07 3236405824
0.254029 1.51599e+08 3.85106e+07 4074393312
0.320564 1.5172e+08 4.86359e+07 5129356832
0.404245 1.50929e+08 6.10123e+07 6457477184
0.509913 1.49337e+08 7.61488e+07 8129481856
0.645021 1.48733e+08 9.59359e+07 10234411072
0.809218 1.48346e+08 1.20044e+08 12884359776
1.02422 1.45753e+08 1.49284e+08 16220447648
