# filename: ./acpphint-7950X3D-196608MiB-threads_32-LP64-FreeBSD_main_n273201_e4ac0183a1a8_64bit-clang++_19_O3lto-libc++-cpulockdown-DSIZE_ull-ISIZE_ull-using_16_threads_creation_untimed-cpus_kx2p1s_1_31.txt
# acpphint_main version: 0.1.41

0.000121439 518779 63 7808
0.00012127 651439 79 9472
0.00012877 737749 95 11136
0.000129819 855037 111 12800
0.00012372 1.02651e+06 127 14464
0.00012158 1.30778e+06 159 17792
0.00012023 1.58862e+06 191 21120
0.000126 1.88889e+06 238 26112
0.00012584 2.25419e+06 283.667 31104
0.00011895 2.92789e+06 348.273 37760
0.000124279 3.45356e+06 429.204 46080
0.000122269 4.28804e+06 524.295 56064
0.000121159 5.38761e+06 652.757 69376
0.00012198 6.64658e+06 810.75 86016
0.000121469 8.4219e+06 1023 107648
0.00012366 1.03429e+07 1279 134272
0.00012812 1.24283e+07 1592.32 167552
0.00012013 1.65981e+07 1993.93 209152
0.00011903 2.10123e+07 2501.1 262400
0.000120299 2.61159e+07 3141.72 328960
0.00012647 3.12692e+07 3954.61 413824
0.000122019 4.0696e+07 4965.68 520320
0.00012307 5.08301e+07 6255.67 653440
0.00012571 6.25214e+07 7859.57 821504
0.000124439 7.92227e+07 9858.39 1032832
0.000122299 1.01843e+08 12455.3 1299072
0.00011848 1.31977e+08 15636.6 1633536
0.00011889 1.6508e+08 19626.3 2056192
0.00012238 2.02864e+08 24826.5 2587008
0.00012278 2.53908e+08 31174.8 3255936
0.00012297 3.18032e+08 39108.4 4097920
0.00012552 3.94574e+08 49527 5157888
0.00013104 4.74428e+08 62169 6492416
0.00013715 5.68594e+08 77982.7 8173056
0.000151719 6.51399e+08 98829.6 10288000
0.000161159 7.69486e+08 124010 12950400
0.000199069 7.81124e+08 155498 16301696
0.000209859 9.39721e+08 197209 20521600
0.000245758 1.00659e+09 247377 25834752
0.000287588 1.07838e+09 310129 32522368
0.000340197 1.15688e+09 393567 40942208
0.000393717 1.25342e+09 493494 51541888
0.000479146 1.2909e+09 618531 64885504
0.000573715 1.36844e+09 785093 81685248
0.000885802 1.11139e+09 984470 102834688
0.00147681 8.35319e+08 1.2336e+06 129460352
0.00230281 6.79817e+08 1.56549e+06 162979968
0.00369303 5.3175e+08 1.96377e+06 205179008
0.00629464 3.9081e+08 2.46001e+06 258303872
0.00979285 3.18712e+08 3.1211e+06 325183360
0.0146104 2.68053e+08 3.91636e+06 409380096
0.0209 2.34658e+08 4.90434e+06 515378560
0.028665 2.17002e+08 6.22038e+06 648821376
0.0390344 2.00005e+08 7.80707e+06 816817152
0.0518548 1.88451e+08 9.77207e+06 1028311552
0.0685381 1.80755e+08 1.23886e+07 1294566528
0.0914895 1.69956e+08 1.55492e+07 1629761024
0.11847 1.64173e+08 1.94495e+07 2051746432
0.152991 1.61045e+08 2.46386e+07 2582995072
0.196726 1.57142e+08 3.09139e+07 3251796608
0.250338 1.54291e+08 3.86249e+07 4093768960
0.316937 1.54175e+08 4.88639e+07 5153748608
0.401334 1.52602e+08 6.12444e+07 6488183424
0.506928 1.5065e+08 7.63686e+07 8168137856
0.639764 1.50637e+08 9.63719e+07 10283075200
0.807448 1.49228e+08 1.20494e+08 12945623296
1.01901 1.46907e+08 1.497e+08 16297573248
