# filename: ./acpphint-7950X3D-196608MiB-threads_32-LP64-FreeBSD_main_n273201_e4ac0183a1a8_64bit-clang++_19_O3lto-libc++-cpulockdown-DSIZE_ull-ISIZE_ull-using_4_threads_creation_untimed-cpus_kx8_kx8p2_0_2_8_10.txt
# acpphint_main version: 0.1.41

1.0191e-05 1.47189e+06 15 1952
1.0141e-05 1.87358e+06 19 2368
9.711e-06 2.36845e+06 23 2784
9.991e-06 2.70243e+06 27 3200
9.881e-06 3.13733e+06 31 3616
9.631e-06 4.04942e+06 39 4448
9.681e-06 4.85487e+06 47 5280
9.61e-06 6.11863e+06 58.8001 6528
1.0141e-05 6.93559e+06 70.3339 7776
1.0181e-05 8.49178e+06 86.4548 9440
1.0271e-05 1.0383e+07 106.644 11520
1.0341e-05 1.2615e+07 130.451 14016
1.0251e-05 1.58566e+07 162.546 17344
1.0461e-05 1.93239e+07 202.147 21504
1.0811e-05 2.35871e+07 255 26912
9.631e-06 3.31222e+07 319 33568
1.0671e-05 3.7265e+07 397.655 41888
1.145e-05 4.34929e+07 497.994 52288
1.1471e-05 5.44902e+07 625.057 65600
1.2221e-05 6.42441e+07 785.128 82240
1.2141e-05 8.14215e+07 988.539 103456
1.2621e-05 9.84095e+07 1242.03 130080
1.2981e-05 1.20476e+08 1563.9 163360
1.3371e-05 1.47001e+08 1965.55 205376
1.4531e-05 1.6978e+08 2467.07 258208
1.6361e-05 1.90343e+08 3114.2 324768
1.8261e-05 2.14193e+08 3911.39 408384
2.0441e-05 2.40344e+08 4912.88 514048
2.3091e-05 2.68834e+08 6207.63 646752
2.63e-05 2.96543e+08 7799.08 813984
3.002e-05 3.2616e+08 9791.33 1024480
3.6501e-05 3.39271e+08 12383.7 1289472
4.0141e-05 3.87486e+08 15554.1 1623104
5.3271e-05 3.66548e+08 19526.4 2043264
6.6e-05 3.74407e+08 24710.8 2572000
7.988e-05 3.88426e+08 31027.5 3237600
9.863e-05 3.94804e+08 38939.5 4075424
0.000122489 4.02547e+08 49307.6 5130400
0.00014714 4.20668e+08 61897.1 6458688
0.000190479 4.0776e+08 77669.8 8130592
0.000237979 4.13484e+08 98400.6 10235552
0.000303108 4.07399e+08 123486 12885472
0.000369727 4.19024e+08 154925 16221376
0.000467736 4.19701e+08 196309 20421312
0.000600264 4.10427e+08 246365 25708672
0.000737673 4.1893e+08 309034 32365088
0.00093459 4.18937e+08 391534 40744992
0.00119984 4.09656e+08 491521 51294752
0.00148524 4.15035e+08 616428 64575968
0.00189792 4.1144e+08 780880 81295840
0.00244006 4.01867e+08 980581 102345024
0.00318132 3.86479e+08 1.22951e+06 128844640
0.00439139 3.54621e+08 1.55728e+06 162205344
0.00625593 3.12674e+08 1.95606e+06 204204288
0.00873576 2.8069e+08 2.45204e+06 257077888
0.011867 2.61659e+08 3.10511e+06 323641632
0.0165121 2.36258e+08 3.90112e+06 407440256
0.0223611 2.18631e+08 4.88881e+06 512936608
0.0300844 2.05728e+08 6.18922e+06 645748768
0.0402002 1.93453e+08 7.77683e+06 812949152
0.053137 1.83334e+08 9.7418e+06 1023442240
0.0697693 1.76695e+08 1.23279e+07 1288437152
0.0929667 1.66611e+08 1.54893e+07 1622045856
0.117794 1.64615e+08 1.93906e+07 2042034464
0.151862 1.61467e+08 2.45206e+07 2570768800
0.19425 1.58536e+08 3.07956e+07 3236405824
0.248233 1.55139e+08 3.85106e+07 4074393312
0.315333 1.54237e+08 4.86359e+07 5129356832
0.399265 1.52812e+08 6.10123e+07 6457477184
0.504153 1.51043e+08 7.61488e+07 8129481856
0.636422 1.50743e+08 9.59359e+07 10234411072
0.802247 1.49635e+08 1.20044e+08 12884359776
1.16345 1.28311e+08 1.49284e+08 16220447648
