# filename: ./acpphint-7950X3D-196608MiB-threads_32-LP64-FreeBSD_main_n273201_e4ac0183a1a8_64bit-g++_14_O3lto-libstdc++-cpulockdown-DSIZE_ul-ISIZE_ul-using_8_threads-cpus_kx4s_0_28.txt
# acpphint_main version: 0.1.41

7.8601e-05 394397 31 3904
7.763e-05 502383 39 4736
8.033e-05 585087 47 5568
8.02e-05 685786 55 6400
7.849e-05 802650 63 7232
8.163e-05 967781 79 8896
8.062e-05 1.17837e+06 95 10560
7.954e-05 1.49024e+06 118.533 13056
8.067e-05 1.75337e+06 141.445 15552
7.8631e-05 2.2094e+06 173.727 18880
7.6961e-05 2.78276e+06 214.164 23040
7.5651e-05 3.45972e+06 261.732 28032
8.262e-05 3.94516e+06 325.949 34688
7.767e-05 5.21455e+06 405.014 43008
8.105e-05 6.30475e+06 511 53824
7.981e-05 8.00651e+06 639 67136
8.036e-05 9.90386e+06 795.875 83776
8.665e-05 1.15019e+07 996.639 104576
8.13e-05 1.53802e+07 1250.41 131200
8.434e-05 1.86229e+07 1570.66 164480
8.4301e-05 2.34544e+07 1977.23 206912
8.1331e-05 3.05327e+07 2483.26 260160
8.604e-05 3.63531e+07 3127.82 326720
8.844e-05 4.44395e+07 3930.23 410752
9.007e-05 5.47449e+07 4930.87 516416
9.105e-05 6.84007e+07 6227.89 649536
9.689e-05 8.07082e+07 7819.82 816768
9.661e-05 1.01619e+08 9817.41 1028096
9.156e-05 1.35582e+08 12413.9 1293504
9.048e-05 1.72315e+08 15591 1627968
9.33e-05 2.09687e+08 19563.8 2048960
0.00010356 2.39136e+08 24764.9 2578944
0.000105 2.96119e+08 31092.5 3246208
0.000122079 3.19565e+08 39012.1 4086528
0.000136689 3.61531e+08 49417.3 5144000
0.00014611 4.24488e+08 62022 6475200
0.000164939 4.71649e+08 77793.3 8150848
0.000191399 5.15202e+08 98609.2 10260800
0.000224519 5.5107e+08 123726 12917376
0.000270908 5.7274e+08 155160 16261184
0.000319687 6.15583e+08 196794 20471104
0.000386217 6.39094e+08 246829 25770944
0.000467376 6.62149e+08 309472 32442752
0.000564955 6.94903e+08 392589 40842624
0.000693874 7.09679e+08 492428 51417344
0.000869302 7.10076e+08 617270 64730176
0.00107533 7.28077e+08 782923 81489984
0.0014196 6.92015e+08 982382 102589504
0.00194904 6.31663e+08 1.23114e+06 129151936
0.00269843 5.78572e+08 1.56124e+06 162591680
0.0040699 4.81492e+08 1.95962e+06 204690048
0.00675015 3.6372e+08 2.45516e+06 257689280
0.0105604 2.9476e+08 3.11277e+06 324410688
0.01434 2.72536e+08 3.90817e+06 408408576
0.0198531 2.46553e+08 4.89484e+06 514155776
0.0274548 2.25975e+08 6.20409e+06 647283264
0.0373074 2.08828e+08 7.79083e+06 814880512
0.0501243 1.94585e+08 9.75343e+06 1025873216
0.0664379 1.85989e+08 1.23567e+07 1291497536
0.0871387 1.78073e+08 1.5517e+07 1625898304
0.113289 1.71359e+08 1.9413e+07 2046884480
0.147021 1.67162e+08 2.45763e+07 2576874304
0.188657 1.63527e+08 3.08505e+07 3244091712
0.243187 1.58535e+08 3.85537e+07 4084068928
0.310921 1.56769e+08 4.87428e+07 5141537600
0.394375 1.5498e+08 6.11202e+07 6472811648
0.498701 1.52859e+08 7.62307e+07 8148786624
0.630775 1.52414e+08 9.61392e+07 10258713664
0.797802 1.50731e+08 1.20253e+08 12914954368
1.00699 1.484e+08 1.49437e+08 16258963712
