# filename: ./acpphint-7950X3D-98304MiB-threads_32-LP64-FreeBSD_main_n266130_d521abdff236_64bit-clang++_17_O3lto-libc++-cpulockdown-DSIZE_ul-ISIZE_ul-using_2_threads-cpus_0_4.txt
# acpphint_main version: 0.1.36

1.5271e-05 458385 7 976
1.554e-05 579151 9 1184
1.5341e-05 717033 11 1392
1.5401e-05 844101 13 1600
1.459e-05 1.0281e+06 15 1808
1.4861e-05 1.27851e+06 19 2224
1.5481e-05 1.48569e+06 23 2640
1.4641e-05 1.97619e+06 28.9334 3264
1.5211e-05 2.2864e+06 34.7785 3888
1.471e-05 2.91085e+06 42.8186 4720
1.4611e-05 3.61936e+06 52.8825 5760
1.4941e-05 4.33799e+06 64.8139 7008
1.5501e-05 5.21556e+06 80.8465 8672
1.5851e-05 6.35384e+06 100.715 10752
1.5971e-05 7.95191e+06 127 13456
1.6311e-05 9.74802e+06 159 16784
1.5481e-05 1.28253e+07 198.548 20944
1.629e-05 1.52651e+07 248.668 26144
1.642e-05 1.90237e+07 312.369 32800
1.681e-05 2.33414e+07 392.369 41120
1.744e-05 2.83364e+07 494.187 51728
1.7501e-05 3.55055e+07 621.382 65040
1.8171e-05 4.30331e+07 781.955 81680
1.9071e-05 5.15545e+07 983.196 102688
1.996e-05 6.18794e+07 1235.11 129104
1.768e-05 8.80871e+07 1557.38 162384
2.2871e-05 8.55736e+07 1957.15 204192
2.0581e-05 1.19551e+08 2460.47 257024
2.3531e-05 1.31933e+08 3104.51 323376
2.7251e-05 1.43227e+08 3903.07 406992
3.3261e-05 1.47464e+08 4904.82 512240
3.6691e-05 1.68793e+08 6193.19 644736
4.5081e-05 1.72684e+08 7784.78 811552
5.366e-05 1.82312e+08 9782.87 1021632
6.742e-05 1.83292e+08 12357.5 1286000
7.98e-05 1.94611e+08 15530 1618800
9.822e-05 1.9865e+08 19511.4 2037712
0.000120339 2.04892e+08 24656.5 2565200
0.000146969 2.10806e+08 30982 3229344
0.000183858 2.11694e+08 38921.7 4065296
0.000231368 2.12658e+08 49202.3 5117776
0.000285917 2.16186e+08 61811.3 6442736
0.000356606 2.17727e+08 77642.6 8110688
0.000450265 2.18011e+08 98162.9 10210656
0.000566693 2.17617e+08 123322 12854336
0.000710342 2.18051e+08 154891 16182544
0.000902309 2.17011e+08 195811 20372496
0.00113074 2.176e+08 246048 25647376
0.00142092 2.17459e+08 308992 32287984
0.00179198 2.17967e+08 390591 40647920
0.0022486 2.18311e+08 490894 51172512
0.00283157 2.17685e+08 616392 64422320
0.00358613 2.17253e+08 779097 81102672
0.00460776 2.12543e+08 979346 102102144
0.00597149 2.059e+08 1.22953e+06 128538944
0.0076724 2.02533e+08 1.55391e+06 161820816
0.00984255 1.98486e+08 1.95361e+06 203720128
0.0125327 1.95668e+08 2.45225e+06 256468304
0.0160726 1.92797e+08 3.09874e+06 322874384
0.0206206 1.88949e+08 3.89624e+06 406474576
0.0264561 1.84817e+08 4.88954e+06 511721120
0.0340581 1.81373e+08 6.17721e+06 644218576
0.0437365 1.77589e+08 7.76712e+06 811022928
0.0559821 1.74053e+08 9.74384e+06 1021017232
0.071846 1.71274e+08 1.23053e+07 1285384400
0.0917969 1.68523e+08 1.54699e+07 1618202912
0.11733 1.65309e+08 1.93958e+07 2037196656
0.14953 1.63701e+08 2.44783e+07 2564678416
0.19037 1.61564e+08 3.0757e+07 3228738592
0.242959 1.58557e+08 3.85229e+07 4064740928
0.308523 1.57385e+08 4.85571e+07 5117205536
0.389386 1.56492e+08 6.09359e+07 6442179888
0.491268 1.55061e+08 7.61765e+07 8110223824
0.620291 1.54429e+08 9.57909e+07 10210166656
0.780914 1.53531e+08 1.19894e+08 12853838128
0.983253 1.51887e+08 1.49344e+08 16182023248
1.23907 1.50879e+08 1.8695e+08 20371960064
