# filename: ./acpphint-7950X3D-196608MiB-threads_32-LP64-FreeBSD_main_n266876_e183039f0882_64bit-g++_13_O3lto-libc++-DSIZE_ull-ISIZE_ull-using_8_threads-cpus_kx2s_16_18_28_30.txt
# acpphint_main version: 0.1.36

3.77e-05 822281 31 3904
3.6591e-05 1.06584e+06 39 4736
3.432e-05 1.36946e+06 47 5568
3.659e-05 1.50314e+06 55 6400
3.524e-05 1.78774e+06 63 7232
3.6531e-05 2.16255e+06 79 8896
3.6e-05 2.63889e+06 95 10560
3.5281e-05 3.35969e+06 118.533 13056
3.617e-05 3.91055e+06 141.445 15552
3.6471e-05 4.76344e+06 173.727 18880
3.5941e-05 5.95877e+06 214.164 23040
3.7951e-05 6.89657e+06 261.732 28032
3.652e-05 8.92522e+06 325.949 34688
3.762e-05 1.07659e+07 405.014 43008
3.5491e-05 1.4398e+07 511 53824
3.411e-05 1.87335e+07 639 67136
3.6151e-05 2.20153e+07 795.875 83776
3.504e-05 2.84429e+07 996.639 104576
3.666e-05 3.41083e+07 1250.41 131200
3.8711e-05 4.05739e+07 1570.66 164480
3.7171e-05 5.31928e+07 1977.23 206912
3.575e-05 6.94617e+07 2483.26 260160
3.6661e-05 8.53174e+07 3127.82 326720
3.6411e-05 1.07941e+08 3930.23 410752
3.664e-05 1.34576e+08 4930.87 516416
3.7791e-05 1.64798e+08 6227.89 649536
3.8201e-05 2.04702e+08 7819.82 816768
3.9221e-05 2.5031e+08 9817.41 1028096
4.022e-05 3.08651e+08 12413.9 1293504
4.4231e-05 3.52491e+08 15591 1627968
4.812e-05 4.06563e+08 19563.8 2048960
5.491e-05 4.51009e+08 24764.9 2578944
5.9931e-05 5.18805e+08 31092.5 3246208
6.912e-05 5.64412e+08 39012.1 4086528
8.169e-05 6.04937e+08 49417.3 5144000
9.5209e-05 6.5143e+08 62022 6475200
0.000112499 6.91502e+08 77793.3 8150848
0.000135119 7.29795e+08 98609.2 10260800
0.000160668 7.7007e+08 123726 12917376
0.000197088 7.87261e+08 155160 16261184
0.000242307 8.12168e+08 196794 20471104
0.000303267 8.139e+08 246829 25770944
0.000383016 8.07988e+08 309472 32442752
0.000525584 7.46957e+08 392589 40842624
0.000889289 5.53732e+08 492428 51417344
0.00150206 4.10949e+08 617270 64730176
0.00231661 3.37961e+08 782923 81489984
0.00336976 2.91529e+08 982382 102589504
0.00483311 2.54729e+08 1.23114e+06 129151936
0.00673409 2.31841e+08 1.56124e+06 162591680
0.00918853 2.13268e+08 1.95962e+06 204690048
0.0130129 1.88672e+08 2.45516e+06 257689280
0.0174785 1.78092e+08 3.11277e+06 324410688
0.022991 1.69987e+08 3.90817e+06 408408576
0.0300019 1.63151e+08 4.89484e+06 514155776
0.0388044 1.59881e+08 6.20409e+06 647283264
0.0496229 1.57001e+08 7.79083e+06 814880512
0.0631265 1.54506e+08 9.75343e+06 1025873216
0.0799047 1.54643e+08 1.23567e+07 1291497536
0.10102 1.53604e+08 1.5517e+07 1625898304
0.127637 1.52096e+08 1.9413e+07 2046884480
0.161062 1.52589e+08 2.45763e+07 2576874304
0.203136 1.51871e+08 3.08505e+07 3244091712
0.256038 1.50578e+08 3.85537e+07 4084068928
0.322607 1.5109e+08 4.87428e+07 5141537600
0.407233 1.50086e+08 6.11202e+07 6472811648
0.512358 1.48784e+08 7.62307e+07 8148786624
0.645002 1.49053e+08 9.61392e+07 10258713664
0.812515 1.48001e+08 1.20253e+08 12914954368
1.02384 1.45957e+08 1.49437e+08 16258963712
