# filename: ./acpphint-7950X3D-196608MiB-threads_32-LP64-FreeBSD_main_n266876_e183039f0882_64bit-g++_13_O3lto-libc++-cpulockdown-DSIZE_ull-ISIZE_ull-using_4_threads-cpus_kx16_kx16p1_16_17_24_25.txt
# acpphint_main version: 0.1.36

2.1e-05 714286 15 1952
2.068e-05 918762 19 2368
2.005e-05 1.14713e+06 23 2784
2.121e-05 1.27298e+06 27 3200
2.084e-05 1.48752e+06 31 3616
2.075e-05 1.87952e+06 39 4448
2.0849e-05 2.2543e+06 47 5280
1.9889e-05 2.95641e+06 58.8001 6528
2.1e-05 3.34923e+06 70.3339 7776
2.083e-05 4.1505e+06 86.4548 9440
2.1229e-05 5.02349e+06 106.644 11520
2.234e-05 5.83936e+06 130.451 14016
2.1189e-05 7.67125e+06 162.546 17344
2.161e-05 9.35434e+06 202.147 21504
2.151e-05 1.1855e+07 255 26912
2.161e-05 1.47617e+07 319 33568
2.1079e-05 1.8865e+07 397.655 41888
2.13e-05 2.338e+07 497.994 52288
2.076e-05 3.01087e+07 625.057 65600
2.208e-05 3.55583e+07 785.128 82240
2.291e-05 4.31488e+07 988.539 103456
2.346e-05 5.29423e+07 1242.03 130080
2.4989e-05 6.25837e+07 1563.9 163360
2.6e-05 7.55979e+07 1965.55 205376
2.8129e-05 8.77057e+07 2467.07 258208
3.0409e-05 1.02411e+08 3114.2 324768
3.263e-05 1.19871e+08 3911.39 408384
3.6279e-05 1.35419e+08 4912.88 514048
4.125e-05 1.50488e+08 6207.63 646752
4.6479e-05 1.67798e+08 7799.08 813984
5.3899e-05 1.81661e+08 9791.33 1024480
6.3389e-05 1.95361e+08 12383.7 1289472
7.4499e-05 2.08782e+08 15554.1 1623104
8.9609e-05 2.17906e+08 19526.4 2043264
0.000106388 2.32271e+08 24710.8 2572000
0.000130189 2.38326e+08 31027.5 3237600
0.000157318 2.47521e+08 38939.5 4075424
0.000193307 2.55074e+08 49307.6 5130400
0.000238507 2.59519e+08 61897.1 6458688
0.000294895 2.63381e+08 77669.8 8130592
0.000367195 2.67979e+08 98400.6 10235552
0.000458253 2.69471e+08 123486 12885472
0.000569471 2.7205e+08 154925 16221376
0.000712469 2.75534e+08 196309 20421312
0.000891637 2.76306e+08 246365 25708672
0.0011296 2.73577e+08 309034 32365088
0.00143761 2.72351e+08 391534 40744992
0.0018461 2.66248e+08 491521 51294752
0.00237344 2.5972e+08 616428 64575968
0.00313056 2.49438e+08 780880 81295840
0.00413006 2.37426e+08 980581 102345024
0.00550939 2.23166e+08 1.22951e+06 128844640
0.00731566 2.12869e+08 1.55728e+06 162205344
0.00974392 2.00747e+08 1.95606e+06 204204288
0.012755 1.92241e+08 2.45204e+06 257077888
0.0168222 1.84584e+08 3.10511e+06 323641632
0.0220491 1.76928e+08 3.90112e+06 407440256
0.0286762 1.70483e+08 4.88881e+06 512936608
0.0370301 1.6714e+08 6.18922e+06 645748768
0.0477016 1.63031e+08 7.77683e+06 812949152
0.0611924 1.592e+08 9.7418e+06 1023442240
0.0779665 1.58118e+08 1.23279e+07 1288437152
0.0999859 1.54915e+08 1.54893e+07 1622045856
0.1265 1.53286e+08 1.93906e+07 2042034464
0.159483 1.53751e+08 2.45206e+07 2570768800
0.202283 1.5224e+08 3.07956e+07 3236405824
0.253611 1.51849e+08 3.85106e+07 4074393312
0.320455 1.51771e+08 4.86359e+07 5129356832
0.404744 1.50743e+08 6.10123e+07 6457477184
0.509548 1.49444e+08 7.61488e+07 8129481856
0.642069 1.49417e+08 9.59359e+07 10234411072
0.808242 1.48525e+08 1.20044e+08 12884359776
1.02129 1.46171e+08 1.49284e+08 16220447648
