# filename: ./acpphint-7950X3D-196608MiB-threads_32-LP64-FreeBSD_main_n273201_e4ac0183a1a8_64bit-g++_14_O3lto-libstdc++-cpulockdown-DSIZE_ul-ISIZE_ul-using_4_threads-cpus_kx16_kx16p4_16_20_24_28.txt
# acpphint_main version: 0.1.41

2.0051e-05 748092 15 1952
1.9011e-05 999421 19 2368
1.9771e-05 1.16332e+06 23 2784
1.9091e-05 1.41428e+06 27 3200
1.905e-05 1.6273e+06 31 3616
1.9661e-05 1.98362e+06 39 4448
1.9081e-05 2.46318e+06 47 5280
1.884e-05 3.12102e+06 58.8001 6528
1.891e-05 3.7194e+06 70.3339 7776
1.871e-05 4.62078e+06 86.4548 9440
1.91e-05 5.58344e+06 106.644 11520
1.9381e-05 6.73089e+06 130.451 14016
1.995e-05 8.14768e+06 162.546 17344
1.9431e-05 1.04033e+07 202.147 21504
1.9561e-05 1.30361e+07 255 26912
1.9501e-05 1.63581e+07 319 33568
2.0101e-05 1.97828e+07 397.655 41888
2.0531e-05 2.42557e+07 497.994 52288
1.984e-05 3.15049e+07 625.057 65600
1.9871e-05 3.95112e+07 785.128 82240
1.9871e-05 4.97478e+07 988.539 103456
2.0761e-05 5.9825e+07 1242.03 130080
2.2841e-05 6.84691e+07 1563.9 163360
2.2551e-05 8.716e+07 1965.55 205376
2.3931e-05 1.03091e+08 2467.07 258208
2.527e-05 1.23237e+08 3114.2 324768
2.6701e-05 1.46488e+08 3911.39 408384
2.8141e-05 1.74581e+08 4912.88 514048
3.2061e-05 1.9362e+08 6207.63 646752
3.5031e-05 2.22634e+08 7799.08 813984
3.9521e-05 2.4775e+08 9791.33 1024480
4.467e-05 2.77227e+08 12383.7 1289472
5.264e-05 2.9548e+08 15554.1 1623104
6.1871e-05 3.15598e+08 19526.4 2043264
7.1651e-05 3.44878e+08 24710.8 2572000
8.601e-05 3.60743e+08 31027.5 3237600
0.00010494 3.71065e+08 38939.5 4075424
0.00013145 3.75105e+08 49307.6 5130400
0.000159219 3.88754e+08 61897.1 6458688
0.000200708 3.86979e+08 77669.8 8130592
0.000245648 4.00576e+08 98400.6 10235552
0.000307768 4.0123e+08 123486 12885472
0.000384107 4.03337e+08 154925 16221376
0.000475816 4.12574e+08 196309 20421312
0.000601004 4.09922e+08 246365 25708672
0.000762343 4.05373e+08 309034 32365088
0.000998881 3.91973e+08 391534 40744992
0.00134013 3.66772e+08 491521 51294752
0.00193949 3.1783e+08 616428 64575968
0.00267631 2.91774e+08 780880 81295840
0.00369758 2.65195e+08 980581 102345024
0.00507 2.42507e+08 1.22951e+06 128844640
0.00695548 2.23892e+08 1.55728e+06 162205344
0.0093691 2.08778e+08 1.95606e+06 204204288
0.0125194 1.9586e+08 2.45204e+06 257077888
0.0165969 1.8709e+08 3.10511e+06 323641632
0.0218361 1.78655e+08 3.90112e+06 407440256
0.0285211 1.7141e+08 4.88881e+06 512936608
0.0369984 1.67283e+08 6.18922e+06 645748768
0.047804 1.62682e+08 7.77683e+06 812949152
0.0612309 1.59099e+08 9.7418e+06 1023442240
0.0781652 1.57716e+08 1.23279e+07 1288437152
0.0995954 1.55522e+08 1.54893e+07 1622045856
0.126152 1.53708e+08 1.93906e+07 2042034464
0.159544 1.53692e+08 2.45206e+07 2570768800
0.201826 1.52585e+08 3.07956e+07 3236405824
0.254545 1.51292e+08 3.85106e+07 4074393312
0.320724 1.51644e+08 4.86359e+07 5129356832
0.404121 1.50975e+08 6.10123e+07 6457477184
0.509093 1.49577e+08 7.61488e+07 8129481856
0.641583 1.4953e+08 9.59359e+07 10234411072
0.807049 1.48744e+08 1.20044e+08 12884359776
1.01725 1.46752e+08 1.49284e+08 16220447648
