# filename: ./acpphint-7950X3D-196608MiB-threads_32-LP64-FreeBSD_main_n273201_e4ac0183a1a8_64bit-g++_14_O3lto-libstdc++-cpulockdown-DSIZE_ull-ISIZE_ull-using_2_threads-cpus_16_17.txt
# acpphint_main version: 0.1.41

1.2081e-05 579422 7 976
1.1911e-05 755604 9 1184
1.184e-05 929054 11 1392
1.1841e-05 1.09788e+06 13 1600
1.182e-05 1.26904e+06 15 1808
1.1981e-05 1.58584e+06 19 2224
1.1901e-05 1.93261e+06 23 2640
1.185e-05 2.44164e+06 28.9334 3264
1.2001e-05 2.89796e+06 34.7785 3888
1.1891e-05 3.60092e+06 42.8186 4720
1.1941e-05 4.42865e+06 52.8825 5760
1.2151e-05 5.33404e+06 64.8139 7008
1.2131e-05 6.66445e+06 80.8465 8672
1.227e-05 8.20821e+06 100.715 10752
1.2531e-05 1.01349e+07 127 13456
1.2721e-05 1.2499e+07 159 16784
1.3031e-05 1.52366e+07 198.548 20944
1.3391e-05 1.85698e+07 248.668 26144
1.3731e-05 2.27492e+07 312.369 32800
1.4761e-05 2.65814e+07 392.369 41120
1.5101e-05 3.27255e+07 494.187 51728
1.5921e-05 3.90291e+07 621.382 65040
1.7141e-05 4.5619e+07 781.955 81680
1.8571e-05 5.29425e+07 983.196 102688
2.0641e-05 5.98378e+07 1235.11 129104
2.2641e-05 6.87858e+07 1557.38 162384
2.5541e-05 7.66279e+07 1957.15 204192
2.949e-05 8.34342e+07 2460.47 257024
3.4681e-05 8.95161e+07 3104.51 323376
4.018e-05 9.71397e+07 3903.07 406992
4.7711e-05 1.02803e+08 4904.82 512240
5.6581e-05 1.09457e+08 6193.19 644736
6.846e-05 1.13713e+08 7784.78 811552
8.353e-05 1.17118e+08 9782.87 1021632
0.00010192 1.21247e+08 12357.5 1286000
0.000124489 1.2475e+08 15530 1618800
0.000153609 1.2702e+08 19511.4 2037712
0.000189539 1.30087e+08 24656.5 2565200
0.000235149 1.31755e+08 30982 3229344
0.000293408 1.32654e+08 38921.7 4065296
0.000365947 1.34452e+08 49202.3 5117776
0.000458866 1.34704e+08 61811.3 6442736
0.000575315 1.34957e+08 77642.6 8110688
0.000724583 1.35475e+08 98162.9 10210656
0.000911341 1.35319e+08 123322 12854336
0.00114558 1.35208e+08 154891 16182544
0.00143825 1.36146e+08 195811 20372496
0.00181291 1.3572e+08 246048 25647376
0.00228402 1.35285e+08 308992 32287984
0.00290555 1.34429e+08 390591 40647920
0.00365078 1.34463e+08 490894 51172512
0.00462045 1.33405e+08 616392 64422320
0.00582767 1.33689e+08 779097 81102672
0.0073511 1.33224e+08 979346 102102144
0.00925792 1.32809e+08 1.22953e+06 128538944
0.0116998 1.32815e+08 1.55391e+06 161820816
0.0147557 1.32397e+08 1.95361e+06 203720128
0.0186183 1.31712e+08 2.45225e+06 256468304
0.0234886 1.31925e+08 3.09874e+06 322874384
0.0295969 1.31643e+08 3.89624e+06 406474576
0.037327 1.30992e+08 4.88954e+06 511721120
0.0470245 1.31362e+08 6.17721e+06 644218576
0.0593117 1.30954e+08 7.76712e+06 811022928
0.0746608 1.30508e+08 9.74384e+06 1021017232
0.094233 1.30584e+08 1.23053e+07 1285384400
0.118722 1.30304e+08 1.54699e+07 1618202912
0.149493 1.29743e+08 1.93958e+07 2037196656
0.188542 1.2983e+08 2.44783e+07 2564678416
0.236608 1.29991e+08 3.0757e+07 3228738592
0.298129 1.29215e+08 3.85229e+07 4064740928
0.377152 1.28747e+08 4.85571e+07 5117205536
0.471645 1.29199e+08 6.09359e+07 6442179888
0.597148 1.27567e+08 7.61765e+07 8110223824
0.747818 1.28094e+08 9.57909e+07 10210166656
0.940067 1.27538e+08 1.19894e+08 12853838128
1.18429 1.26104e+08 1.49344e+08 16182023248
