# filename: ./acpphint-7950X3D-98304MiB-threads_32-LP64-FreeBSD_main_n266130_d521abdff236_64bit-g++_13_O3lto-libc++-cpulockdown-DSIZE_ul-ISIZE_ul-using_8_threads-cpus_kx4_kx4p1_0_13.txt
# acpphint_main version: 0.1.36

4.668e-05 664096 31 3904
4.6901e-05 831539 39 4736
4.742e-05 991143 47 5568
4.786e-05 1.14919e+06 55 6400
4.86e-05 1.2963e+06 63 7232
4.499e-05 1.75595e+06 79 8896
4.58e-05 2.07424e+06 95 10560
4.6901e-05 2.52731e+06 118.533 13056
4.3651e-05 3.24036e+06 141.445 15552
4.593e-05 3.78244e+06 173.727 18880
4.7721e-05 4.48784e+06 214.164 23040
4.791e-05 5.46299e+06 261.732 28032
4.068e-05 8.01252e+06 325.949 34688
4.192e-05 9.6616e+06 405.014 43008
4.2291e-05 1.20829e+07 511 53824
4.2971e-05 1.48705e+07 639 67136
4.3721e-05 1.82035e+07 795.875 83776
4.116e-05 2.42138e+07 996.639 104576
4.311e-05 2.90051e+07 1250.41 131200
4.2601e-05 3.6869e+07 1570.66 164480
4.268e-05 4.63269e+07 1977.23 206912
4.398e-05 5.64633e+07 2483.26 260160
4.7661e-05 6.56264e+07 3127.82 326720
4.623e-05 8.50146e+07 3930.23 410752
4.9471e-05 9.96719e+07 4930.87 516416
5.085e-05 1.22476e+08 6227.89 649536
5.606e-05 1.3949e+08 7819.82 816768
5.9551e-05 1.64857e+08 9817.41 1028096
6.562e-05 1.89179e+08 12413.9 1293504
7.247e-05 2.15138e+08 15591 1627968
8.306e-05 2.35538e+08 19563.8 2048960
9.71e-05 2.55045e+08 24764.9 2578944
0.00011468 2.71124e+08 31092.5 3246208
0.000136019 2.86814e+08 39012.1 4086528
0.000155349 3.18105e+08 49417.3 5144000
0.000181138 3.42402e+08 62022 6475200
0.000211578 3.67681e+08 77793.3 8150848
0.000263418 3.74345e+08 98609.2 10260800
0.000298487 4.14509e+08 123726 12917376
0.000351316 4.41653e+08 155160 16261184
0.000435025 4.52374e+08 196794 20471104
0.000537924 4.58855e+08 246829 25770944
0.000672291 4.60325e+08 309472 32442752
0.00084324 4.65572e+08 392589 40842624
0.00105756 4.65628e+08 492428 51417344
0.00132234 4.66801e+08 617270 64730176
0.0016474 4.75248e+08 782923 81489984
0.00208054 4.72176e+08 982382 102589504
0.00268083 4.59237e+08 1.23114e+06 129151936
0.00398956 3.9133e+08 1.56124e+06 162591680
0.00562875 3.48145e+08 1.95962e+06 204690048
0.00794092 3.09179e+08 2.45516e+06 257689280
0.0111585 2.78959e+08 3.11277e+06 324410688
0.0155495 2.51337e+08 3.90817e+06 408408576
0.0213461 2.29308e+08 4.89484e+06 514155776
0.028938 2.14393e+08 6.20409e+06 647283264
0.0386933 2.01348e+08 7.79083e+06 814880512
0.0513664 1.8988e+08 9.75343e+06 1025873216
0.0680079 1.81695e+08 1.23567e+07 1291497536
0.0906221 1.71228e+08 1.5517e+07 1625898304
0.116229 1.67024e+08 1.9413e+07 2046884480
0.148485 1.65514e+08 2.45763e+07 2576874304
0.18911 1.63135e+08 3.08505e+07 3244091712
0.240326 1.60422e+08 3.85537e+07 4084068928
0.304155 1.60257e+08 4.87428e+07 5141537600
0.384757 1.58854e+08 6.11202e+07 6472811648
0.486653 1.56643e+08 7.62307e+07 8148786624
0.614578 1.56431e+08 9.61392e+07 10258713664
0.775812 1.55003e+08 1.20253e+08 12914954368
0.979013 1.5264e+08 1.49437e+08 16258963712
1.23365 1.5206e+08 1.87589e+08 20468822144
