# filename: ./acpphint-7950X3D-98304MiB-threads_32-LP64-FreeBSD_main_n266130_d521abdff236_64bit-g++_13_O3lto-libc++-cpulockdown-DSIZE_ul-ISIZE_ul-using_4_threads-cpus_kx16_kx16p2_16_18_24_26.txt
# acpphint_main version: 0.1.36

2.0971e-05 715273 15 1952
1.9611e-05 968844 19 2368
2.0631e-05 1.11483e+06 23 2784
1.7881e-05 1.50998e+06 27 3200
1.9091e-05 1.6238e+06 31 3616
1.9271e-05 2.02377e+06 39 4448
1.8471e-05 2.54453e+06 47 5280
1.8931e-05 3.10602e+06 58.8001 6528
1.8941e-05 3.71331e+06 70.3339 7776
2.023e-05 4.27359e+06 86.4548 9440
1.9501e-05 5.46863e+06 106.644 11520
1.927e-05 6.76966e+06 130.451 14016
1.9821e-05 8.2007e+06 162.546 17344
1.942e-05 1.04092e+07 202.147 21504
1.9091e-05 1.33571e+07 255 26912
1.9291e-05 1.65362e+07 319 33568
1.9201e-05 2.07101e+07 397.655 41888
1.9631e-05 2.53677e+07 497.994 52288
2.119e-05 2.94978e+07 625.057 65600
1.9051e-05 4.12119e+07 785.128 82240
2.02e-05 4.89376e+07 988.539 103456
2.0421e-05 6.0821e+07 1242.03 130080
2.1261e-05 7.35574e+07 1563.9 163360
2.2711e-05 8.6546e+07 1965.55 205376
2.2381e-05 1.10231e+08 2467.07 258208
2.3721e-05 1.31285e+08 3114.2 324768
2.5451e-05 1.53683e+08 3911.39 408384
2.7441e-05 1.79034e+08 4912.88 514048
2.9991e-05 2.06983e+08 6207.63 646752
3.225e-05 2.41832e+08 7799.08 813984
3.6831e-05 2.65845e+08 9791.33 1024480
4.3151e-05 2.86986e+08 12383.7 1289472
4.83e-05 3.22031e+08 15554.1 1623104
5.637e-05 3.46396e+08 19526.4 2043264
6.784e-05 3.64252e+08 24710.8 2572000
8.175e-05 3.79541e+08 31027.5 3237600
9.8099e-05 3.96941e+08 38939.5 4075424
0.00011996 4.11034e+08 49307.6 5130400
0.000148859 4.1581e+08 61897.1 6458688
0.000189449 4.09977e+08 77669.8 8130592
0.000233518 4.21383e+08 98400.6 10235552
0.000297256 4.15419e+08 123486 12885472
0.000374136 4.14086e+08 154925 16221376
0.000461294 4.25563e+08 196309 20421312
0.000584453 4.2153e+08 246365 25708672
0.000746571 4.13937e+08 309034 32365088
0.00100086 3.91199e+08 391534 40744992
0.00131138 3.74811e+08 491521 51294752
0.00185207 3.32831e+08 616428 64575968
0.00257924 3.02755e+08 780880 81295840
0.00352602 2.78098e+08 980581 102345024
0.00486802 2.52569e+08 1.22951e+06 128844640
0.00663985 2.34535e+08 1.55728e+06 162205344
0.00898814 2.17627e+08 1.95606e+06 204204288
0.0120425 2.03615e+08 2.45204e+06 257077888
0.0159442 1.94749e+08 3.10511e+06 323641632
0.020926 1.86424e+08 3.90112e+06 407440256
0.0273097 1.79014e+08 4.88881e+06 512936608
0.0354395 1.74642e+08 6.18922e+06 645748768
0.0456727 1.70273e+08 7.77683e+06 812949152
0.058577 1.66308e+08 9.7418e+06 1023442240
0.0746978 1.65037e+08 1.23279e+07 1288437152
0.0950699 1.62925e+08 1.54893e+07 1622045856
0.12076 1.60571e+08 1.93906e+07 2042034464
0.152462 1.60831e+08 2.45206e+07 2570768800
0.192281 1.6016e+08 3.07956e+07 3236405824
0.243565 1.58113e+08 3.85106e+07 4074393312
0.306617 1.58621e+08 4.86359e+07 5129356832
0.387148 1.57594e+08 6.10123e+07 6457477184
0.486876 1.56403e+08 7.61488e+07 8129481856
0.61461 1.56092e+08 9.59359e+07 10234411072
0.773628 1.5517e+08 1.20044e+08 12884359776
0.974683 1.53161e+08 1.49284e+08 16220447648
1.22787 1.52468e+08 1.8721e+08 20420333312
