# filename: ./acpphint-7950X3D-196608MiB-threads_32-LP64-FreeBSD_main_n266876_e183039f0882_64bit-g++_13_O3lto-libc++-cpulockdown-DSIZE_ul-ISIZE_ul-using_2_threads-cpus_0_2.txt
# acpphint_main version: 0.1.36

1.134e-05 617284 7 976
1.535e-05 586319 9 1184
1.524e-05 721785 11 1392
1.5609e-05 832853 13 1600
1.5269e-05 982383 15 1808
1.532e-05 1.24021e+06 19 2224
1.54e-05 1.49351e+06 23 2640
1.547e-05 1.87029e+06 28.9334 3264
1.55e-05 2.24377e+06 34.7785 3888
1.5629e-05 2.73969e+06 42.8186 4720
1.566e-05 3.37692e+06 52.8825 5760
1.5789e-05 4.105e+06 64.8139 7008
1.5889e-05 5.0882e+06 80.8465 8672
1.577e-05 6.38647e+06 100.715 10752
1.61e-05 7.8882e+06 127 13456
1.635e-05 9.72477e+06 159 16784
1.6399e-05 1.21073e+07 198.548 20944
1.648e-05 1.50891e+07 248.668 26144
1.649e-05 1.89429e+07 312.369 32800
1.684e-05 2.32998e+07 392.369 41120
1.7229e-05 2.86835e+07 494.187 51728
1.788e-05 3.47529e+07 621.382 65040
1.8319e-05 4.26854e+07 781.955 81680
1.92e-05 5.12081e+07 983.196 102688
2.0229e-05 6.10565e+07 1235.11 129104
2.144e-05 7.2639e+07 1557.38 162384
2.338e-05 8.37106e+07 1957.15 204192
2.5649e-05 9.59287e+07 2460.47 257024
2.7989e-05 1.10919e+08 3104.51 323376
3.1279e-05 1.24783e+08 3903.07 406992
3.5479e-05 1.38246e+08 4904.82 512240
4.1179e-05 1.50397e+08 6193.19 644736
4.7329e-05 1.64482e+08 7784.78 811552
5.6669e-05 1.72632e+08 9782.87 1021632
6.9339e-05 1.78219e+08 12357.5 1286000
8.0519e-05 1.92874e+08 15530 1618800
0.000102798 1.89803e+08 19511.4 2037712
0.000124208 1.9851e+08 24656.5 2565200
0.000154938 1.99964e+08 30982 3229344
0.000200847 1.93788e+08 38921.7 4065296
0.000243796 2.01818e+08 49202.3 5117776
0.000313165 1.97376e+08 61811.3 6442736
0.000384705 2.01824e+08 77642.6 8110688
0.000489043 2.00724e+08 98162.9 10210656
0.000620091 1.98877e+08 123322 12854336
0.000770829 2.00941e+08 154891 16182544
0.000966727 2.02551e+08 195811 20372496
0.00122591 2.00706e+08 246048 25647376
0.00153807 2.00896e+08 308992 32287984
0.00195609 1.99679e+08 390591 40647920
0.0024817 1.97805e+08 490894 51172512
0.00309056 1.99444e+08 616392 64422320
0.00389035 2.00264e+08 779097 81102672
0.00500467 1.95686e+08 979346 102102144
0.00641897 1.91547e+08 1.22953e+06 128538944
0.00812887 1.9116e+08 1.55391e+06 161820816
0.0104645 1.8669e+08 1.95361e+06 203720128
0.0134036 1.82954e+08 2.45225e+06 256468304
0.0170493 1.81752e+08 3.09874e+06 322874384
0.0218569 1.78261e+08 3.89624e+06 406474576
0.0280135 1.74542e+08 4.88954e+06 511721120
0.0358512 1.72302e+08 6.17721e+06 644218576
0.0460434 1.68691e+08 7.76712e+06 811022928
0.0589843 1.65194e+08 9.74384e+06 1021017232
0.0757282 1.62493e+08 1.23053e+07 1285384400
0.0968623 1.5971e+08 1.54699e+07 1618202912
0.123831 1.56631e+08 1.93958e+07 2037196656
0.157702 1.55218e+08 2.44783e+07 2564678416
0.2013 1.52792e+08 3.0757e+07 3228738592
0.255974 1.50495e+08 3.85229e+07 4064740928
0.325348 1.49246e+08 4.85571e+07 5117205536
0.411797 1.47976e+08 6.09359e+07 6442179888
0.519441 1.46651e+08 7.61765e+07 8110223824
0.654782 1.46294e+08 9.57909e+07 10210166656
0.82542 1.45253e+08 1.19894e+08 12853838128
1.03844 1.43815e+08 1.49344e+08 16182023248
