# filename: ./acpphint-7950X3D-196608MiB-threads_32-LP64-FreeBSD_main_n266876_e183039f0882_64bit-g++_13_O3lto-libc++-cpulockdown-DSIZE_ul-ISIZE_ul-using_4_threads-cpus_kx16_kx16p1_0_1_16_17.txt
# acpphint_main version: 0.1.36

5.4771e-05 273868 15 1952
5.427e-05 350101 19 2368
5.4791e-05 419777 23 2784
5.059e-05 533702 27 3200
5.384e-05 575780 31 3616
5.139e-05 758903 39 4448
5.5531e-05 846374 47 5280
5.027e-05 1.16968e+06 58.8001 6528
5.057e-05 1.39082e+06 70.3339 7776
5.066e-05 1.70657e+06 86.4548 9440
5.2961e-05 2.01363e+06 106.644 11520
5.102e-05 2.55687e+06 130.451 14016
5.523e-05 2.94308e+06 162.546 17344
5.226e-05 3.86811e+06 202.147 21504
5.107e-05 4.99315e+06 255 26912
5.3031e-05 6.01535e+06 319 33568
5.113e-05 7.77733e+06 397.655 41888
5.472e-05 9.10076e+06 497.994 52288
5.464e-05 1.14396e+07 625.057 65600
5.248e-05 1.49605e+07 785.128 82240
5.869e-05 1.68434e+07 988.539 103456
5.662e-05 2.19362e+07 1242.03 130080
5.833e-05 2.68113e+07 1563.9 163360
6.348e-05 3.09632e+07 1965.55 205376
6.522e-05 3.7827e+07 2467.07 258208
6.558e-05 4.74871e+07 3114.2 324768
6.589e-05 5.93624e+07 3911.39 408384
7.379e-05 6.65792e+07 4912.88 514048
7.395e-05 8.39437e+07 6207.63 646752
8.2e-05 9.51107e+07 7799.08 813984
8.616e-05 1.13641e+08 9791.33 1024480
9.988e-05 1.23986e+08 12383.7 1289472
0.000116669 1.33318e+08 15554.1 1623104
0.000130949 1.49114e+08 19526.4 2043264
0.000155299 1.59118e+08 24710.8 2572000
0.000181428 1.71018e+08 31027.5 3237600
0.000215238 1.80914e+08 38939.5 4075424
0.000254697 1.93593e+08 49307.6 5130400
0.000310597 1.99284e+08 61897.1 6458688
0.000362356 2.14347e+08 77669.8 8130592
0.000438974 2.2416e+08 98400.6 10235552
0.000539323 2.28964e+08 123486 12885472
0.000667901 2.31958e+08 154925 16221376
0.000827438 2.3725e+08 196309 20421312
0.0010531 2.33943e+08 246365 25708672
0.00130077 2.37577e+08 309034 32365088
0.00164345 2.3824e+08 391534 40744992
0.00207641 2.36717e+08 491521 51294752
0.00260397 2.36726e+08 616428 64575968
0.00323227 2.41588e+08 780880 81295840
0.00416331 2.35529e+08 980581 102345024
0.00506188 2.42896e+08 1.22951e+06 128844640
0.00625553 2.48944e+08 1.55728e+06 162205344
0.00787599 2.48358e+08 1.95606e+06 204204288
0.0100472 2.44052e+08 2.45204e+06 257077888
0.012988 2.39074e+08 3.10511e+06 323641632
0.0171809 2.27061e+08 3.90112e+06 407440256
0.023111 2.11536e+08 4.88881e+06 512936608
0.0307239 2.01447e+08 6.18922e+06 645748768
0.0405001 1.9202e+08 7.77683e+06 812949152
0.0530744 1.8355e+08 9.7418e+06 1023442240
0.0693382 1.77794e+08 1.23279e+07 1288437152
0.0898654 1.72361e+08 1.54893e+07 1622045856
0.116257 1.66791e+08 1.93906e+07 2042034464
0.149463 1.64058e+08 2.45206e+07 2570768800
0.192779 1.59746e+08 3.07956e+07 3236405824
0.245027 1.57169e+08 3.85106e+07 4074393312
0.313083 1.55345e+08 4.86359e+07 5129356832
0.396151 1.54013e+08 6.10123e+07 6457477184
0.502295 1.51602e+08 7.61488e+07 8129481856
0.639415 1.50037e+08 9.59359e+07 10234411072
0.801387 1.49795e+08 1.20044e+08 12884359776
1.02149 1.46142e+08 1.49284e+08 16220447648
