# filename: ./acpphint-7950X3D-196608MiB-threads_32-LP64-FreeBSD_main_n266876_e183039f0882_64bit-clang++_17_O3lto-libc++-DSIZE_ull-ISIZE_ull-using_2_threads-cpus_16_24.txt
# acpphint_main version: 0.1.36

1.3351e-05 524305 7 976
1.3421e-05 670591 9 1184
1.3261e-05 829500 11 1392
1.328e-05 978916 13 1600
1.3441e-05 1.11599e+06 15 1808
1.3361e-05 1.42205e+06 19 2224
1.3351e-05 1.72272e+06 23 2640
1.3361e-05 2.16551e+06 28.9334 3264
1.3351e-05 2.60493e+06 34.7785 3888
1.3391e-05 3.19756e+06 42.8186 4720
1.3441e-05 3.93442e+06 52.8825 5760
1.3591e-05 4.76888e+06 64.8139 7008
1.3541e-05 5.97049e+06 80.8465 8672
1.3601e-05 7.40495e+06 100.715 10752
1.3631e-05 9.317e+06 127 13456
1.2811e-05 1.24112e+07 159 16784
9.511e-06 2.08756e+07 198.548 20944
9.761e-06 2.54757e+07 248.668 26144
9.891e-06 3.15812e+07 312.369 32800
1.0051e-05 3.90378e+07 392.369 41120
1.0571e-05 4.67493e+07 494.187 51728
1.0791e-05 5.75833e+07 621.382 65040
1.2011e-05 6.51032e+07 781.955 81680
1.2381e-05 7.94117e+07 983.196 102688
1.3281e-05 9.29985e+07 1235.11 129104
1.4581e-05 1.06809e+08 1557.38 162384
1.577e-05 1.24106e+08 1957.15 204192
1.8181e-05 1.35332e+08 2460.47 257024
2.039e-05 1.52256e+08 3104.51 323376
2.7201e-05 1.4349e+08 3903.07 406992
2.7161e-05 1.80583e+08 4904.82 512240
3.319e-05 1.86598e+08 6193.19 644736
3.9021e-05 1.99502e+08 7784.78 811552
4.859e-05 2.01335e+08 9782.87 1021632
5.965e-05 2.07167e+08 12357.5 1286000
7.202e-05 2.15634e+08 15530 1618800
8.572e-05 2.27617e+08 19511.4 2037712
0.000106419 2.31692e+08 24656.5 2565200
0.000131239 2.36073e+08 30982 3229344
0.000165508 2.35165e+08 38921.7 4065296
0.000203059 2.42306e+08 49202.3 5117776
0.000255858 2.41584e+08 61811.3 6442736
0.000322076 2.41069e+08 77642.6 8110688
0.000400965 2.44817e+08 98162.9 10210656
0.000507864 2.42825e+08 123322 12854336
0.000638651 2.42528e+08 154891 16182544
0.000800479 2.44618e+08 195811 20372496
0.00101403 2.42645e+08 246048 25647376
0.00129579 2.38458e+08 308992 32287984
0.00174239 2.24169e+08 390591 40647920
0.00225748 2.17452e+08 490894 51172512
0.00290361 2.12285e+08 616392 64422320
0.00373799 2.08427e+08 779097 81102672
0.00484912 2.01964e+08 979346 102102144
0.00630402 1.95039e+08 1.22953e+06 128538944
0.00820706 1.89338e+08 1.55391e+06 161820816
0.0107003 1.82575e+08 1.95361e+06 203720128
0.0138511 1.77044e+08 2.45225e+06 256468304
0.0179485 1.72646e+08 3.09874e+06 322874384
0.0231831 1.68064e+08 3.89624e+06 406474576
0.0298993 1.63534e+08 4.88954e+06 511721120
0.0384275 1.6075e+08 6.17721e+06 644218576
0.049142 1.58054e+08 7.76712e+06 811022928
0.0629014 1.54907e+08 9.74384e+06 1021017232
0.0799982 1.5382e+08 1.23053e+07 1285384400
0.101492 1.52424e+08 1.54699e+07 1618202912
0.128509 1.50929e+08 1.93958e+07 2037196656
0.16261 1.50534e+08 2.44783e+07 2564678416
0.204781 1.50195e+08 3.0757e+07 3228738592
0.258826 1.48837e+08 3.85229e+07 4064740928
0.326429 1.48752e+08 4.85571e+07 5117205536
0.411595 1.48048e+08 6.09359e+07 6442179888
0.51832 1.46968e+08 7.61765e+07 8110223824
0.652592 1.46785e+08 9.57909e+07 10210166656
0.820415 1.46139e+08 1.19894e+08 12853838128
1.03526 1.44257e+08 1.49344e+08 16182023248
