# filename: ./acpphint-7950X3D-196608MiB-threads_32-LP64-FreeBSD_main_n273201_e4ac0183a1a8_64bit-g++_14_O3lto-libstdc++-cpulockdown-DSIZE_ul-ISIZE_ul-using_4_threads_creation_untimed-cpus_kx16_kx16p4_16_20_24_28.txt
# acpphint_main version: 0.1.41

1.0161e-05 1.47623e+06 15 1952
1.0031e-05 1.89413e+06 19 2368
9.981e-06 2.30438e+06 23 2784
9.431e-06 2.8629e+06 27 3200
9.861e-06 3.1437e+06 31 3616
1.0191e-05 3.82691e+06 39 4448
1.0101e-05 4.653e+06 47 5280
1.0161e-05 5.78684e+06 58.8001 6528
8.991e-06 7.82269e+06 70.3339 7776
9.061e-06 9.54142e+06 86.4548 9440
9.211e-06 1.15779e+07 106.644 11520
8.441e-06 1.54545e+07 130.451 14016
8.261e-06 1.96763e+07 162.546 17344
1.0401e-05 1.94354e+07 202.147 21504
8.711e-06 2.92733e+07 255 26912
1.0711e-05 2.97825e+07 319 33568
1.0871e-05 3.65794e+07 397.655 41888
1.0901e-05 4.56833e+07 497.994 52288
1.1371e-05 5.49694e+07 625.057 65600
1.1401e-05 6.88648e+07 785.128 82240
1.1181e-05 8.84124e+07 988.539 103456
1.2881e-05 9.64231e+07 1242.03 130080
1.3021e-05 1.20106e+08 1563.9 163360
1.2101e-05 1.62428e+08 1965.55 205376
1.516e-05 1.62736e+08 2467.07 258208
1.6481e-05 1.88957e+08 3114.2 324768
1.7081e-05 2.28991e+08 3911.39 408384
1.8141e-05 2.70816e+08 4912.88 514048
2.1021e-05 2.95306e+08 6207.63 646752
2.4931e-05 3.12827e+08 7799.08 813984
3.0761e-05 3.18303e+08 9791.33 1024480
3.4821e-05 3.5564e+08 12383.7 1289472
3.996e-05 3.89241e+08 15554.1 1623104
5.0211e-05 3.88886e+08 19526.4 2043264
6.222e-05 3.97153e+08 24710.8 2572000
7.6581e-05 4.05159e+08 31027.5 3237600
9.482e-05 4.10668e+08 38939.5 4075424
0.00011821 4.17119e+08 49307.6 5130400
0.000146149 4.2352e+08 61897.1 6458688
0.000185259 4.1925e+08 77669.8 8130592
0.000230599 4.26717e+08 98400.6 10235552
0.000289818 4.2608e+08 123486 12885472
0.000367547 4.2151e+08 154925 16221376
0.000464246 4.22857e+08 196309 20421312
0.000585745 4.206e+08 246365 25708672
0.000748853 4.12676e+08 309034 32365088
0.000996711 3.92826e+08 391534 40744992
0.00133632 3.67818e+08 491521 51294752
0.00192346 3.20479e+08 616428 64575968
0.00266752 2.92736e+08 780880 81295840
0.00366292 2.67705e+08 980581 102345024
0.0050626 2.42862e+08 1.22951e+06 128844640
0.00692623 2.24838e+08 1.55728e+06 162205344
0.00936748 2.08814e+08 1.95606e+06 204204288
0.012486 1.96382e+08 2.45204e+06 257077888
0.0165878 1.87192e+08 3.10511e+06 323641632
0.0218248 1.78747e+08 3.90112e+06 407440256
0.0285305 1.71354e+08 4.88881e+06 512936608
0.0369479 1.67512e+08 6.18922e+06 645748768
0.0478161 1.6264e+08 7.77683e+06 812949152
0.0611511 1.59307e+08 9.7418e+06 1023442240
0.078096 1.57856e+08 1.23279e+07 1288437152
0.0994256 1.55788e+08 1.54893e+07 1622045856
0.125868 1.54056e+08 1.93906e+07 2042034464
0.159701 1.53541e+08 2.45206e+07 2570768800
0.201665 1.52707e+08 3.07956e+07 3236405824
0.254389 1.51385e+08 3.85106e+07 4074393312
0.320436 1.5178e+08 4.86359e+07 5129356832
0.404043 1.51004e+08 6.10123e+07 6457477184
0.509074 1.49583e+08 7.61488e+07 8129481856
0.641364 1.49581e+08 9.59359e+07 10234411072
0.807981 1.48573e+08 1.20044e+08 12884359776
1.01719 1.4676e+08 1.49284e+08 16220447648
