# filename: ./acpphint-7950X3D-196608MiB-threads_32-LP64-FreeBSD_main_n273201_e4ac0183a1a8_64bit-g++_14_O3lto-libstdc++-cpulockdown-DSIZE_ul-ISIZE_ul-using_32_threads.txt
# acpphint_main version: 0.1.41

0.000285018 445586 127 15616
0.000306468 518814 159 18944
0.000287098 665278 191 22272
0.000282208 790197 223 25600
0.000296888 858910 255 28928
0.000292898 1.08912e+06 319 35584
0.000297538 1.28723e+06 383 42240
0.000294248 1.62085e+06 476.933 52224
0.000316937 1.7925e+06 568.111 62208
0.000296838 2.34931e+06 697.364 75520
0.000298228 2.8813e+06 859.284 92160
0.000298838 3.51168e+06 1049.42 112128
0.000308528 4.23421e+06 1306.37 138752
0.000304168 5.3333e+06 1622.22 172032
0.000309918 6.60497e+06 2047 215296
0.000319917 7.99894e+06 2559 268544
0.000277318 1.14857e+07 3185.2 335104
0.000279298 1.42804e+07 3988.5 418304
0.000277448 1.80303e+07 5002.47 524800
0.000283378 2.21748e+07 6283.85 657920
0.000284438 2.7807e+07 7909.36 827648
0.000296738 3.34656e+07 9930.52 1040640
0.000308548 4.05491e+07 12511.3 1306880
0.000317607 4.94896e+07 15718.2 1643008
0.000315218 6.25388e+07 19713.4 2065664
0.000325397 7.65525e+07 24910 2598144
0.000337167 9.27439e+07 31270.2 3267072
0.000350108 1.12091e+08 39244 4112384
0.000326708 1.51975e+08 49651.4 5174016
0.000339828 1.83452e+08 62342 6511872
0.000332188 2.35399e+08 78196.8 8195840
0.000334797 2.95852e+08 99050.4 10315776
0.000373767 3.32615e+08 124321 12984832
0.000367127 4.24707e+08 155921 16346112
0.000389427 5.07542e+08 197651 20576000
0.000440906 5.62431e+08 247979 25900800
0.000470826 6.60323e+08 310897 32603392
0.000512336 7.69798e+08 394395 41043200
0.000563425 8.7795e+08 494659 51669504
0.000651154 9.52208e+08 620034 65044736
0.000745053 1.05638e+09 787059 81884416
0.00100073 9.86019e+08 986739 103083776
0.00156827 7.88454e+08 1.23651e+06 129771008
0.0024265 6.46977e+08 1.56989e+06 163370496
0.00385148 5.11029e+08 1.96822e+06 205669376
0.00665066 3.70751e+08 2.46574e+06 258920704
0.0101828 3.07357e+08 3.12976e+06 325959936
0.0151951 2.5832e+08 3.9252e+06 410358016
0.0208543 2.35713e+08 4.91565e+06 516607744
0.0283977 2.19645e+08 6.23742e+06 650366720
0.0382318 2.04659e+08 7.8245e+06 818760192
0.0524754 1.86646e+08 9.79431e+06 1030757120
0.0692244 1.79447e+08 1.24221e+07 1297642752
0.0919754 1.69433e+08 1.55836e+07 1633634304
0.119409 1.63248e+08 1.94933e+07 2056623104
0.154374 1.60029e+08 2.47043e+07 2589133056
0.198587 1.56011e+08 3.09819e+07 3259522048
0.253107 1.52942e+08 3.87107e+07 4103492864
0.320431 1.52895e+08 4.89922e+07 5165990144
0.404483 1.51743e+08 6.13776e+07 6503593216
0.51048 1.49928e+08 7.65353e+07 8187537920
0.64514 1.49765e+08 9.66196e+07 10307497216
0.812398 1.48635e+08 1.20751e+08 12976366848
1.02573 1.46254e+08 1.50018e+08 16336275712
