# filename: ./acpphint-7950X3D-196608MiB-threads_32-LP64-FreeBSD_main_n273201_e4ac0183a1a8_64bit-clang++_19_O3lto-libc++-DSIZE_ull-ISIZE_ull-using_2_threads-cpus_0_1.txt
# acpphint_main version: 0.1.41

1.2971e-05 539665 7 976
1.2881e-05 698704 9 1184
1.2931e-05 850669 11 1392
1.256e-05 1.03503e+06 13 1600
1.2551e-05 1.19512e+06 15 1808
1.242e-05 1.52979e+06 19 2224
1.2461e-05 1.84576e+06 23 2640
1.2961e-05 2.23234e+06 28.9334 3264
1.8171e-05 1.91395e+06 34.7785 3888
1.8971e-05 2.25705e+06 42.8186 4720
1.9151e-05 2.76135e+06 52.8825 5760
1.9231e-05 3.37028e+06 64.8139 7008
1.8551e-05 4.35807e+06 80.8465 8672
1.8751e-05 5.37116e+06 100.715 10752
1.912e-05 6.64226e+06 127 13456
1.9321e-05 8.22939e+06 159 16784
1.9571e-05 1.0145e+07 198.548 20944
1.3151e-05 1.89087e+07 248.668 26144
1.338e-05 2.3346e+07 312.369 32800
1.4091e-05 2.78453e+07 392.369 41120
1.487e-05 3.32338e+07 494.187 51728
1.594e-05 3.89825e+07 621.382 65040
1.7331e-05 4.51188e+07 781.955 81680
1.9051e-05 5.16086e+07 983.196 102688
2.1421e-05 5.7659e+07 1235.11 129104
2.4201e-05 6.43519e+07 1557.38 162384
2.7611e-05 7.08831e+07 1957.15 204192
3.2141e-05 7.65525e+07 2460.47 257024
3.7841e-05 8.20409e+07 3104.51 323376
4.3081e-05 9.05985e+07 3903.07 406992
5.397e-05 9.08804e+07 4904.82 512240
6.235e-05 9.93295e+07 6193.19 644736
7.673e-05 1.01457e+08 7784.78 811552
9.433e-05 1.03709e+08 9782.87 1021632
0.00011217 1.10168e+08 12357.5 1286000
0.00014342 1.08283e+08 15530 1618800
0.000164809 1.18388e+08 19511.4 2037712
0.000205178 1.20171e+08 24656.5 2565200
0.000255738 1.21147e+08 30982 3229344
0.000309188 1.25884e+08 38921.7 4065296
0.000386087 1.27438e+08 49202.3 5117776
0.000485696 1.27263e+08 61811.3 6442736
0.000605915 1.28141e+08 77642.6 8110688
0.000760882 1.29012e+08 98162.9 10210656
0.000965161 1.27773e+08 123322 12854336
0.00119888 1.29196e+08 154891 16182544
0.00151425 1.29312e+08 195811 20372496
0.00189049 1.3015e+08 246048 25647376
0.00238167 1.29737e+08 308992 32287984
0.00299753 1.30304e+08 390591 40647920
0.00376798 1.3028e+08 490894 51172512
0.00473604 1.30149e+08 616392 64422320
0.00596974 1.30508e+08 779097 81102672
0.00752654 1.30119e+08 979346 102102144
0.00949683 1.29468e+08 1.22953e+06 128538944
0.0120036 1.29454e+08 1.55391e+06 161820816
0.0151424 1.29016e+08 1.95361e+06 203720128
0.0190982 1.28402e+08 2.45225e+06 256468304
0.0241752 1.28178e+08 3.09874e+06 322874384
0.0304711 1.27867e+08 3.89624e+06 406474576
0.0384272 1.27242e+08 4.88954e+06 511721120
0.0483267 1.27822e+08 6.17721e+06 644218576
0.0608069 1.27734e+08 7.76712e+06 811022928
0.0768051 1.26865e+08 9.74384e+06 1021017232
0.0965284 1.27479e+08 1.23053e+07 1285384400
0.121632 1.27186e+08 1.54699e+07 1618202912
0.153281 1.26538e+08 1.93958e+07 2037196656
0.192951 1.26863e+08 2.44783e+07 2564678416
0.243052 1.26545e+08 3.0757e+07 3228738592
0.306596 1.25647e+08 3.85229e+07 4064740928
0.385199 1.26057e+08 4.85571e+07 5117205536
0.485661 1.2547e+08 6.09359e+07 6442179888
0.610975 1.2468e+08 7.61765e+07 8110223824
0.77086 1.24265e+08 9.57909e+07 10210166656
0.970415 1.2355e+08 1.19894e+08 12853838128
1.22054 1.22358e+08 1.49344e+08 16182023248
