# filename: ./acpphint-7950X3D-196608MiB-threads_32-LP64-FreeBSD_main_n273201_e4ac0183a1a8_64bit-clang++_19_O3lto-libc++-cpulockdown-DSIZE_ull-ISIZE_ull-using_4_threads_creation_untimed-cpus_kx4_kx4p1_0_9.txt
# acpphint_main version: 0.1.41

1.0501e-05 1.42844e+06 15 1952
1.0991e-05 1.72869e+06 19 2368
1.134e-05 2.02822e+06 23 2784
1.1681e-05 2.31145e+06 27 3200
1.162e-05 2.66781e+06 31 3616
1.1161e-05 3.49431e+06 39 4448
1.1291e-05 4.16261e+06 47 5280
1.1491e-05 5.11705e+06 58.8001 6528
1.1681e-05 6.02122e+06 70.3339 7776
1.1501e-05 7.51716e+06 86.4548 9440
1.158e-05 9.2093e+06 106.644 11520
1.1591e-05 1.12545e+07 130.451 14016
1.1741e-05 1.38443e+07 162.546 17344
1.1941e-05 1.69288e+07 202.147 21504
1.2111e-05 2.10552e+07 255 26912
1.2301e-05 2.59328e+07 319 33568
1.2701e-05 3.13089e+07 397.655 41888
1.3141e-05 3.78962e+07 497.994 52288
1.3761e-05 4.54224e+07 625.057 65600
1.4261e-05 5.50542e+07 785.128 82240
1.444e-05 6.84584e+07 988.539 103456
1.6071e-05 7.72837e+07 1242.03 130080
1.823e-05 8.57874e+07 1563.9 163360
1.9741e-05 9.95667e+07 1965.55 205376
2.228e-05 1.1073e+08 2467.07 258208
2.462e-05 1.26491e+08 3114.2 324768
2.7881e-05 1.40289e+08 3911.39 408384
3.1831e-05 1.54343e+08 4912.88 514048
3.747e-05 1.65669e+08 6207.63 646752
4.456e-05 1.75024e+08 7799.08 813984
5.357e-05 1.82776e+08 9791.33 1024480
6.457e-05 1.91788e+08 12383.7 1289472
7.914e-05 1.96539e+08 15554.1 1623104
9.767e-05 1.99922e+08 19526.4 2043264
0.00012056 2.04967e+08 24710.8 2572000
0.000143389 2.16387e+08 31027.5 3237600
0.000171779 2.26684e+08 38939.5 4075424
0.000211438 2.33201e+08 49307.6 5130400
0.000253838 2.43845e+08 61897.1 6458688
0.000318587 2.43795e+08 77669.8 8130592
0.000386497 2.54596e+08 98400.6 10235552
0.000483955 2.5516e+08 123486 12885472
0.000603905 2.56538e+08 154925 16221376
0.000761533 2.57782e+08 196309 20421312
0.00095766 2.57257e+08 246365 25708672
0.00120313 2.56859e+08 309034 32365088
0.00150829 2.59587e+08 391534 40744992
0.00190756 2.5767e+08 491521 51294752
0.00239168 2.57738e+08 616428 64575968
0.00301572 2.58937e+08 780880 81295840
0.00379923 2.581e+08 980581 102345024
0.00480122 2.56083e+08 1.22951e+06 128844640
0.00613076 2.5401e+08 1.55728e+06 162205344
0.007863 2.48768e+08 1.95606e+06 204204288
0.0101754 2.40976e+08 2.45204e+06 257077888
0.0136273 2.2786e+08 3.10511e+06 323641632
0.0179945 2.16795e+08 3.90112e+06 407440256
0.0237371 2.05956e+08 4.88881e+06 512936608
0.0314232 1.96963e+08 6.18922e+06 645748768
0.041433 1.87697e+08 7.77683e+06 812949152
0.0542936 1.79428e+08 9.7418e+06 1023442240
0.0707261 1.74305e+08 1.23279e+07 1288437152
0.091909 1.68528e+08 1.54893e+07 1622045856
0.118417 1.63749e+08 1.93906e+07 2042034464
0.153019 1.60245e+08 2.45206e+07 2570768800
0.194884 1.5802e+08 3.07956e+07 3236405824
0.248545 1.54945e+08 3.85106e+07 4074393312
0.313665 1.55057e+08 4.86359e+07 5129356832
0.398618 1.5306e+08 6.10123e+07 6457477184
0.502411 1.51567e+08 7.61488e+07 8129481856
0.793307 1.20932e+08 9.59359e+07 10234411072
0.801251 1.49821e+08 1.20044e+08 12884359776
1.26086 1.18399e+08 1.49284e+08 16220447648
