# filename: ./acpphint-7950X3D-196608MiB-threads_32-LP64-FreeBSD_main_n273201_e4ac0183a1a8_64bit-g++_14_O3lto-libstdc++-DSIZE_ul-ISIZE_ul-using_16_threads_creation_untimed-cpus_kx4_kx4p1_0_29.txt
# acpphint_main version: 0.1.41

7.558e-05 833554 63 7808
7.832e-05 1.00868e+06 79 9472
7.5721e-05 1.25461e+06 95 11136
7.579e-05 1.46457e+06 111 12800
8.091e-05 1.56965e+06 127 14464
8.019e-05 1.98279e+06 159 17792
8.171e-05 2.33754e+06 191 21120
8.019e-05 2.96795e+06 238 26112
8.117e-05 3.49472e+06 283.667 31104
8.341e-05 4.17543e+06 348.273 37760
8.713e-05 4.92602e+06 429.204 46080
9.049e-05 5.79395e+06 524.295 56064
8.828e-05 7.39417e+06 652.757 69376
9.706e-05 8.35308e+06 810.75 86016
9.656e-05 1.05944e+07 1023 107648
9.79e-05 1.30643e+07 1279 134272
9.916e-05 1.60581e+07 1592.32 167552
0.00010024 1.98915e+07 1993.93 209152
0.00010857 2.30367e+07 2501.1 262400
0.000111939 2.80664e+07 3141.72 328960
0.00011032 3.58467e+07 3954.61 413824
0.00010855 4.57456e+07 4965.68 520320
0.000111709 5.59997e+07 6255.67 653440
0.00011128 7.06288e+07 7859.57 821504
0.000116859 8.43614e+07 9858.39 1032832
0.00011849 1.05117e+08 12455.3 1299072
0.00011705 1.33589e+08 15636.6 1633536
0.00012867 1.52532e+08 19626.3 2056192
0.000129069 1.92351e+08 24826.5 2587008
0.000138839 2.24539e+08 31174.8 3255936
0.00014547 2.68841e+08 39108.4 4097920
0.00015659 3.16284e+08 49527 5157888
0.00016778 3.70539e+08 62169 6492416
0.000232858 3.34894e+08 77982.7 8173056
0.000286168 3.45355e+08 98829.6 10288000
0.000345947 3.58464e+08 124010 12950400
0.000440446 3.53046e+08 155498 16301696
0.000553175 3.56504e+08 197209 20521600
0.000362567 6.82294e+08 247377 25834752
0.000865602 3.58282e+08 310129 32522368
0.00109337 3.59958e+08 393567 40942208
0.000760863 6.48598e+08 493494 51541888
0.00176906 3.49638e+08 618531 64885504
0.00316102 2.48367e+08 785093 81685248
0.00426021 2.31085e+08 984470 102834688
0.00546797 2.25605e+08 1.2336e+06 129460352
0.00614946 2.54573e+08 1.56549e+06 162979968
0.00821868 2.3894e+08 1.96377e+06 205179008
0.00975252 2.52244e+08 2.46001e+06 258303872
0.0131518 2.37313e+08 3.1211e+06 325183360
0.0182041 2.15136e+08 3.91636e+06 409380096
0.0249824 1.96312e+08 4.90434e+06 515378560
0.0338196 1.83928e+08 6.22038e+06 648821376
0.0424462 1.83928e+08 7.80707e+06 816817152
0.0552088 1.77002e+08 9.77207e+06 1028311552
0.0717639 1.7263e+08 1.23886e+07 1294566528
0.0927074 1.67723e+08 1.55492e+07 1629761024
0.119638 1.6257e+08 1.94495e+07 2051746432
0.152067 1.62025e+08 2.46386e+07 2582995072
0.193944 1.59396e+08 3.09139e+07 3251796608
0.246772 1.56521e+08 3.86249e+07 4093768960
0.313365 1.55933e+08 4.88639e+07 5153748608
0.397165 1.54204e+08 6.12444e+07 6488183424
0.504212 1.51461e+08 7.63686e+07 8168137856
0.636501 1.51409e+08 9.63719e+07 10283075200
0.811715 1.48443e+08 1.20494e+08 12945623296
1.01592 1.47354e+08 1.497e+08 16297573248
