# filename: ./acpphint-7950X3D-98304MiB-threads_32-LP64-FreeBSD_main_n266130_d521abdff236_64bit-clang++_17_O3lto-libc++-cpulockdown-DSIZE_ull-ISIZE_ull-using_2_threads-cpus_0_16.txt
# acpphint_main version: 0.1.36

3.0759e-05 227576 7 976
3.106e-05 289762 9 1184
3.007e-05 365813 11 1392
3.0829e-05 421681 13 1600
3.104e-05 483247 15 1808
3.0859e-05 615704 19 2224
3.125e-05 736000 23 2640
3.0649e-05 944025 28.9334 3264
3.101e-05 1.12152e+06 34.7785 3888
3.1309e-05 1.36761e+06 42.8186 4720
2.8669e-05 1.84459e+06 52.8825 5760
2.912e-05 2.22575e+06 64.8139 7008
2.823e-05 2.86385e+06 80.8465 8672
2.7109e-05 3.71518e+06 100.715 10752
2.7449e-05 4.62676e+06 127 13456
2.7319e-05 5.82012e+06 159 16784
2.828e-05 7.02079e+06 198.548 20944
3.209e-05 7.74909e+06 248.668 26144
2.8269e-05 1.10499e+07 312.369 32800
3.261e-05 1.20322e+07 392.369 41120
3.363e-05 1.46948e+07 494.187 51728
3.4029e-05 1.82604e+07 621.382 65040
3.126e-05 2.50145e+07 781.955 81680
3.545e-05 2.77347e+07 983.196 102688
3.591e-05 3.43947e+07 1235.11 129104
3.7519e-05 4.15091e+07 1557.38 162384
3.988e-05 4.90761e+07 1957.15 204192
4.0939e-05 6.0101e+07 2460.47 257024
4.363e-05 7.11554e+07 3104.51 323376
4.6639e-05 8.36869e+07 3903.07 406992
4.4369e-05 1.10546e+08 4904.82 512240
5e-05 1.23864e+08 6193.19 644736
5.4349e-05 1.43237e+08 7784.78 811552
6.3399e-05 1.54306e+08 9782.87 1021632
7.7479e-05 1.59495e+08 12357.5 1286000
8.7518e-05 1.77449e+08 15530 1618800
0.000109469 1.78236e+08 19511.4 2037712
0.000129359 1.90605e+08 24656.5 2565200
0.000155607 1.99104e+08 30982 3229344
0.000191547 2.03197e+08 38921.7 4065296
0.000235197 2.09196e+08 49202.3 5117776
0.000293726 2.10439e+08 61811.3 6442736
0.000358815 2.16386e+08 77642.6 8110688
0.000451024 2.17644e+08 98162.9 10210656
0.000569012 2.1673e+08 123322 12854336
0.00071572 2.16413e+08 154891 16182544
0.000920657 2.12686e+08 195811 20372496
0.00112803 2.18121e+08 246048 25647376
0.00142466 2.16889e+08 308992 32287984
0.00180304 2.1663e+08 390591 40647920
0.00224644 2.18521e+08 490894 51172512
0.0028174 2.1878e+08 616392 64422320
0.00361733 2.15379e+08 779097 81102672
0.00464434 2.10868e+08 979346 102102144
0.00586652 2.09585e+08 1.22953e+06 128538944
0.00747312 2.07934e+08 1.55391e+06 161820816
0.00952613 2.05079e+08 1.95361e+06 203720128
0.0121486 2.01854e+08 2.45225e+06 256468304
0.0155231 1.99621e+08 3.09874e+06 322874384
0.0198317 1.96465e+08 3.89624e+06 406474576
0.0254453 1.92159e+08 4.88954e+06 511721120
0.0325254 1.8992e+08 6.17721e+06 644218576
0.0416725 1.86385e+08 7.76712e+06 811022928
0.0533389 1.82678e+08 9.74384e+06 1021017232
0.068199 1.80433e+08 1.23053e+07 1285384400
0.0870249 1.77764e+08 1.54699e+07 1618202912
0.111215 1.74398e+08 1.93958e+07 2037196656
0.141976 1.72411e+08 2.44783e+07 2564678416
0.180841 1.70077e+08 3.0757e+07 3228738592
0.230219 1.67331e+08 3.85229e+07 4064740928
0.291357 1.66658e+08 4.85571e+07 5117205536
0.371496 1.64028e+08 6.09359e+07 6442179888
0.468675 1.62536e+08 7.61765e+07 8110223824
0.591093 1.62057e+08 9.57909e+07 10210166656
0.747392 1.60417e+08 1.19894e+08 12853838128
0.941714 1.58587e+08 1.49344e+08 16182023248
1.18857 1.5729e+08 1.8695e+08 20371960064
