# filename: ./acpphint-7950X3D-98304MiB-threads_32-LP64-FreeBSD_main_n266130_d521abdff236_64bit-g++_13_O3lto-libc++-cpulockdown-DSIZE_ul-ISIZE_ul-using_2_threads-cpus_0_1.txt
# acpphint_main version: 0.1.36

1.6271e-05 430213 7 976
1.4711e-05 611787 9 1184
1.6171e-05 680230 11 1392
1.6341e-05 795545 13 1600
1.6271e-05 921886 15 1808
1.6511e-05 1.15075e+06 19 2224
1.69e-05 1.36095e+06 23 2640
1.719e-05 1.68315e+06 28.9334 3264
1.6761e-05 2.07496e+06 34.7785 3888
1.6471e-05 2.59963e+06 42.8186 4720
1.6721e-05 3.16264e+06 52.8825 5760
1.677e-05 3.86487e+06 64.8139 7008
1.6911e-05 4.7807e+06 80.8465 8672
1.7631e-05 5.71236e+06 100.715 10752
1.649e-05 7.70164e+06 127 13456
1.67e-05 9.52096e+06 159 16784
1.7041e-05 1.16512e+07 198.548 20944
1.8741e-05 1.32687e+07 248.668 26144
1.9401e-05 1.61007e+07 312.369 32800
2.0121e-05 1.95005e+07 392.369 41120
2.0801e-05 2.37579e+07 494.187 51728
2.2111e-05 2.81028e+07 621.382 65040
2.2181e-05 3.52534e+07 781.955 81680
2.5211e-05 3.89987e+07 983.196 102688
2.7621e-05 4.47164e+07 1235.11 129104
3.026e-05 5.14666e+07 1557.38 162384
3.4271e-05 5.71082e+07 1957.15 204192
3.898e-05 6.31215e+07 2460.47 257024
4.478e-05 6.9328e+07 3104.51 323376
5.2561e-05 7.4258e+07 3903.07 406992
6.211e-05 7.89698e+07 4904.82 512240
7.406e-05 8.3624e+07 6193.19 644736
8.768e-05 8.87862e+07 7784.78 811552
0.000101459 9.64219e+07 9782.87 1021632
0.00011871 1.04099e+08 12357.5 1286000
0.000152089 1.02111e+08 15530 1618800
0.000188178 1.03686e+08 19511.4 2037712
0.000235448 1.04722e+08 24656.5 2565200
0.000290467 1.06663e+08 30982 3229344
0.000359236 1.08346e+08 38921.7 4065296
0.000449845 1.09376e+08 49202.3 5117776
0.000564393 1.09518e+08 61811.3 6442736
0.000722871 1.07409e+08 77642.6 8110688
0.000956277 1.02651e+08 98162.9 10210656
0.00107404 1.14821e+08 123322 12854336
0.00125778 1.23146e+08 154891 16182544
0.00158011 1.23923e+08 195811 20372496
0.00198573 1.23908e+08 246048 25647376
0.00251234 1.2299e+08 308992 32287984
0.00313789 1.24476e+08 390591 40647920
0.00395391 1.24154e+08 490894 51172512
0.00501291 1.22961e+08 616392 64422320
0.00624973 1.24661e+08 779097 81102672
0.00784628 1.24817e+08 979346 102102144
0.00988094 1.24435e+08 1.22953e+06 128538944
0.0124739 1.24573e+08 1.55391e+06 161820816
0.0157187 1.24286e+08 1.95361e+06 203720128
0.019804 1.23826e+08 2.45225e+06 256468304
0.0249625 1.24136e+08 3.09874e+06 322874384
0.0314754 1.23787e+08 3.89624e+06 406474576
0.0396685 1.2326e+08 4.88954e+06 511721120
0.0499254 1.23729e+08 6.17721e+06 644218576
0.0629736 1.23339e+08 7.76712e+06 811022928
0.0794199 1.22688e+08 9.74384e+06 1021017232
0.0998314 1.23261e+08 1.23053e+07 1285384400
0.125744 1.23027e+08 1.54699e+07 1618202912
0.158419 1.22433e+08 1.93958e+07 2037196656
0.199345 1.22794e+08 2.44783e+07 2564678416
0.250689 1.2269e+08 3.0757e+07 3228738592
0.315543 1.22084e+08 3.85229e+07 4064740928
0.397437 1.22176e+08 4.85571e+07 5117205536
0.500632 1.21718e+08 6.09359e+07 6442179888
0.630312 1.20855e+08 7.61765e+07 8110223824
0.793129 1.20776e+08 9.57909e+07 10210166656
0.99873 1.20047e+08 1.19894e+08 12853838128
1.25647 1.1886e+08 1.49344e+08 16182023248
