# filename: ./acpphint-7950X3D-98304MiB-threads_32-LP64-FreeBSD_main_n266130_d521abdff236_64bit-clang++_17_O3lto-libc++-DSIZE_ull-ISIZE_ull-using_2_threads-cpus_0_1.txt
# acpphint_main version: 0.1.36

1.2771e-05 548117 7 976
1.2741e-05 706381 9 1184
1.2731e-05 864033 11 1392
1.2941e-05 1.00456e+06 13 1600
1.2841e-05 1.16813e+06 15 1808
1.28e-05 1.48437e+06 19 2224
1.2911e-05 1.78143e+06 23 2640
1.3061e-05 2.21525e+06 28.9334 3264
1.2991e-05 2.67712e+06 34.7785 3888
1.2971e-05 3.3011e+06 42.8186 4720
1.3171e-05 4.01507e+06 52.8825 5760
1.9251e-05 3.36678e+06 64.8139 7008
1.9441e-05 4.15856e+06 80.8465 8672
1.9471e-05 5.17255e+06 100.715 10752
1.9761e-05 6.4268e+06 127 13456
2.0031e-05 7.9377e+06 159 16784
2.0281e-05 9.78984e+06 198.548 20944
2.0651e-05 1.20415e+07 248.668 26144
1.4121e-05 2.21209e+07 312.369 32800
1.4571e-05 2.6928e+07 392.369 41120
1.538e-05 3.21318e+07 494.187 51728
1.6411e-05 3.78637e+07 621.382 65040
1.784e-05 4.38315e+07 781.955 81680
1.9461e-05 5.05214e+07 983.196 102688
2.1551e-05 5.73112e+07 1235.11 129104
2.4361e-05 6.39292e+07 1557.38 162384
2.772e-05 7.06044e+07 1957.15 204192
3.172e-05 7.75686e+07 2460.47 257024
3.744e-05 8.29196e+07 3104.51 323376
4.288e-05 9.10231e+07 3903.07 406992
5.02e-05 9.77055e+07 4904.82 512240
6.363e-05 9.73313e+07 6193.19 644736
7.751e-05 1.00436e+08 7784.78 811552
9.009e-05 1.0859e+08 9782.87 1021632
0.000111619 1.10712e+08 12357.5 1286000
0.000138669 1.11993e+08 15530 1618800
0.000168258 1.15961e+08 19511.4 2037712
0.000204118 1.20795e+08 24656.5 2565200
0.000252947 1.22484e+08 30982 3229344
0.000309447 1.25778e+08 38921.7 4065296
0.000381566 1.28948e+08 49202.3 5117776
0.000466874 1.32394e+08 61811.3 6442736
0.000586762 1.32324e+08 77642.6 8110688
0.00073735 1.33129e+08 98162.9 10210656
0.000927517 1.32959e+08 123322 12854336
0.00116887 1.32513e+08 154891 16182544
0.00146579 1.33588e+08 195811 20372496
0.0018453 1.33337e+08 246048 25647376
0.00231913 1.33237e+08 308992 32287984
0.00293058 1.33281e+08 390591 40647920
0.00368247 1.33306e+08 490894 51172512
0.00464044 1.3283e+08 616392 64422320
0.00584473 1.33299e+08 779097 81102672
0.00734291 1.33373e+08 979346 102102144
0.00923882 1.33083e+08 1.22953e+06 128538944
0.0116542 1.33335e+08 1.55391e+06 161820816
0.0146734 1.33139e+08 1.95361e+06 203720128
0.0185239 1.32382e+08 2.45225e+06 256468304
0.0233873 1.32497e+08 3.09874e+06 322874384
0.0294989 1.32081e+08 3.89624e+06 406474576
0.0371995 1.31441e+08 4.88954e+06 511721120
0.0469159 1.31666e+08 6.17721e+06 644218576
0.0592424 1.31107e+08 7.76712e+06 811022928
0.0745665 1.30673e+08 9.74384e+06 1021017232
0.0936822 1.31352e+08 1.23053e+07 1285384400
0.117896 1.31216e+08 1.54699e+07 1618202912
0.148595 1.30528e+08 1.93958e+07 2037196656
0.187243 1.3073e+08 2.44783e+07 2564678416
0.23591 1.30376e+08 3.0757e+07 3228738592
0.297544 1.29469e+08 3.85229e+07 4064740928
0.374579 1.29631e+08 4.85571e+07 5117205536
0.471551 1.29224e+08 6.09359e+07 6442179888
0.594854 1.28059e+08 7.61765e+07 8110223824
0.747995 1.28064e+08 9.57909e+07 10210166656
0.941719 1.27314e+08 1.19894e+08 12853838128
1.18448 1.26084e+08 1.49344e+08 16182023248
