# filename: ./acpphint-7950X3D-196608MiB-threads_32-LP64-FreeBSD_main_n273201_e4ac0183a1a8_64bit-clang++_19_O3lto-libc++-DSIZE_ul-ISIZE_ul-using_4_threads-cpus_kx16_kx16p1_0_1_16_17.txt
# acpphint_main version: 0.1.41

5.591e-05 268288 15 1952
5.962e-05 318685 19 2368
5.612e-05 409836 23 2784
5.699e-05 473767 27 3200
5.518e-05 561798 31 3616
5.792e-05 673343 39 4448
5.559e-05 845476 47 5280
5.439e-05 1.08108e+06 58.8001 6528
5.66e-05 1.24265e+06 70.3339 7776
5.6621e-05 1.5269e+06 86.4548 9440
5.379e-05 1.98259e+06 106.644 11520
5.738e-05 2.27346e+06 130.451 14016
5.61e-05 2.89744e+06 162.546 17344
5.5541e-05 3.6396e+06 202.147 21504
5.84e-05 4.36644e+06 255 26912
5.6141e-05 5.68212e+06 319 33568
5.71e-05 6.96418e+06 397.655 41888
5.6441e-05 8.82326e+06 497.994 52288
6.1131e-05 1.02249e+07 625.057 65600
5.7221e-05 1.3721e+07 785.128 82240
5.716e-05 1.72942e+07 988.539 103456
5.958e-05 2.08464e+07 1242.03 130080
6.254e-05 2.50065e+07 1563.9 163360
6.089e-05 3.22803e+07 1965.55 205376
7.1651e-05 3.44318e+07 2467.07 258208
8.169e-05 3.81222e+07 3114.2 324768
4.3091e-05 9.07704e+07 3911.39 408384
5.032e-05 9.76327e+07 4912.88 514048
5.5431e-05 1.11989e+08 6207.63 646752
6.401e-05 1.21842e+08 7799.08 813984
7.523e-05 1.30152e+08 9791.33 1024480
8.517e-05 1.454e+08 12383.7 1289472
0.00010202 1.52461e+08 15554.1 1623104
0.000124119 1.5732e+08 19526.4 2043264
0.0001429 1.72924e+08 24710.8 2572000
0.000168019 1.84666e+08 31027.5 3237600
0.000205929 1.89092e+08 38939.5 4075424
0.000253748 1.94317e+08 49307.6 5130400
0.000299158 2.06904e+08 61897.1 6458688
0.000354027 2.19389e+08 77669.8 8130592
0.000410287 2.39834e+08 98400.6 10235552
0.000525585 2.34949e+08 123486 12885472
0.000632995 2.44749e+08 154925 16221376
0.000806833 2.43309e+08 196309 20421312
0.000983981 2.50375e+08 246365 25708672
0.00125295 2.46645e+08 309034 32365088
0.00158933 2.46351e+08 391534 40744992
0.00409259 1.201e+08 491521 51294752
0.00555171 1.11034e+08 616428 64575968
0.00347196 2.24911e+08 780880 81295840
0.00897536 1.09253e+08 980581 102345024
0.0113396 1.08426e+08 1.22951e+06 128844640
0.0139386 1.11724e+08 1.55728e+06 162205344
0.0159371 1.22737e+08 1.95606e+06 204204288
0.0148138 1.65524e+08 2.45204e+06 257077888
0.0176065 1.76362e+08 3.10511e+06 323641632
0.0224275 1.73943e+08 3.90112e+06 407440256
0.0229384 2.13128e+08 4.88881e+06 512936608
0.0302794 2.04403e+08 6.18922e+06 645748768
0.0396978 1.95901e+08 7.77683e+06 812949152
0.0522899 1.86304e+08 9.7418e+06 1023442240
0.0685232 1.79908e+08 1.23279e+07 1288437152
0.0892554 1.73539e+08 1.54893e+07 1622045856
0.115678 1.67626e+08 1.93906e+07 2042034464
0.149528 1.63987e+08 2.45206e+07 2570768800
0.191635 1.60699e+08 3.07956e+07 3236405824
0.243881 1.57907e+08 3.85106e+07 4074393312
0.311198 1.56286e+08 4.86359e+07 5129356832
0.39603 1.5406e+08 6.10123e+07 6457477184
0.501896 1.51722e+08 7.61488e+07 8129481856
0.63442 1.51218e+08 9.59359e+07 10234411072
0.802643 1.49561e+08 1.20044e+08 12884359776
1.01762 1.46699e+08 1.49284e+08 16220447648
