# filename: ./acpphint-7950X3D-196608MiB-threads_32-LP64-FreeBSD_main_n266876_e183039f0882_64bit-g++_13_O3lto-libc++-DSIZE_ul-ISIZE_ul-using_8_threads-cpus_kx2s_16_18_28_30.txt
# acpphint_main version: 0.1.36

3.867e-05 801655 31 3904
3.736e-05 1.0439e+06 39 4736
3.5551e-05 1.32204e+06 47 5568
3.5401e-05 1.55363e+06 55 6400
3.524e-05 1.78774e+06 63 7232
3.515e-05 2.24751e+06 79 8896
3.3641e-05 2.82394e+06 95 10560
3.473e-05 3.413e+06 118.533 13056
3.497e-05 4.04475e+06 141.445 15552
3.563e-05 4.87588e+06 173.727 18880
3.6241e-05 5.90945e+06 214.164 23040
3.835e-05 6.82481e+06 261.732 28032
3.6621e-05 8.90061e+06 325.949 34688
3.5871e-05 1.12909e+07 405.014 43008
3.3571e-05 1.52215e+07 511 53824
3.216e-05 1.98694e+07 639 67136
3.449e-05 2.30755e+07 795.875 83776
3.3891e-05 2.94072e+07 996.639 104576
3.5231e-05 3.54917e+07 1250.41 131200
3.632e-05 4.3245e+07 1570.66 164480
3.524e-05 5.61076e+07 1977.23 206912
3.457e-05 7.18327e+07 2483.26 260160
3.711e-05 8.42852e+07 3127.82 326720
3.6511e-05 1.07645e+08 3930.23 410752
3.662e-05 1.3465e+08 4930.87 516416
3.832e-05 1.62523e+08 6227.89 649536
3.985e-05 1.96231e+08 7819.82 816768
3.753e-05 2.61588e+08 9817.41 1028096
4.0031e-05 3.10108e+08 12413.9 1293504
4.366e-05 3.57101e+08 15591 1627968
5.016e-05 3.90028e+08 19563.8 2048960
5.564e-05 4.45091e+08 24764.9 2578944
6.143e-05 5.06145e+08 31092.5 3246208
7.017e-05 5.55966e+08 39012.1 4086528
7.962e-05 6.20665e+08 49417.3 5144000
9.5199e-05 6.51498e+08 62022 6475200
0.00011273 6.90085e+08 77793.3 8150848
0.000133659 7.37767e+08 98609.2 10260800
0.000163229 7.57988e+08 123726 12917376
0.000203458 7.62613e+08 155160 16261184
0.000247918 7.93786e+08 196794 20471104
0.000308677 7.99635e+08 246829 25770944
0.000393735 7.85991e+08 309472 32442752
0.000532673 7.37017e+08 392589 40842624
0.000914398 5.38527e+08 492428 51417344
0.00148856 4.14676e+08 617270 64730176
0.00232656 3.36516e+08 782923 81489984
0.00332671 2.95302e+08 982382 102589504
0.0048283 2.54983e+08 1.23114e+06 129151936
0.00673491 2.31813e+08 1.56124e+06 162591680
0.00956492 2.04876e+08 1.95962e+06 204690048
0.0130025 1.88822e+08 2.45516e+06 257689280
0.0174789 1.78088e+08 3.11277e+06 324410688
0.0229987 1.6993e+08 3.90817e+06 408408576
0.0300471 1.62906e+08 4.89484e+06 514155776
0.0389226 1.59395e+08 6.20409e+06 647283264
0.0496713 1.56848e+08 7.79083e+06 814880512
0.0631263 1.54507e+08 9.75343e+06 1025873216
0.0799778 1.54502e+08 1.23567e+07 1291497536
0.101012 1.53615e+08 1.5517e+07 1625898304
0.127603 1.52136e+08 1.9413e+07 2046884480
0.161118 1.52536e+08 2.45763e+07 2576874304
0.203107 1.51892e+08 3.08505e+07 3244091712
0.256054 1.50568e+08 3.85537e+07 4084068928
0.322879 1.50963e+08 4.87428e+07 5141537600
0.406837 1.50233e+08 6.11202e+07 6472811648
0.512021 1.48882e+08 7.62307e+07 8148786624
0.645337 1.48975e+08 9.61392e+07 10258713664
0.812465 1.4801e+08 1.20253e+08 12914954368
1.02345 1.46014e+08 1.49437e+08 16258963712
