# filename: ./acpphint-7950X3D-196608MiB-threads_32-LP64-FreeBSD_main_n266876_e183039f0882_64bit-clang++_17_O3lto-libc++-cpulockdown-DSIZE_ul-ISIZE_ul-using_4_threads_creation_untimed-cpus_kx4s_0_12.txt
# acpphint_main version: 0.1.38

9.721e-06 1.54305e+06 15 1952
9.551e-06 1.98932e+06 19 2368
9.691e-06 2.37334e+06 23 2784
9.561e-06 2.82397e+06 27 3200
9.861e-06 3.1437e+06 31 3616
9.691e-06 4.02435e+06 39 4448
9.871e-06 4.76142e+06 47 5280
9.791e-06 6.00552e+06 58.8001 6528
9.901e-06 7.10371e+06 70.3339 7776
1.0211e-05 8.46683e+06 86.4548 9440
1.0331e-05 1.03227e+07 106.644 11520
1.0291e-05 1.26763e+07 130.451 14016
1.025e-05 1.58582e+07 162.546 17344
1.0401e-05 1.94354e+07 202.147 21504
9.951e-06 2.56256e+07 255 26912
9.921e-06 3.2154e+07 319 33568
1.0491e-05 3.79044e+07 397.655 41888
1.0831e-05 4.59786e+07 497.994 52288
1.0901e-05 5.73394e+07 625.057 65600
1.1071e-05 7.09175e+07 785.128 82240
1.1631e-05 8.49917e+07 988.539 103456
1.2161e-05 1.02132e+08 1242.03 130080
1.2401e-05 1.26111e+08 1563.9 163360
1.3541e-05 1.45155e+08 1965.55 205376
1.4841e-05 1.66234e+08 2467.07 258208
1.5581e-05 1.99872e+08 3114.2 324768
1.7611e-05 2.22099e+08 3911.39 408384
1.9231e-05 2.55466e+08 4912.88 514048
2.2141e-05 2.80368e+08 6207.63 646752
2.6061e-05 2.99263e+08 7799.08 813984
3.0041e-05 3.25932e+08 9791.33 1024480
3.4781e-05 3.56049e+08 12383.7 1289472
4.1561e-05 3.74247e+08 15554.1 1623104
5.0861e-05 3.83916e+08 19526.4 2043264
5.9491e-05 4.15371e+08 24710.8 2572000
7.3801e-05 4.20421e+08 31027.5 3237600
9.3401e-05 4.16907e+08 38939.5 4075424
0.000115021 4.28684e+08 49307.6 5130400
0.00014317 4.32333e+08 61897.1 6458688
0.000179431 4.32867e+08 77669.8 8130592
0.000222271 4.42706e+08 98400.6 10235552
0.000281291 4.38996e+08 123486 12885472
0.000355861 4.35352e+08 154925 16221376
0.000454001 4.32399e+08 196309 20421312
0.000568221 4.33572e+08 246365 25708672
0.000721211 4.28493e+08 309034 32365088
0.000903631 4.3329e+08 391534 40744992
0.00116481 4.21975e+08 491521 51294752
0.00143469 4.29659e+08 616428 64575968
0.00183715 4.2505e+08 780880 81295840
0.00230538 4.25345e+08 980581 102345024
0.0031022 3.96335e+08 1.22951e+06 128844640
0.00433912 3.58893e+08 1.55728e+06 162205344
0.00615273 3.17918e+08 1.95606e+06 204204288
0.0085447 2.86966e+08 2.45204e+06 257077888
0.0117935 2.63289e+08 3.10511e+06 323641632
0.0163159 2.39099e+08 3.90112e+06 407440256
0.022298 2.19249e+08 4.88881e+06 512936608
0.0300046 2.06275e+08 6.18922e+06 645748768
0.0399874 1.94482e+08 7.77683e+06 812949152
0.0531594 1.83256e+08 9.7418e+06 1023442240
0.0698994 1.76367e+08 1.23279e+07 1288437152
0.091027 1.70161e+08 1.54893e+07 1622045856
0.117811 1.6459e+08 1.93906e+07 2042034464
0.151645 1.61697e+08 2.45206e+07 2570768800
0.230847 1.33403e+08 3.07956e+07 3236405824
0.249314 1.54467e+08 3.85106e+07 4074393312
0.314872 1.54462e+08 4.86359e+07 5129356832
0.398459 1.53121e+08 6.10123e+07 6457477184
0.501837 1.5174e+08 7.61488e+07 8129481856
0.633027 1.51551e+08 9.59359e+07 10234411072
0.799646 1.50122e+08 1.20044e+08 12884359776
1.00846 1.48031e+08 1.49284e+08 16220447648
