# filename: ./acpphint-7950X3D-98304MiB-threads_32-LP64-FreeBSD_main_n266130_d521abdff236_64bit-g++_13_O3lto-libc++-DSIZE_ull-ISIZE_ull-using_4_threads-cpus_kx16_kx16p2_16_18_24_26.txt
# acpphint_main version: 0.1.36

2.0271e-05 739973 15 1952
1.96e-05 969388 19 2368
1.8751e-05 1.2266e+06 23 2784
1.8261e-05 1.47856e+06 27 3200
1.8281e-05 1.69575e+06 31 3616
1.7901e-05 2.17865e+06 39 4448
1.8461e-05 2.54591e+06 47 5280
1.8731e-05 3.13918e+06 58.8001 6528
1.8211e-05 3.86216e+06 70.3339 7776
1.8511e-05 4.67046e+06 86.4548 9440
1.8011e-05 5.92103e+06 106.644 11520
1.7851e-05 7.30779e+06 130.451 14016
1.8281e-05 8.89154e+06 162.546 17344
1.8451e-05 1.09559e+07 202.147 21504
1.818e-05 1.40264e+07 255 26912
1.7661e-05 1.80624e+07 319 33568
1.849e-05 2.15065e+07 397.655 41888
1.8751e-05 2.65583e+07 497.994 52288
1.9821e-05 3.15351e+07 625.057 65600
1.9191e-05 4.09112e+07 785.128 82240
1.946e-05 5.07985e+07 988.539 103456
2.065e-05 6.01465e+07 1242.03 130080
2.02e-05 7.7421e+07 1563.9 163360
1.807e-05 1.08774e+08 1965.55 205376
2.1111e-05 1.16862e+08 2467.07 258208
2.2511e-05 1.38341e+08 3114.2 324768
2.3561e-05 1.66011e+08 3911.39 408384
2.5591e-05 1.91977e+08 4912.88 514048
2.672e-05 2.32322e+08 6207.63 646752
3.131e-05 2.49092e+08 7799.08 813984
3.412e-05 2.86967e+08 9791.33 1024480
4.033e-05 3.0706e+08 12383.7 1289472
4.6471e-05 3.34705e+08 15554.1 1623104
5.869e-05 3.32703e+08 19526.4 2043264
6.589e-05 3.75032e+08 24710.8 2572000
7.755e-05 4.00096e+08 31027.5 3237600
9.687e-05 4.01977e+08 38939.5 4075424
0.000118249 4.16981e+08 49307.6 5130400
0.000146089 4.23694e+08 61897.1 6458688
0.000178478 4.35178e+08 77669.8 8130592
0.000223798 4.39685e+08 98400.6 10235552
0.000279347 4.42051e+08 123486 12885472
0.000349026 4.43877e+08 154925 16221376
0.000435535 4.50732e+08 196309 20421312
0.000550274 4.47713e+08 246365 25708672
0.000713331 4.33226e+08 309034 32365088
0.000945108 4.14274e+08 391534 40744992
0.00125265 3.92384e+08 491521 51294752
0.00183651 3.35651e+08 616428 64575968
0.00257088 3.03741e+08 780880 81295840
0.00350375 2.79866e+08 980581 102345024
0.00486495 2.52728e+08 1.22951e+06 128844640
0.0066424 2.34445e+08 1.55728e+06 162205344
0.00894797 2.18604e+08 1.95606e+06 204204288
0.0119887 2.04528e+08 2.45204e+06 257077888
0.0158937 1.95367e+08 3.10511e+06 323641632
0.0209203 1.86475e+08 3.90112e+06 407440256
0.0273012 1.79069e+08 4.88881e+06 512936608
0.0354007 1.74833e+08 6.18922e+06 645748768
0.0456717 1.70277e+08 7.77683e+06 812949152
0.0586113 1.6621e+08 9.7418e+06 1023442240
0.0746913 1.65052e+08 1.23279e+07 1288437152
0.0947655 1.63448e+08 1.54893e+07 1622045856
0.120396 1.61057e+08 1.93906e+07 2042034464
0.152787 1.60489e+08 2.45206e+07 2570768800
0.192899 1.59646e+08 3.07956e+07 3236405824
0.243508 1.5815e+08 3.85106e+07 4074393312
0.306658 1.586e+08 4.86359e+07 5129356832
0.387226 1.57562e+08 6.10123e+07 6457477184
0.487716 1.56134e+08 7.61488e+07 8129481856
0.614431 1.56138e+08 9.59359e+07 10234411072
0.773859 1.55124e+08 1.20044e+08 12884359776
0.974928 1.53123e+08 1.49284e+08 16220447648
1.22745 1.5252e+08 1.8721e+08 20420333312
