# filename: ./acpphint-7950X3D-196608MiB-threads_32-LP64-FreeBSD_main_n273201_e4ac0183a1a8_64bit-g++_14_O3lto-libstdc++-DSIZE_ull-ISIZE_ull-using_16_threads_creation_untimed-cpus_kx2s_0_30.txt
# acpphint_main version: 0.1.41

7.59e-05 830040 63 7808
8.0389e-05 982721 79 9472
8.3589e-05 1.13651e+06 95 11136
7.8719e-05 1.41008e+06 111 12800
8.2199e-05 1.54503e+06 127 14464
8.1369e-05 1.95406e+06 159 17792
8.5509e-05 2.23368e+06 191 21120
8.1219e-05 2.93035e+06 238 26112
8.9269e-05 3.17766e+06 283.667 31104
8.5599e-05 4.06865e+06 348.273 37760
9.0259e-05 4.75525e+06 429.204 46080
9.0259e-05 5.80878e+06 524.295 56064
8.7369e-05 7.47127e+06 652.757 69376
8.8199e-05 9.19228e+06 810.75 86016
9.2489e-05 1.10608e+07 1023 107648
9.7469e-05 1.31221e+07 1279 134272
9.9499e-05 1.60034e+07 1592.32 167552
0.000102539 1.94455e+07 1993.93 209152
0.000107409 2.32857e+07 2501.1 262400
0.000112599 2.79019e+07 3141.72 328960
0.000108859 3.63278e+07 3954.61 413824
0.000105449 4.70909e+07 4965.68 520320
0.000112259 5.57253e+07 6255.67 653440
0.000114268 6.87819e+07 7859.57 821504
0.000114929 8.57781e+07 9858.39 1032832
0.000113279 1.09952e+08 12455.3 1299072
0.000113349 1.37951e+08 15636.6 1633536
0.000110708 1.7728e+08 19626.3 2056192
0.000119138 2.08384e+08 24826.5 2587008
0.000125909 2.47598e+08 31174.8 3255936
0.000131439 2.9754e+08 39108.4 4097920
0.000137588 3.59966e+08 49527 5157888
0.000162579 3.82392e+08 62169 6492416
0.000201488 3.87034e+08 77982.7 8173056
0.000245358 4.02797e+08 98829.6 10288000
0.000304487 4.07274e+08 124010 12950400
0.000211088 7.36648e+08 155498 16301696
0.000467255 4.22059e+08 197209 20521600
0.000276757 8.93843e+08 247377 25834752
0.000314227 9.8696e+08 310129 32522368
0.00091949 4.28028e+08 393567 40942208
0.00115496 4.27283e+08 493494 51541888
0.001441 4.29236e+08 618531 64885504
0.0019047 4.12187e+08 785093 81685248
0.0026255 3.74965e+08 984470 102834688
0.00364576 3.38367e+08 1.2336e+06 129460352
0.00509958 3.06984e+08 1.56549e+06 162979968
0.00700284 2.80425e+08 1.96377e+06 205179008
0.00912679 2.69537e+08 2.46001e+06 258303872
0.0126875 2.45998e+08 3.1211e+06 325183360
0.0175741 2.22849e+08 3.91636e+06 409380096
0.0239235 2.05001e+08 4.90434e+06 515378560
0.0321929 1.93222e+08 6.22038e+06 648821376
0.0415992 1.87674e+08 7.80707e+06 816817152
0.0558411 1.74998e+08 9.77207e+06 1028311552
0.0722934 1.71366e+08 1.23886e+07 1294566528
0.0931166 1.66986e+08 1.55492e+07 1629761024
0.119462 1.6281e+08 1.94495e+07 2051746432
0.153622 1.60384e+08 2.46386e+07 2582995072
0.196419 1.57387e+08 3.09139e+07 3251796608
0.249763 1.54646e+08 3.86249e+07 4093768960
0.316097 1.54585e+08 4.88639e+07 5153748608
0.400345 1.52979e+08 6.12444e+07 6488183424
0.506221 1.5086e+08 7.63686e+07 8168137856
0.6395 1.50699e+08 9.63719e+07 10283075200
0.807551 1.49209e+08 1.20494e+08 12945623296
1.01849 1.46982e+08 1.497e+08 16297573248
