# filename: ./acpphint-7950X3D-196608MiB-threads_32-LP64-FreeBSD_main_n273201_e4ac0183a1a8_64bit-g++_14_O3lto-libstdc++-cpulockdown-DSIZE_ull-ISIZE_ull-using_8_threads_creation_untimed-cpus_kx4_kx4p1_0_13.txt
# acpphint_main version: 0.1.41

2.5251e-05 1.22767e+06 31 3904
2.6601e-05 1.46611e+06 39 4736
2.695e-05 1.74397e+06 47 5568
2.6401e-05 2.08325e+06 55 6400
2.633e-05 2.39271e+06 63 7232
2.6521e-05 2.97877e+06 79 8896
2.6521e-05 3.58207e+06 95 10560
2.6431e-05 4.48463e+06 118.533 13056
2.6221e-05 5.39433e+06 141.445 15552
2.6311e-05 6.60284e+06 173.727 18880
2.6591e-05 8.05401e+06 214.164 23040
2.6691e-05 9.80599e+06 261.732 28032
2.6921e-05 1.21076e+07 325.949 34688
2.664e-05 1.52032e+07 405.014 43008
2.751e-05 1.85751e+07 511 53824
2.787e-05 2.29279e+07 639 67136
2.759e-05 2.88465e+07 795.875 83776
2.812e-05 3.54423e+07 996.639 104576
2.8801e-05 4.34155e+07 1250.41 131200
3.016e-05 5.20775e+07 1570.66 164480
3.023e-05 6.54063e+07 1977.23 206912
3.1701e-05 7.83337e+07 2483.26 260160
3.2971e-05 9.48659e+07 3127.82 326720
3.293e-05 1.19351e+08 3930.23 410752
3.537e-05 1.39408e+08 4930.87 516416
3.8361e-05 1.62349e+08 6227.89 649536
4.196e-05 1.86364e+08 7819.82 816768
4.7451e-05 2.06896e+08 9817.41 1028096
5.3281e-05 2.3299e+08 12413.9 1293504
6.115e-05 2.54964e+08 15591 1627968
7.1251e-05 2.74576e+08 19563.8 2048960
8.587e-05 2.884e+08 24764.9 2578944
0.00010369 2.9986e+08 31092.5 3246208
0.000121409 3.21328e+08 39012.1 4086528
0.000146139 3.38153e+08 49417.3 5144000
0.000177449 3.4952e+08 62022 6475200
0.000214238 3.63116e+08 77793.3 8150848
0.000253159 3.89515e+08 98609.2 10260800
0.000311948 3.96622e+08 123726 12917376
0.000385327 4.0267e+08 155160 16261184
0.000457347 4.30295e+08 196794 20471104
0.000533035 4.63063e+08 246829 25770944
0.000666805 4.64112e+08 309472 32442752
0.000829803 4.73111e+08 392589 40842624
0.0010435 4.719e+08 492428 51417344
0.00130422 4.73288e+08 617270 64730176
0.00163824 4.77904e+08 782923 81489984
0.00210933 4.65732e+08 982382 102589504
0.00282153 4.36336e+08 1.23114e+06 129151936
0.00398735 3.91548e+08 1.56124e+06 162591680
0.00579641 3.38075e+08 1.95962e+06 204690048
0.00831353 2.95321e+08 2.45516e+06 257689280
0.0116179 2.67928e+08 3.11277e+06 324410688
0.016396 2.38362e+08 3.90817e+06 408408576
0.0223191 2.19312e+08 4.89484e+06 514155776
0.0302109 2.05359e+08 6.20409e+06 647283264
0.0404554 1.92578e+08 7.79083e+06 814880512
0.0533487 1.82824e+08 9.75343e+06 1025873216
0.0704859 1.75308e+08 1.23567e+07 1291497536
0.0935548 1.6586e+08 1.5517e+07 1625898304
0.121094 1.60314e+08 1.9413e+07 2046884480
0.154315 1.59261e+08 2.45763e+07 2576874304
0.196001 1.57399e+08 3.08505e+07 3244091712
0.248889 1.54903e+08 3.85537e+07 4084068928
0.315208 1.54637e+08 4.87428e+07 5141537600
0.398918 1.53215e+08 6.11202e+07 6472811648
0.504672 1.5105e+08 7.62307e+07 8148786624
0.637597 1.50784e+08 9.61392e+07 10258713664
0.804587 1.4946e+08 1.20253e+08 12914954368
1.01485 1.47251e+08 1.49437e+08 16258963712
