# filename: ./acpphint-7950X3D-196608MiB-threads_32-LP64-FreeBSD_main_n273201_e4ac0183a1a8_64bit-g++_14_O3lto-libstdc++-DSIZE_ull-ISIZE_ull-using_16_threads_creation_untimed-cpus_kx4_kx4p1_0_29.txt
# acpphint_main version: 0.1.41

7.416e-05 849515 63 7808
7.842e-05 1.0074e+06 79 9472
7.49e-05 1.26836e+06 95 11136
8.116e-05 1.36767e+06 111 12800
7.476e-05 1.69877e+06 127 14464
8.107e-05 1.96127e+06 159 17792
7.99e-05 2.39049e+06 191 21120
8.073e-05 2.9481e+06 238 26112
8.034e-05 3.53083e+06 283.667 31104
8.108e-05 4.29542e+06 348.273 37760
8.679e-05 4.94532e+06 429.204 46080
9.277e-05 5.65155e+06 524.295 56064
8.994e-05 7.25769e+06 652.757 69376
9.382e-05 8.64154e+06 810.75 86016
9.783e-05 1.04569e+07 1023 107648
9.83e-05 1.30112e+07 1279 134272
9.797e-05 1.62531e+07 1592.32 167552
0.00010156 1.9633e+07 1993.93 209152
0.00010926 2.28913e+07 2501.1 262400
0.00010961 2.86627e+07 3141.72 328960
0.00011051 3.57851e+07 3954.61 413824
0.0001181 4.20464e+07 4965.68 520320
0.00012088 5.1751e+07 6255.67 653440
0.0001279 6.14509e+07 7859.57 821504
0.00012806 7.69826e+07 9858.39 1032832
0.00012866 9.68075e+07 12455.3 1299072
0.00012003 1.30273e+08 15636.6 1633536
0.00012875 1.52438e+08 19626.3 2056192
0.00013336 1.86161e+08 24826.5 2587008
0.000138639 2.24863e+08 31174.8 3255936
0.000137869 2.83663e+08 39108.4 4097920
0.000156839 3.15782e+08 49527 5157888
0.000191839 3.24069e+08 62169 6492416
0.000176469 4.41906e+08 77982.7 8173056
0.000196529 5.02875e+08 98829.6 10288000
0.000358838 3.45586e+08 124010 12950400
0.000256268 6.06777e+08 155498 16301696
0.000300348 6.56602e+08 197209 20521600
0.000698293 3.5426e+08 247377 25834752
0.000868662 3.5702e+08 310129 32522368
0.00107459 3.66249e+08 393567 40942208
0.00137005 3.60203e+08 493494 51541888
0.00168839 3.66343e+08 618531 64885504
0.00323892 2.42394e+08 785093 81685248
0.00427457 2.30309e+08 984470 102834688
0.00546877 2.25572e+08 1.2336e+06 129460352
0.00634813 2.46606e+08 1.56549e+06 162979968
0.00815908 2.40685e+08 1.96377e+06 205179008
0.0101727 2.41826e+08 2.46001e+06 258303872
0.0133365 2.34027e+08 3.1211e+06 325183360
0.0184076 2.12758e+08 3.91636e+06 409380096
0.0250857 1.95504e+08 4.90434e+06 515378560
0.0333822 1.86338e+08 6.22038e+06 648821376
0.0421249 1.85331e+08 7.80707e+06 816817152
0.0575334 1.6985e+08 9.77207e+06 1028311552
0.0734849 1.68587e+08 1.23886e+07 1294566528
0.0924535 1.68184e+08 1.55492e+07 1629761024
0.118711 1.63839e+08 1.94495e+07 2051746432
0.152043 1.62051e+08 2.46386e+07 2582995072
0.194285 1.59117e+08 3.09139e+07 3251796608
0.247275 1.56202e+08 3.86249e+07 4093768960
0.31362 1.55806e+08 4.88639e+07 5153748608
0.397787 1.53963e+08 6.12444e+07 6488183424
0.504336 1.51424e+08 7.63686e+07 8168137856
0.637432 1.51188e+08 9.63719e+07 10283075200
0.817863 1.47327e+08 1.20494e+08 12945623296
1.01618 1.47316e+08 1.497e+08 16297573248
