# filename: ./acpphint-7950X3D-196608MiB-threads_32-LP64-FreeBSD_main_n273201_e4ac0183a1a8_64bit-g++_14_O3lto-libstdc++-DSIZE_ull-ISIZE_ull-using_2_threads_creation_untimed-cpus_0_2.txt
# acpphint_main version: 0.1.41

3.101e-06 2.25734e+06 7 976
3.081e-06 2.92113e+06 9 1184
3.071e-06 3.5819e+06 11 1392
3.091e-06 4.20576e+06 13 1600
3.081e-06 4.86855e+06 15 1808
3.111e-06 6.10736e+06 19 2224
3.151e-06 7.29927e+06 23 2640
3.151e-06 9.18229e+06 28.9334 3264
3.181e-06 1.09332e+07 34.7785 3888
3.261e-06 1.31305e+07 42.8186 4720
3.31e-06 1.59766e+07 52.8825 5760
3.301e-06 1.96346e+07 64.8139 7008
3.321e-06 2.4344e+07 80.8465 8672
3.441e-06 2.9269e+07 100.715 10752
3.691e-06 3.4408e+07 127 13456
3.821e-06 4.16121e+07 159 16784
3.991e-06 4.97489e+07 198.548 20944
4.061e-06 6.12333e+07 248.668 26144
4.411e-06 7.0816e+07 312.369 32800
4.781e-06 8.20683e+07 392.369 41120
5.211e-06 9.48354e+07 494.187 51728
5.801e-06 1.07116e+08 621.382 65040
6.461e-06 1.21027e+08 781.955 81680
7.351e-06 1.3375e+08 983.196 102688
8.471e-06 1.45805e+08 1235.11 129104
9.961e-06 1.56348e+08 1557.38 162384
1.1751e-05 1.66552e+08 1957.15 204192
1.4031e-05 1.7536e+08 2460.47 257024
1.7291e-05 1.79545e+08 3104.51 323376
2.0891e-05 1.8683e+08 3903.07 406992
2.5571e-05 1.91812e+08 4904.82 512240
3.186e-05 1.94388e+08 6193.19 644736
3.9491e-05 1.97128e+08 7784.78 811552
4.9471e-05 1.9775e+08 9782.87 1021632
6.156e-05 2.0074e+08 12357.5 1286000
7.7131e-05 2.01346e+08 15530 1618800
9.658e-05 2.02023e+08 19511.4 2037712
0.00012488 1.97441e+08 24656.5 2565200
0.00015218 2.03588e+08 30982 3229344
0.000190539 2.04272e+08 38921.7 4065296
0.000243028 2.02455e+08 49202.3 5117776
0.000306178 2.0188e+08 61811.3 6442736
0.000380507 2.0405e+08 77642.6 8110688
0.000485545 2.02171e+08 98162.9 10210656
0.000618285 1.99458e+08 123322 12854336
0.000777593 1.99193e+08 154891 16182544
0.000974611 2.00912e+08 195811 20372496
0.00124119 1.98236e+08 246048 25647376
0.00154886 1.99496e+08 308992 32287984
0.00199413 1.9587e+08 390591 40647920
0.00248297 1.97704e+08 490894 51172512
0.00314045 1.96275e+08 616392 64422320
0.00402831 1.93405e+08 779097 81102672
0.0051045 1.91859e+08 979346 102102144
0.00642752 1.91292e+08 1.22953e+06 128538944
0.00824437 1.88481e+08 1.55391e+06 161820816
0.0106279 1.8382e+08 1.95361e+06 203720128
0.013554 1.80925e+08 2.45225e+06 256468304
0.0172462 1.79677e+08 3.09874e+06 322874384
0.0220416 1.76767e+08 3.89624e+06 406474576
0.0282925 1.72821e+08 4.88954e+06 511721120
0.0362486 1.70412e+08 6.17721e+06 644218576
0.0462825 1.6782e+08 7.76712e+06 811022928
0.0594237 1.63972e+08 9.74384e+06 1021017232
0.0760654 1.61773e+08 1.23053e+07 1285384400
0.0974269 1.58785e+08 1.54699e+07 1618202912
0.124167 1.56207e+08 1.93958e+07 2037196656
0.158478 1.54459e+08 2.44783e+07 2564678416
0.201867 1.52363e+08 3.0757e+07 3228738592
0.257282 1.4973e+08 3.85229e+07 4064740928
0.326318 1.48803e+08 4.85571e+07 5117205536
0.412929 1.4757e+08 6.09359e+07 6442179888
0.52039 1.46384e+08 7.61765e+07 8110223824
0.656946 1.45812e+08 9.57909e+07 10210166656
0.827193 1.44941e+08 1.19894e+08 12853838128
1.04341 1.43131e+08 1.49344e+08 16182023248
