# filename: ./acpphint-7950X3D-196608MiB-threads_32-LP64-FreeBSD_main_n266876_e183039f0882_64bit-clang++_17_O3lto-libc++-cpulockdown-DSIZE_ull-ISIZE_ull-using_4_threads-cpus_kx4_kx4p1_0_5.txt
# acpphint_main version: 0.1.36

2.4521e-05 611721 15 1952
2.609e-05 728248 19 2368
2.3461e-05 980350 23 2784
2.338e-05 1.15483e+06 27 3200
2.3301e-05 1.33041e+06 31 3616
2.494e-05 1.56375e+06 39 4448
2.4101e-05 1.95013e+06 47 5280
2.5701e-05 2.28785e+06 58.8001 6528
2.4281e-05 2.89666e+06 70.3339 7776
2.441e-05 3.54178e+06 86.4548 9440
2.5811e-05 4.13171e+06 106.644 11520
2.631e-05 4.95824e+06 130.451 14016
2.632e-05 6.17577e+06 162.546 17344
2.6251e-05 7.70055e+06 202.147 21504
2.61e-05 9.77011e+06 255 26912
2.7141e-05 1.17534e+07 319 33568
2.684e-05 1.48157e+07 397.655 41888
2.5721e-05 1.93614e+07 497.994 52288
2.658e-05 2.35161e+07 625.057 65600
2.661e-05 2.9505e+07 785.128 82240
2.866e-05 3.44919e+07 988.539 103456
3.0021e-05 4.13719e+07 1242.03 130080
3.0921e-05 5.05774e+07 1563.9 163360
3.1971e-05 6.1479e+07 1965.55 205376
3.5711e-05 6.90844e+07 2467.07 258208
3.834e-05 8.1226e+07 3114.2 324768
4.056e-05 9.64346e+07 3911.39 408384
4.644e-05 1.0579e+08 4912.88 514048
4.961e-05 1.25129e+08 6207.63 646752
5.736e-05 1.35967e+08 7799.08 813984
6.519e-05 1.50197e+08 9791.33 1024480
7.594e-05 1.63073e+08 12383.7 1289472
8.9889e-05 1.73037e+08 15554.1 1623104
0.000108309 1.80284e+08 19526.4 2043264
0.000125369 1.97105e+08 24710.8 2572000
0.000152599 2.03327e+08 31027.5 3237600
0.000185598 2.09806e+08 38939.5 4075424
0.000215888 2.28394e+08 49307.6 5130400
0.000267307 2.31558e+08 61897.1 6458688
0.000327346 2.37271e+08 77669.8 8130592
0.000397405 2.47608e+08 98400.6 10235552
0.000482804 2.55768e+08 123486 12885472
0.000600862 2.57837e+08 154925 16221376
0.00075372 2.60454e+08 196309 20421312
0.000944477 2.60848e+08 246365 25708672
0.00118266 2.61303e+08 309034 32365088
0.00149002 2.62771e+08 391534 40744992
0.00188661 2.60531e+08 491521 51294752
0.00239133 2.57777e+08 616428 64575968
0.00301417 2.5907e+08 780880 81295840
0.00376614 2.60368e+08 980581 102345024
0.00476676 2.57934e+08 1.22951e+06 128844640
0.00605263 2.57289e+08 1.55728e+06 162205344
0.0077567 2.52178e+08 1.95606e+06 204204288
0.0101746 2.40996e+08 2.45204e+06 257077888
0.0134738 2.30456e+08 3.10511e+06 323641632
0.0179088 2.17833e+08 3.90112e+06 407440256
0.0237429 2.05906e+08 4.88881e+06 512936608
0.0314906 1.96541e+08 6.18922e+06 645748768
0.0413927 1.87879e+08 7.77683e+06 812949152
0.0542412 1.79602e+08 9.7418e+06 1023442240
0.0707612 1.74218e+08 1.23279e+07 1288437152
0.0918556 1.68626e+08 1.54893e+07 1622045856
0.118403 1.63768e+08 1.93906e+07 2042034464
0.151851 1.61478e+08 2.45206e+07 2570768800
0.195717 1.57347e+08 3.07956e+07 3236405824
0.247871 1.55366e+08 3.85106e+07 4074393312
0.314505 1.54643e+08 4.86359e+07 5129356832
0.398119 1.53251e+08 6.10123e+07 6457477184
0.504487 1.50943e+08 7.61488e+07 8129481856
0.638215 1.50319e+08 9.59359e+07 10234411072
0.801719 1.49733e+08 1.20044e+08 12884359776
1.01345 1.47302e+08 1.49284e+08 16220447648
