# filename: ./acpphint-7950X3D-196608MiB-threads_32-LP64-FreeBSD_main_n273201_e4ac0183a1a8_64bit-clang++_19_O3lto-libc++-DSIZE_ul-ISIZE_ul-using_16_threads-cpus_kx2p1s_1_31.txt
# acpphint_main version: 0.1.41

0.000116029 542968 63 7808
0.000120749 654250 79 9472
0.0001156 821799 95 11136
0.00011647 953035 111 12800
0.00011319 1.12201e+06 127 14464
9.936e-05 1.60024e+06 159 17792
0.000113079 1.68908e+06 191 21120
0.0001095 2.17352e+06 238 26112
0.00011408 2.48656e+06 283.667 31104
0.000109849 3.17047e+06 348.273 37760
9.503e-05 4.51652e+06 429.204 46080
0.0001077 4.8681e+06 524.295 56064
0.00011643 5.60643e+06 652.757 69376
0.00010916 7.42717e+06 810.75 86016
0.00010784 9.48627e+06 1023 107648
0.00012332 1.03714e+07 1279 134272
9.835e-05 1.61903e+07 1592.32 167552
0.00010282 1.93924e+07 1993.93 209152
0.000108589 2.30327e+07 2501.1 262400
0.00010684 2.94059e+07 3141.72 328960
0.00012887 3.06868e+07 3954.61 413824
0.000126289 3.932e+07 4965.68 520320
0.000124759 5.0142e+07 6255.67 653440
0.00012568 6.25364e+07 7859.57 821504
0.00011715 8.41519e+07 9858.39 1032832
0.00013497 9.22817e+07 12455.3 1299072
0.00016431 9.51655e+07 15636.6 1633536
0.00014133 1.38869e+08 19626.3 2056192
0.000160029 1.55137e+08 24826.5 2587008
0.00017735 1.75781e+08 31174.8 3255936
0.000178149 2.19526e+08 39108.4 4097920
0.000180169 2.74892e+08 49527 5157888
0.000185909 3.34405e+08 62169 6492416
0.000160109 4.8706e+08 77982.7 8173056
0.000172929 5.71504e+08 98829.6 10288000
0.000200139 6.19617e+08 124010 12950400
0.000215869 7.20333e+08 155498 16301696
0.000228738 8.62161e+08 197209 20521600
0.000289128 8.55598e+08 247377 25834752
0.000301218 1.02958e+09 310129 32522368
0.000370227 1.06304e+09 393567 40942208
0.00100489 4.91093e+08 493494 51541888
0.00122861 5.0344e+08 618531 64885504
0.00168587 4.6569e+08 785093 81685248
0.00240001 4.10195e+08 984470 102834688
0.00346932 3.55575e+08 1.2336e+06 129460352
0.00507414 3.08523e+08 1.56549e+06 162979968
0.00689278 2.84902e+08 1.96377e+06 205179008
0.00910465 2.70193e+08 2.46001e+06 258303872
0.0121591 2.56688e+08 3.1211e+06 325183360
0.0172243 2.27375e+08 3.91636e+06 409380096
0.0230255 2.12996e+08 4.90434e+06 515378560
0.0307801 2.02091e+08 6.22038e+06 648821376
0.0410461 1.90203e+08 7.80707e+06 816817152
0.0537827 1.81695e+08 9.77207e+06 1028311552
0.0698728 1.77303e+08 1.23886e+07 1294566528
0.0916708 1.6962e+08 1.55492e+07 1629761024
0.118792 1.63727e+08 1.94495e+07 2051746432
0.15322 1.60805e+08 2.46386e+07 2582995072
0.196406 1.57398e+08 3.09139e+07 3251796608
0.249755 1.54651e+08 3.86249e+07 4093768960
0.316492 1.54392e+08 4.88639e+07 5153748608
0.400876 1.52776e+08 6.12444e+07 6488183424
0.506333 1.50827e+08 7.63686e+07 8168137856
0.639844 1.50618e+08 9.63719e+07 10283075200
0.807353 1.49245e+08 1.20494e+08 12945623296
1.01873 1.46948e+08 1.497e+08 16297573248
