# filename: ./acpphint-7950X3D-196608MiB-threads_32-LP64-FreeBSD_main_n266876_e183039f0882_64bit-clang++_17_O3lto-libc++-cpulockdown-DSIZE_ull-ISIZE_ull-using_8_threads-cpus_kx2s_0_14.txt
# acpphint_main version: 0.1.36

3.769e-05 822499 31 3904
3.791e-05 1.02875e+06 39 4736
4.0841e-05 1.1508e+06 47 5568
3.9261e-05 1.40088e+06 55 6400
3.818e-05 1.65008e+06 63 7232
4.0131e-05 1.96855e+06 79 8896
3.8571e-05 2.46299e+06 95 10560
4.057e-05 2.9217e+06 118.533 13056
3.9711e-05 3.56185e+06 141.445 15552
3.5661e-05 4.87164e+06 173.727 18880
4.1501e-05 5.16046e+06 214.164 23040
3.858e-05 6.78413e+06 261.732 28032
3.75e-05 8.69198e+06 325.949 34688
3.7691e-05 1.07457e+07 405.014 43008
3.713e-05 1.37625e+07 511 53824
3.772e-05 1.69406e+07 639 67136
3.6181e-05 2.1997e+07 795.875 83776
3.5731e-05 2.78928e+07 996.639 104576
3.8921e-05 3.21268e+07 1250.41 131200
3.873e-05 4.0554e+07 1570.66 164480
3.84e-05 5.14904e+07 1977.23 206912
4.0241e-05 6.17096e+07 2483.26 260160
4.0231e-05 7.77466e+07 3127.82 326720
4.0201e-05 9.77644e+07 3930.23 410752
4.1591e-05 1.18556e+08 4930.87 516416
4.1931e-05 1.48527e+08 6227.89 649536
4.376e-05 1.78698e+08 7819.82 816768
4.4121e-05 2.22511e+08 9817.41 1028096
4.744e-05 2.61676e+08 12413.9 1293504
5.01e-05 3.11198e+08 15591 1627968
5.507e-05 3.55253e+08 19563.8 2048960
6.236e-05 3.97128e+08 24764.9 2578944
6.798e-05 4.57377e+08 31092.5 3246208
7.8649e-05 4.96029e+08 39012.1 4086528
9.2029e-05 5.36976e+08 49417.3 5144000
0.00010577 5.86385e+08 62022 6475200
0.000121869 6.38335e+08 77793.3 8150848
0.000144379 6.82988e+08 98609.2 10260800
0.000174179 7.10336e+08 123726 12917376
0.000210718 7.36338e+08 155160 16261184
0.000254387 7.736e+08 196794 20471104
0.000314517 7.84787e+08 246829 25770944
0.000386996 7.99678e+08 309472 32442752
0.000477174 8.22737e+08 392589 40842624
0.000603862 8.15465e+08 492428 51417344
0.00075355 8.1915e+08 617270 64730176
0.000940587 8.32377e+08 782923 81489984
0.00123925 7.92721e+08 982382 102589504
0.00191346 6.43407e+08 1.23114e+06 129151936
0.00328844 4.74765e+08 1.56124e+06 162591680
0.00516834 3.79159e+08 1.95962e+06 204690048
0.00777022 3.15971e+08 2.45516e+06 257689280
0.011201 2.77902e+08 3.11277e+06 324410688
0.0157394 2.48305e+08 3.90817e+06 408408576
0.0219886 2.22608e+08 4.89484e+06 514155776
0.0315136 1.9687e+08 6.20409e+06 647283264
0.0424994 1.83317e+08 7.79083e+06 814880512
0.0567153 1.71972e+08 9.75343e+06 1025873216
0.0738768 1.67261e+08 1.23567e+07 1291497536
0.0960047 1.61628e+08 1.5517e+07 1625898304
0.122679 1.58243e+08 1.9413e+07 2046884480
0.155987 1.57553e+08 2.45763e+07 2576874304
0.198586 1.5535e+08 3.08505e+07 3244091712
0.251556 1.53261e+08 3.85537e+07 4084068928
0.318768 1.5291e+08 4.87428e+07 5141537600
0.401626 1.52182e+08 6.11202e+07 6472811648
0.507097 1.50328e+08 7.62307e+07 8148786624
0.639913 1.50238e+08 9.61392e+07 10258713664
0.807202 1.48975e+08 1.20253e+08 12914954368
1.0176 1.46852e+08 1.49437e+08 16258963712
