# filename: ./acpphint-7950X3D-98304MiB-threads_32-LP64-FreeBSD_main_n266130_d521abdff236_64bit-clang++_17_O3lto-libc++-DSIZE_ul-ISIZE_ul-using_4_threads-cpus_kx16_kx16p1_16_17_24_25.txt
# acpphint_main version: 0.1.36

2.2001e-05 681787 15 1952
2.123e-05 894960 19 2368
2.155e-05 1.06729e+06 23 2784
2.1171e-05 1.27533e+06 27 3200
2.0511e-05 1.51138e+06 31 3616
2.1271e-05 1.83348e+06 39 4448
2.1491e-05 2.18696e+06 47 5280
2.1181e-05 2.77608e+06 58.8001 6528
2.0681e-05 3.40089e+06 70.3339 7776
2.1691e-05 3.98575e+06 86.4548 9440
2.104e-05 5.06862e+06 106.644 11520
2.1611e-05 6.03634e+06 130.451 14016
2.1581e-05 7.53191e+06 162.546 17344
2.153e-05 9.3891e+06 202.147 21504
2.1191e-05 1.20334e+07 255 26912
2.1681e-05 1.47133e+07 319 33568
2.1371e-05 1.86072e+07 397.655 41888
2.0481e-05 2.43149e+07 497.994 52288
2.068e-05 3.02252e+07 625.057 65600
2.2021e-05 3.56536e+07 785.128 82240
2.464e-05 4.01193e+07 988.539 103456
2.1261e-05 5.8418e+07 1242.03 130080
2.3581e-05 6.63205e+07 1563.9 163360
1.848e-05 1.06361e+08 1965.55 205376
2.015e-05 1.22435e+08 2467.07 258208
2.1891e-05 1.4226e+08 3114.2 324768
2.4431e-05 1.60099e+08 3911.39 408384
3.349e-05 1.46697e+08 4912.88 514048
3.8561e-05 1.60982e+08 6207.63 646752
4.402e-05 1.77171e+08 7799.08 813984
4.793e-05 2.04284e+08 9791.33 1024480
5.8791e-05 2.1064e+08 12383.7 1289472
7.022e-05 2.21505e+08 15554.1 1623104
8.292e-05 2.35484e+08 19526.4 2043264
0.00010074 2.45293e+08 24710.8 2572000
0.0001187 2.61394e+08 31027.5 3237600
0.000145139 2.68291e+08 38939.5 4075424
0.000178308 2.76531e+08 49307.6 5130400
0.000221808 2.79057e+08 61897.1 6458688
0.000273517 2.83967e+08 77669.8 8130592
0.000340106 2.89323e+08 98400.6 10235552
0.000425275 2.90367e+08 123486 12885472
0.000530984 2.91769e+08 154925 16221376
0.000666721 2.9444e+08 196309 20421312
0.00083759 2.94135e+08 246365 25708672
0.00105746 2.92243e+08 309034 32365088
0.00136359 2.87134e+08 391534 40744992
0.00172433 2.85051e+08 491521 51294752
0.00224499 2.7458e+08 616428 64575968
0.00296576 2.63298e+08 780880 81295840
0.00393087 2.49457e+08 980581 102345024
0.0052507 2.34161e+08 1.22951e+06 128844640
0.00698603 2.22913e+08 1.55728e+06 162205344
0.00930542 2.10207e+08 1.95606e+06 204204288
0.0122821 1.99643e+08 2.45204e+06 257077888
0.0161417 1.92366e+08 3.10511e+06 323641632
0.0211074 1.84822e+08 3.90112e+06 407440256
0.0274663 1.77993e+08 4.88881e+06 512936608
0.0355212 1.7424e+08 6.18922e+06 645748768
0.0456822 1.70238e+08 7.77683e+06 812949152
0.0586397 1.6613e+08 9.7418e+06 1023442240
0.0749107 1.64568e+08 1.23279e+07 1288437152
0.0956679 1.61907e+08 1.54893e+07 1622045856
0.120661 1.60703e+08 1.93906e+07 2042034464
0.152073 1.61242e+08 2.45206e+07 2570768800
0.192211 1.60218e+08 3.07956e+07 3236405824
0.242563 1.58766e+08 3.85106e+07 4074393312
0.306043 1.58918e+08 4.86359e+07 5129356832
0.387029 1.57643e+08 6.10123e+07 6457477184
0.48559 1.56817e+08 7.61488e+07 8129481856
0.612954 1.56514e+08 9.59359e+07 10234411072
0.770924 1.55715e+08 1.20044e+08 12884359776
0.972178 1.53556e+08 1.49284e+08 16220447648
1.22382 1.52972e+08 1.8721e+08 20420333312
