# filename: ./acpphint-7950X3D-196608MiB-threads_32-LP64-FreeBSD_main_n266876_e183039f0882_64bit-g++_13_O3lto-libc++-DSIZE_ul-ISIZE_ul-using_4_threads-cpus_kx16_kx16p2_0_2_16_18.txt
# acpphint_main version: 0.1.36

5.3851e-05 278546 15 1952
4.901e-05 387676 19 2368
5e-05 460000 23 2784
4.825e-05 559585 27 3200
4.72e-05 656780 31 3616
4.731e-05 824350 39 4448
4.8791e-05 963292 47 5280
4.946e-05 1.18884e+06 58.8001 6528
4.473e-05 1.57241e+06 70.3339 7776
4.521e-05 1.91229e+06 86.4548 9440
5.0421e-05 2.11507e+06 106.644 11520
4.859e-05 2.68474e+06 130.451 14016
4.7291e-05 3.43715e+06 162.546 17344
4.942e-05 4.09039e+06 202.147 21504
4.8581e-05 5.24897e+06 255 26912
4.833e-05 6.60045e+06 319 33568
4.8441e-05 8.20905e+06 397.655 41888
4.7071e-05 1.05796e+07 497.994 52288
4.472e-05 1.39771e+07 625.057 65600
5.101e-05 1.53916e+07 785.128 82240
4.832e-05 2.04582e+07 988.539 103456
4.3561e-05 2.85123e+07 1242.03 130080
4.9841e-05 3.13779e+07 1563.9 163360
5.058e-05 3.88601e+07 1965.55 205376
6.214e-05 3.97019e+07 2467.07 258208
6.179e-05 5.03998e+07 3114.2 324768
5.215e-05 7.50026e+07 3911.39 408384
5.474e-05 8.97493e+07 4912.88 514048
5.594e-05 1.1097e+08 6207.63 646752
5.4001e-05 1.44425e+08 7799.08 813984
6.218e-05 1.57468e+08 9791.33 1024480
6.583e-05 1.88117e+08 12383.7 1289472
6.978e-05 2.22902e+08 15554.1 1623104
8.204e-05 2.3801e+08 19526.4 2043264
9.183e-05 2.69093e+08 24710.8 2572000
0.000109829 2.82507e+08 31027.5 3237600
0.000122669 3.17436e+08 38939.5 4075424
0.000156159 3.15753e+08 49307.6 5130400
0.000181058 3.41863e+08 61897.1 6458688
0.000227897 3.40811e+08 77669.8 8130592
0.000292717 3.36163e+08 98400.6 10235552
0.000341546 3.61549e+08 123486 12885472
0.000433344 3.5751e+08 154925 16221376
0.000541103 3.62795e+08 196309 20421312
0.000678002 3.63369e+08 246365 25708672
0.000843899 3.66197e+08 309034 32365088
0.00357355 1.09564e+08 391534 40744992
0.00422389 1.16367e+08 491521 51294752
0.00557976 1.10476e+08 616428 64575968
0.00708664 1.1019e+08 780880 81295840
0.00273894 3.58015e+08 980581 102345024
0.00335959 3.6597e+08 1.22951e+06 128844640
0.00426017 3.65544e+08 1.55728e+06 162205344
0.0056063 3.48905e+08 1.95606e+06 204204288
0.00773487 3.17011e+08 2.45204e+06 257077888
0.0130492 2.37955e+08 3.10511e+06 323641632
0.0157266 2.48058e+08 3.90112e+06 407440256
0.0207354 2.35771e+08 4.88881e+06 512936608
0.0284295 2.17704e+08 6.18922e+06 645748768
0.0380075 2.04613e+08 7.77683e+06 812949152
0.0506222 1.92441e+08 9.7418e+06 1023442240
0.066956 1.8412e+08 1.23279e+07 1288437152
0.0879481 1.76118e+08 1.54893e+07 1622045856
0.113829 1.70349e+08 1.93906e+07 2042034464
0.146947 1.66867e+08 2.45206e+07 2570768800
0.188707 1.63192e+08 3.07956e+07 3236405824
0.242761 1.58636e+08 3.85106e+07 4074393312
0.309859 1.56961e+08 4.86359e+07 5129356832
0.393238 1.55153e+08 6.10123e+07 6457477184
0.498345 1.52803e+08 7.61488e+07 8129481856
0.630515 1.52155e+08 9.59359e+07 10234411072
0.796333 1.50746e+08 1.20044e+08 12884359776
1.00742 1.48184e+08 1.49284e+08 16220447648
