# filename: ./acpphint-7950X3D-196608MiB-threads_32-LP64-FreeBSD_main_n273201_e4ac0183a1a8_64bit-g++_14_O3lto-libstdc++-DSIZE_ul-ISIZE_ul-using_16_threads-cpus_kx2s_0_30.txt
# acpphint_main version: 0.1.41

0.000103419 609172 63 7808
0.000118609 666054 79 9472
0.000107779 881433 95 11136
0.000114058 973189 111 12800
0.000106859 1.18848e+06 127 14464
8.6649e-05 1.83499e+06 159 17792
0.000123489 1.5467e+06 191 21120
0.000117498 2.02557e+06 238 26112
0.000108129 2.62341e+06 283.667 31104
0.000112068 3.10769e+06 348.273 37760
0.000108229 3.96571e+06 429.204 46080
0.000108129 4.84879e+06 524.295 56064
0.000103989 6.27717e+06 652.757 69376
0.000102269 7.92762e+06 810.75 86016
0.000109458 9.34605e+06 1023 107648
0.000106369 1.20242e+07 1279 134272
0.000105899 1.50362e+07 1592.32 167552
0.000130688 1.52571e+07 1993.93 209152
0.000118998 2.1018e+07 2501.1 262400
0.000102169 3.07502e+07 3141.72 328960
0.000113889 3.47234e+07 3954.61 413824
0.000109329 4.54196e+07 4965.68 520320
0.000112819 5.54487e+07 6255.67 653440
0.000114959 6.83685e+07 7859.57 821504
0.000131759 7.48214e+07 9858.39 1032832
0.000123008 1.01256e+08 12455.3 1299072
0.000129999 1.20283e+08 15636.6 1633536
0.000138099 1.42118e+08 19626.3 2056192
0.000170028 1.46014e+08 24826.5 2587008
0.000187748 1.66046e+08 31174.8 3255936
0.000185428 2.10909e+08 39108.4 4097920
0.000166289 2.97837e+08 49527 5157888
0.000156768 3.96567e+08 62169 6492416
0.000151679 5.1413e+08 77982.7 8173056
0.000160498 6.15768e+08 98829.6 10288000
0.000187798 6.60335e+08 124010 12950400
0.000217008 7.16552e+08 155498 16301696
0.000234747 8.40092e+08 197209 20521600
0.000283317 8.73146e+08 247377 25834752
0.000324956 9.54374e+08 310129 32522368
0.00093664 4.2019e+08 393567 40942208
0.00119404 4.13298e+08 493494 51541888
0.00153649 4.0256e+08 618531 64885504
0.00201056 3.90485e+08 785093 81685248
0.00266201 3.69822e+08 984470 102834688
0.00383174 3.21944e+08 1.2336e+06 129460352
0.00515414 3.03734e+08 1.56549e+06 162979968
0.00712655 2.75557e+08 1.96377e+06 205179008
0.00945246 2.60251e+08 2.46001e+06 258303872
0.0125111 2.49466e+08 3.1211e+06 325183360
0.0171888 2.27843e+08 3.91636e+06 409380096
0.0224406 2.18548e+08 4.90434e+06 515378560
0.0307717 2.02146e+08 6.22038e+06 648821376
0.0412038 1.89474e+08 7.80707e+06 816817152
0.0540732 1.80719e+08 9.77207e+06 1028311552
0.0697909 1.77511e+08 1.23886e+07 1294566528
0.0919204 1.69159e+08 1.55492e+07 1629761024
0.11893 1.63538e+08 1.94495e+07 2051746432
0.15326 1.60763e+08 2.46386e+07 2582995072
0.19623 1.57539e+08 3.09139e+07 3251796608
0.249758 1.5465e+08 3.86249e+07 4093768960
0.316592 1.54344e+08 4.88639e+07 5153748608
0.400787 1.52811e+08 6.12444e+07 6488183424
0.506224 1.50859e+08 7.63686e+07 8168137856
0.639732 1.50644e+08 9.63719e+07 10283075200
0.807533 1.49212e+08 1.20494e+08 12945623296
1.01879 1.46938e+08 1.497e+08 16297573248
