# filename: ./acpphint-7950X3D-196608MiB-threads_32-LP64-FreeBSD_main_n266876_e183039f0882_64bit-clang++_17_O3lto-libc++-DSIZE_ull-ISIZE_ull-using_8_threads-cpus_kx4_kx4p1_0_13.txt
# acpphint_main version: 0.1.36

4.391e-05 705990 31 3904
4.564e-05 854514 39 4736
4.1351e-05 1.13661e+06 47 5568
4.455e-05 1.23457e+06 55 6400
4.57e-05 1.37856e+06 63 7232
4.4351e-05 1.78125e+06 79 8896
4.294e-05 2.21239e+06 95 10560
4.4271e-05 2.67745e+06 118.533 13056
4.417e-05 3.20228e+06 141.445 15552
4.572e-05 3.79981e+06 173.727 18880
4.543e-05 4.71416e+06 214.164 23040
4.675e-05 5.59854e+06 261.732 28032
4.72e-05 6.9057e+06 325.949 34688
4.199e-05 9.64549e+06 405.014 43008
4.414e-05 1.15768e+07 511 53824
4.578e-05 1.39581e+07 639 67136
4.34e-05 1.83381e+07 795.875 83776
4.333e-05 2.30011e+07 996.639 104576
4.6401e-05 2.69479e+07 1250.41 131200
4.5921e-05 3.42035e+07 1570.66 164480
4.841e-05 4.08434e+07 1977.23 206912
4.549e-05 5.4589e+07 2483.26 260160
4.2861e-05 7.29759e+07 3127.82 326720
4.6651e-05 8.42474e+07 3930.23 410752
4.744e-05 1.03939e+08 4930.87 516416
5.058e-05 1.23129e+08 6227.89 649536
5.231e-05 1.4949e+08 7819.82 816768
5.262e-05 1.86572e+08 9817.41 1028096
5.3621e-05 2.31512e+08 12413.9 1293504
6.606e-05 2.36013e+08 15591 1627968
7.55e-05 2.59123e+08 19563.8 2048960
8.621e-05 2.87262e+08 24764.9 2578944
0.00010301 3.0184e+08 31092.5 3246208
0.000122369 3.18807e+08 39012.1 4086528
0.000142329 3.47205e+08 49417.3 5144000
0.000171778 3.61059e+08 62022 6475200
0.000206348 3.77e+08 77793.3 8150848
0.000244017 4.04108e+08 98609.2 10260800
0.000287417 4.30474e+08 123726 12917376
0.000348066 4.45777e+08 155160 16261184
0.000421205 4.67216e+08 196794 20471104
0.000505954 4.87849e+08 246829 25770944
0.000623672 4.9621e+08 309472 32442752
0.00077392 5.07273e+08 392589 40842624
0.000978587 5.03203e+08 492428 51417344
0.00122739 5.02912e+08 617270 64730176
0.00154007 5.08369e+08 782923 81489984
0.00195221 5.03215e+08 982382 102589504
0.0026003 4.73459e+08 1.23114e+06 129151936
0.0039874 3.91542e+08 1.56124e+06 162591680
0.00573875 3.41472e+08 1.95962e+06 204690048
0.00808925 3.03509e+08 2.45516e+06 257689280
0.0115158 2.70305e+08 3.11277e+06 324410688
0.0161073 2.42634e+08 3.90817e+06 408408576
0.0221883 2.20605e+08 4.89484e+06 514155776
0.0301448 2.0581e+08 6.20409e+06 647283264
0.0403275 1.93189e+08 7.79083e+06 814880512
0.0535187 1.82243e+08 9.75343e+06 1025873216
0.0702915 1.75792e+08 1.23567e+07 1291497536
0.0940844 1.64927e+08 1.5517e+07 1625898304
0.121399 1.59911e+08 1.9413e+07 2046884480
0.155141 1.58412e+08 2.45763e+07 2576874304
0.196399 1.57081e+08 3.08505e+07 3244091712
0.249546 1.54495e+08 3.85537e+07 4084068928
0.315785 1.54354e+08 4.87428e+07 5141537600
0.399739 1.529e+08 6.11202e+07 6472811648
0.50508 1.50928e+08 7.62307e+07 8148786624
0.637558 1.50793e+08 9.61392e+07 10258713664
0.80494 1.49394e+08 1.20253e+08 12914954368
1.01551 1.47154e+08 1.49437e+08 16258963712
