# filename: ./acpphint-7950X3D-98304MiB-threads_32-LP64-FreeBSD_main_n266130_d521abdff236_64bit-clang++_17_O3lto-libc++-DSIZE_ul-ISIZE_ul-using_4_threads-cpus_kx16_kx16p2_0_2_16_18.txt
# acpphint_main version: 0.1.36

5.0809e-05 295223 15 1952
4.7349e-05 401276 19 2368
4.627e-05 497082 23 2784
5.0279e-05 537004 27 3200
5.1679e-05 599857 31 3616
4.586e-05 850414 39 4448
4.7809e-05 983078 47 5280
4.3429e-05 1.35394e+06 58.8001 6528
4.9479e-05 1.42149e+06 70.3339 7776
5.0679e-05 1.70593e+06 86.4548 9440
4.8199e-05 2.21257e+06 106.644 11520
4.692e-05 2.78029e+06 130.451 14016
4.9969e-05 3.25294e+06 162.546 17344
4.889e-05 4.13474e+06 202.147 21504
4.4419e-05 5.74079e+06 255 26912
5.0579e-05 6.30696e+06 319 33568
4.8879e-05 8.13549e+06 397.655 41888
4.891e-05 1.01818e+07 497.994 52288
5.1259e-05 1.21941e+07 625.057 65600
4.7869e-05 1.64016e+07 785.128 82240
4.797e-05 2.06074e+07 988.539 103456
4.805e-05 2.58486e+07 1242.03 130080
5.1089e-05 3.06114e+07 1563.9 163360
5.2569e-05 3.73898e+07 1965.55 205376
5.2239e-05 4.72267e+07 2467.07 258208
5.8969e-05 5.28109e+07 3114.2 324768
6.1849e-05 6.32409e+07 3911.39 408384
5.5299e-05 8.8842e+07 4912.88 514048
5.632e-05 1.10221e+08 6207.63 646752
6.013e-05 1.29704e+08 7799.08 813984
6.3869e-05 1.53303e+08 9791.33 1024480
6.7149e-05 1.84422e+08 12383.7 1289472
7.3869e-05 2.10563e+08 15554.1 1623104
8.5328e-05 2.28839e+08 19526.4 2043264
9.2979e-05 2.65768e+08 24710.8 2572000
0.000106499 2.91341e+08 31027.5 3237600
0.000122129 3.18839e+08 38939.5 4075424
0.000146658 3.36208e+08 49307.6 5130400
0.000173258 3.57254e+08 61897.1 6458688
0.000201087 3.8625e+08 77669.8 8130592
0.000245396 4.00987e+08 98400.6 10235552
0.000313315 3.94127e+08 123486 12885472
0.000386764 4.00566e+08 154925 16221376
0.000472023 4.1589e+08 196309 20421312
0.000595441 4.13752e+08 246365 25708672
0.000749539 4.12298e+08 309034 32365088
0.000924597 4.23464e+08 391534 40744992
0.00143003 3.43714e+08 491521 51294752
0.00176481 3.4929e+08 616428 64575968
0.00213381 3.65956e+08 780880 81295840
0.00252606 3.88186e+08 980581 102345024
0.00305532 4.02417e+08 1.22951e+06 128844640
0.00388391 4.00956e+08 1.55728e+06 162205344
0.00529904 3.69135e+08 1.95606e+06 204204288
0.00753784 3.25297e+08 2.45204e+06 257077888
0.0115281 2.69351e+08 3.10511e+06 323641632
0.0141451 2.75792e+08 3.90112e+06 407440256
0.0190221 2.57007e+08 4.88881e+06 512936608
0.0258088 2.3981e+08 6.18922e+06 645748768
0.0347658 2.23692e+08 7.77683e+06 812949152
0.0463566 2.10149e+08 9.7418e+06 1023442240
0.0611874 2.01478e+08 1.23279e+07 1288437152
0.0801116 1.93346e+08 1.54893e+07 1622045856
0.104056 1.86347e+08 1.93906e+07 2042034464
0.134126 1.82818e+08 2.45206e+07 2570768800
0.172003 1.79041e+08 3.07956e+07 3236405824
0.220108 1.74963e+08 3.85106e+07 4074393312
0.281603 1.72711e+08 4.86359e+07 5129356832
0.357598 1.70617e+08 6.10123e+07 6457477184
0.453301 1.67987e+08 7.61488e+07 8129481856
0.573973 1.67143e+08 9.59359e+07 10234411072
0.725004 1.65577e+08 1.20044e+08 12884359776
0.914463 1.63247e+08 1.49284e+08 16220447648
1.15492 1.62098e+08 1.8721e+08 20420333312
