# filename: ./acpphint-7950X3D-196608MiB-threads_32-LP64-FreeBSD_main_n273201_e4ac0183a1a8_64bit-g++_14_O3lto-libstdc++-cpulockdown-DSIZE_ul-ISIZE_ul-using_4_threads-cpus_kx16_kx16p2_0_2_16_18.txt
# acpphint_main version: 0.1.41

4.1991e-05 357219 15 1952
4.3971e-05 432103 19 2368
4.34e-05 529954 23 2784
4.651e-05 580520 27 3200
4.389e-05 706311 31 3616
4.528e-05 861307 39 4448
4.421e-05 1.06311e+06 47 5280
4.2421e-05 1.38611e+06 58.8001 6528
4.3531e-05 1.61572e+06 70.3339 7776
4.43e-05 1.95158e+06 86.4548 9440
4.562e-05 2.33765e+06 106.644 11520
4.4451e-05 2.93472e+06 130.451 14016
4.4941e-05 3.61688e+06 162.546 17344
4.502e-05 4.49016e+06 202.147 21504
4.343e-05 5.87152e+06 255 26912
4.4631e-05 7.1475e+06 319 33568
4.368e-05 9.10382e+06 397.655 41888
4.4621e-05 1.11605e+07 497.994 52288
4.365e-05 1.43198e+07 625.057 65600
4.6001e-05 1.70676e+07 785.128 82240
4.5331e-05 2.18071e+07 988.539 103456
4.5191e-05 2.74839e+07 1242.03 130080
4.651e-05 3.36251e+07 1563.9 163360
4.809e-05 4.08722e+07 1965.55 205376
4.6321e-05 5.32604e+07 2467.07 258208
4.833e-05 6.44363e+07 3114.2 324768
4.732e-05 8.26582e+07 3911.39 408384
5.5381e-05 8.87105e+07 4912.88 514048
5.786e-05 1.07287e+08 6207.63 646752
6.126e-05 1.27311e+08 7799.08 813984
6.392e-05 1.53181e+08 9791.33 1024480
7.086e-05 1.74764e+08 12383.7 1289472
8.106e-05 1.91884e+08 15554.1 1623104
9.236e-05 2.11416e+08 19526.4 2043264
0.000105469 2.34295e+08 24710.8 2572000
0.00011419 2.71718e+08 31027.5 3237600
0.000134109 2.90357e+08 38939.5 4075424
0.000154959 3.18198e+08 49307.6 5130400
0.000189698 3.26293e+08 61897.1 6458688
0.000229158 3.38935e+08 77669.8 8130592
0.000273288 3.60062e+08 98400.6 10235552
0.000334396 3.6928e+08 123486 12885472
0.000427156 3.62689e+08 154925 16221376
0.000523134 3.75257e+08 196309 20421312
0.000660423 3.73041e+08 246365 25708672
0.00081605 3.78694e+08 309034 32365088
0.00101999 3.83861e+08 391534 40744992
0.00128369 3.82895e+08 491521 51294752
0.00160168 3.84863e+08 616428 64575968
0.00205583 3.79837e+08 780880 81295840
0.00259082 3.78483e+08 980581 102345024
0.00329669 3.72953e+08 1.22951e+06 128844640
0.00422628 3.68475e+08 1.55728e+06 162205344
0.00554567 3.52719e+08 1.95606e+06 204204288
0.00771874 3.17673e+08 2.45204e+06 257077888
0.0109061 2.84712e+08 3.10511e+06 323641632
0.0151652 2.57241e+08 3.90112e+06 407440256
0.0208215 2.34796e+08 4.88881e+06 512936608
0.0282212 2.1931e+08 6.18922e+06 645748768
0.0379461 2.04944e+08 7.77683e+06 812949152
0.0505818 1.92595e+08 9.7418e+06 1023442240
0.0668205 1.84493e+08 1.23279e+07 1288437152
0.0875825 1.76853e+08 1.54893e+07 1622045856
0.113719 1.70513e+08 1.93906e+07 2042034464
0.146457 1.67426e+08 2.45206e+07 2570768800
0.188305 1.63541e+08 3.07956e+07 3236405824
0.242173 1.59021e+08 3.85106e+07 4074393312
0.30948 1.57154e+08 4.86359e+07 5129356832
0.392696 1.55368e+08 6.10123e+07 6457477184
0.498201 1.52848e+08 7.61488e+07 8129481856
0.630315 1.52203e+08 9.59359e+07 10234411072
0.79624 1.50764e+08 1.20044e+08 12884359776
1.00513 1.48522e+08 1.49284e+08 16220447648
