# filename: ./acpphint-7950X3D-98304MiB-threads_32-LP64-FreeBSD_main_n266130_d521abdff236_64bit-g++_13_O3lto-libc++-DSIZE_ul-ISIZE_ul-using_4_threads-cpus_kx4_kx4p1_0_5.txt
# acpphint_main version: 0.1.36

2.3741e-05 631818 15 1952
2.1201e-05 896184 19 2368
2.4231e-05 949197 23 2784
2.4161e-05 1.1175e+06 27 3200
2.3481e-05 1.32022e+06 31 3616
2.138e-05 1.82413e+06 39 4448
2.474e-05 1.89976e+06 47 5280
2.1871e-05 2.68849e+06 58.8001 6528
2.5161e-05 2.79535e+06 70.3339 7776
2.4851e-05 3.47893e+06 86.4548 9440
2.492e-05 4.27944e+06 106.644 11520
2.5231e-05 5.17028e+06 130.451 14016
2.5211e-05 6.44743e+06 162.546 17344
2.5511e-05 7.92392e+06 202.147 21504
2.5251e-05 1.00986e+07 255 26912
2.5341e-05 1.25883e+07 319 33568
2.5121e-05 1.58296e+07 397.655 41888
2.5031e-05 1.98951e+07 497.994 52288
2.543e-05 2.45795e+07 625.057 65600
2.4721e-05 3.17595e+07 785.128 82240
2.6681e-05 3.70503e+07 988.539 103456
2.833e-05 4.38414e+07 1242.03 130080
2.9611e-05 5.2815e+07 1563.9 163360
2.2571e-05 8.70828e+07 1965.55 205376
2.4651e-05 1.0008e+08 2467.07 258208
2.8331e-05 1.09922e+08 3114.2 324768
3.1451e-05 1.24364e+08 3911.39 408384
3.667e-05 1.33975e+08 4912.88 514048
4.43e-05 1.40127e+08 6207.63 646752
5.019e-05 1.55391e+08 7799.08 813984
6.392e-05 1.53181e+08 9791.33 1024480
7.313e-05 1.69339e+08 12383.7 1289472
8.611e-05 1.8063e+08 15554.1 1623104
0.000103389 1.88863e+08 19526.4 2043264
0.000121439 2.03483e+08 24710.8 2572000
0.000159018 1.95119e+08 31027.5 3237600
0.000190369 2.04548e+08 38939.5 4075424
0.000235477 2.09395e+08 49307.6 5130400
0.000310567 1.99303e+08 61897.1 6458688
0.000373016 2.08221e+08 77669.8 8130592
0.000459644 2.1408e+08 98400.6 10235552
0.000562694 2.19455e+08 123486 12885472
0.000698521 2.2179e+08 154925 16221376
0.000897848 2.18644e+08 196309 20421312
0.00101405 2.42952e+08 246365 25708672
0.00127073 2.43193e+08 309034 32365088
0.00160475 2.43985e+08 391534 40744992
0.00203478 2.41559e+08 491521 51294752
0.00253841 2.4284e+08 616428 64575968
0.00321022 2.43248e+08 780880 81295840
0.00403766 2.42859e+08 980581 102345024
0.00515065 2.3871e+08 1.22951e+06 128844640
0.00656908 2.37062e+08 1.55728e+06 162205344
0.00816757 2.39492e+08 1.95606e+06 204204288
0.0103859 2.36093e+08 2.45204e+06 257077888
0.013549 2.29176e+08 3.10511e+06 323641632
0.0177418 2.19883e+08 3.90112e+06 407440256
0.0233003 2.09817e+08 4.88881e+06 512936608
0.0305441 2.02632e+08 6.18922e+06 645748768
0.039946 1.94684e+08 7.77683e+06 812949152
0.0520629 1.87116e+08 9.7418e+06 1023442240
0.0676092 1.82341e+08 1.23279e+07 1288437152
0.08734 1.77345e+08 1.54893e+07 1622045856
0.112819 1.71873e+08 1.93906e+07 2042034464
0.144577 1.69603e+08 2.45206e+07 2570768800
0.187283 1.64434e+08 3.07956e+07 3236405824
0.235284 1.63677e+08 3.85106e+07 4074393312
0.298015 1.63199e+08 4.86359e+07 5129356832
0.377452 1.61643e+08 6.10123e+07 6457477184
0.47736 1.59521e+08 7.61488e+07 8129481856
0.605559 1.58425e+08 9.59359e+07 10234411072
0.763558 1.57217e+08 1.20044e+08 12884359776
0.96746 1.54305e+08 1.49284e+08 16220447648
1.21468 1.54123e+08 1.8721e+08 20420333312
