# filename: ./acpphint-7950X3D-196608MiB-threads_32-LP64-FreeBSD_main_n273201_e4ac0183a1a8_64bit-clang++_19_O3lto-libc++-cpulockdown-DSIZE_ul-ISIZE_ul-using_4_threads_creation_untimed-cpus_kx16_kx16p1_16_17_24_25.txt
# acpphint_main version: 0.1.41

1.074e-05 1.39665e+06 15 1952
1.022e-05 1.8591e+06 19 2368
1.014e-05 2.26824e+06 23 2784
1.069e-05 2.52572e+06 27 3200
1.012e-05 3.06324e+06 31 3616
1.096e-05 3.55839e+06 39 4448
9.95e-06 4.72362e+06 47 5280
9.94e-06 5.9155e+06 58.8001 6528
1.026e-05 6.85515e+06 70.3339 7776
1.02e-05 8.47596e+06 86.4548 9440
1.005e-05 1.06113e+07 106.644 11520
1.058e-05 1.233e+07 130.451 14016
1.052e-05 1.54512e+07 162.546 17344
1.131e-05 1.78733e+07 202.147 21504
1.1799e-05 2.1612e+07 255 26912
1.206e-05 2.64511e+07 319 33568
1.159e-05 3.43102e+07 397.655 41888
1.227e-05 4.05863e+07 497.994 52288
1.193e-05 5.23937e+07 625.057 65600
1.229e-05 6.38835e+07 785.128 82240
1.305e-05 7.57501e+07 988.539 103456
1.3929e-05 8.91683e+07 1242.03 130080
1.499e-05 1.0433e+08 1563.9 163360
1.653e-05 1.18908e+08 1965.55 205376
1.807e-05 1.36529e+08 2467.07 258208
2.012e-05 1.54782e+08 3114.2 324768
2.3e-05 1.7006e+08 3911.39 408384
2.607e-05 1.88449e+08 4912.88 514048
3.014e-05 2.0596e+08 6207.63 646752
3.571e-05 2.184e+08 7799.08 813984
4.2969e-05 2.2787e+08 9791.33 1024480
5.1359e-05 2.41121e+08 12383.7 1289472
6.1719e-05 2.52014e+08 15554.1 1623104
7.5249e-05 2.5949e+08 19526.4 2043264
9.3289e-05 2.64885e+08 24710.8 2572000
0.000113929 2.7234e+08 31027.5 3237600
0.000141328 2.75526e+08 38939.5 4075424
0.000175898 2.80319e+08 49307.6 5130400
0.000219448 2.82058e+08 61897.1 6458688
0.000273047 2.84456e+08 77669.8 8130592
0.000343106 2.86794e+08 98400.6 10235552
0.000431366 2.86267e+08 123486 12885472
0.000539884 2.86959e+08 154925 16221376
0.000677413 2.89793e+08 196309 20421312
0.00085493 2.88169e+08 246365 25708672
0.00108905 2.83765e+08 309034 32365088
0.00138867 2.81948e+08 391534 40744992
0.00176818 2.77981e+08 491521 51294752
0.00230127 2.67864e+08 616428 64575968
0.00305758 2.55392e+08 780880 81295840
0.00406651 2.41136e+08 980581 102345024
0.0054208 2.26813e+08 1.22951e+06 128844640
0.00724788 2.1486e+08 1.55728e+06 162205344
0.00962512 2.03225e+08 1.95606e+06 204204288
0.0128015 1.91543e+08 2.45204e+06 257077888
0.0168476 1.84306e+08 3.10511e+06 323641632
0.0221171 1.76385e+08 3.90112e+06 407440256
0.0287983 1.6976e+08 4.88881e+06 512936608
0.037211 1.66328e+08 6.18922e+06 645748768
0.0479279 1.62261e+08 7.77683e+06 812949152
0.0613106 1.58893e+08 9.7418e+06 1023442240
0.0784091 1.57226e+08 1.23279e+07 1288437152
0.100217 1.54557e+08 1.54893e+07 1622045856
0.12661 1.53152e+08 1.93906e+07 2042034464
0.159831 1.53416e+08 2.45206e+07 2570768800
0.244596 1.25904e+08 3.07956e+07 3236405824
0.254045 1.5159e+08 3.85106e+07 4074393312
0.323283 1.50444e+08 4.86359e+07 5129356832
0.403659 1.51148e+08 6.10123e+07 6457477184
0.509404 1.49486e+08 7.61488e+07 8129481856
0.643081 1.49182e+08 9.59359e+07 10234411072
0.808086 1.48554e+08 1.20044e+08 12884359776
1.02006 1.46348e+08 1.49284e+08 16220447648
