# filename: ./acpphint-7950X3D-196608MiB-threads_32-LP64-FreeBSD_main_n266876_e183039f0882_64bit-g++_13_O3lto-libc++-DSIZE_ull-ISIZE_ull-using_4_threads-cpus_kx8s_0_24.txt
# acpphint_main version: 0.1.36

4.6179e-05 324823 15 1952
4.7609e-05 399084 19 2368
4.768e-05 482383 23 2784
5.0639e-05 533186 27 3200
4.9699e-05 623755 31 3616
4.7029e-05 829276 39 4448
4.9539e-05 948747 47 5280
4.6349e-05 1.26864e+06 58.8001 6528
4.8999e-05 1.43541e+06 70.3339 7776
4.7509e-05 1.81976e+06 86.4548 9440
4.5509e-05 2.34335e+06 106.644 11520
4.6909e-05 2.78095e+06 130.451 14016
4.8139e-05 3.3766e+06 162.546 17344
4.8239e-05 4.19054e+06 202.147 21504
4.7069e-05 5.41758e+06 255 26912
4.9769e-05 6.40961e+06 319 33568
4.8739e-05 8.15886e+06 397.655 41888
4.734e-05 1.05195e+07 497.994 52288
5.019e-05 1.24538e+07 625.057 65600
4.8479e-05 1.61952e+07 785.128 82240
4.6669e-05 2.11819e+07 988.539 103456
4.538e-05 2.73695e+07 1242.03 130080
4.9559e-05 3.15564e+07 1563.9 163360
5.3859e-05 3.64943e+07 1965.55 205376
5.9499e-05 4.14641e+07 2467.07 258208
6.5079e-05 4.78527e+07 3114.2 324768
6.8499e-05 5.71014e+07 3911.39 408384
5.5039e-05 8.92617e+07 4912.88 514048
5.7029e-05 1.0885e+08 6207.63 646752
6.0389e-05 1.29147e+08 7799.08 813984
6.8579e-05 1.42774e+08 9791.33 1024480
6.4879e-05 1.90874e+08 12383.7 1289472
7.2789e-05 2.13687e+08 15554.1 1623104
8.2819e-05 2.35771e+08 19526.4 2043264
8.9719e-05 2.75425e+08 24710.8 2572000
0.000113298 2.73857e+08 31027.5 3237600
0.000131348 2.96461e+08 38939.5 4075424
0.000465993 1.05812e+08 49307.6 5130400
0.000182297 3.3954e+08 61897.1 6458688
0.000225917 3.43798e+08 77669.8 8130592
0.000273486 3.59801e+08 98400.6 10235552
0.000329456 3.74817e+08 123486 12885472
0.000464513 3.33521e+08 154925 16221376
0.000505802 3.88115e+08 196309 20421312
0.00226398 1.08819e+08 246365 25708672
0.00111042 2.78303e+08 309034 32365088
0.00138219 2.83271e+08 391534 40744992
0.00442233 1.11145e+08 491521 51294752
0.00565323 1.0904e+08 616428 64575968
0.00234026 3.33673e+08 780880 81295840
0.00288315 3.40108e+08 980581 102345024
0.00337173 3.64653e+08 1.22951e+06 128844640
0.00416486 3.73909e+08 1.55728e+06 162205344
0.00554187 3.52961e+08 1.95606e+06 204204288
0.00814821 3.00929e+08 2.45204e+06 257077888
0.0114139 2.72046e+08 3.10511e+06 323641632
0.0154114 2.53131e+08 3.90112e+06 407440256
0.020672 2.36495e+08 4.88881e+06 512936608
0.0285094 2.17094e+08 6.18922e+06 645748768
0.038065 2.04304e+08 7.77683e+06 812949152
0.050565 1.92659e+08 9.7418e+06 1023442240
0.06685 1.84412e+08 1.23279e+07 1288437152
0.0877886 1.76438e+08 1.54893e+07 1622045856
0.113935 1.7019e+08 1.93906e+07 2042034464
0.146742 1.671e+08 2.45206e+07 2570768800
0.188946 1.62986e+08 3.07956e+07 3236405824
0.241761 1.59292e+08 3.85106e+07 4074393312
0.309889 1.56946e+08 4.86359e+07 5129356832
0.392821 1.55318e+08 6.10123e+07 6457477184
0.49895 1.52618e+08 7.61488e+07 8129481856
0.631757 1.51856e+08 9.59359e+07 10234411072
0.797631 1.50501e+08 1.20044e+08 12884359776
1.00709 1.48233e+08 1.49284e+08 16220447648
