# filename: ./acpphint-7950X3D-196608MiB-threads_32-LP64-FreeBSD_main_n273201_e4ac0183a1a8_64bit-g++_14_O3lto-libstdc++-DSIZE_ull-ISIZE_ull-using_4_threads_creation_untimed-cpus_kx4s_0_12.txt
# acpphint_main version: 0.1.41

1.097e-05 1.36737e+06 15 1952
1.108e-05 1.7148e+06 19 2368
1.1069e-05 2.07788e+06 23 2784
1.12e-05 2.41071e+06 27 3200
1.118e-05 2.77281e+06 31 3616
1.128e-05 3.45745e+06 39 4448
1.129e-05 4.16298e+06 47 5280
1.138e-05 5.16696e+06 58.8001 6528
1.124e-05 6.25746e+06 70.3339 7776
1.116e-05 7.74685e+06 86.4548 9440
1.0859e-05 9.82077e+06 106.644 11520
1.1089e-05 1.1764e+07 130.451 14016
1.099e-05 1.47904e+07 162.546 17344
1.121e-05 1.80328e+07 202.147 21504
1.164e-05 2.19072e+07 255 26912
1.182e-05 2.69882e+07 319 33568
1.218e-05 3.26482e+07 397.655 41888
1.2009e-05 4.14684e+07 497.994 52288
1.119e-05 5.58586e+07 625.057 65600
1.174e-05 6.68763e+07 785.128 82240
1.367e-05 7.23145e+07 988.539 103456
1.201e-05 1.03416e+08 1242.03 130080
1.468e-05 1.06533e+08 1563.9 163360
1.539e-05 1.27716e+08 1965.55 205376
1.556e-05 1.58552e+08 2467.07 258208
1.781e-05 1.74857e+08 3114.2 324768
1.972e-05 1.98346e+08 3911.39 408384
2.244e-05 2.18934e+08 4912.88 514048
2.486e-05 2.49704e+08 6207.63 646752
2.859e-05 2.72791e+08 7799.08 813984
3.3689e-05 2.90639e+08 9791.33 1024480
3.844e-05 3.22158e+08 12383.7 1289472
4.5219e-05 3.43972e+08 15554.1 1623104
5.603e-05 3.48498e+08 19526.4 2043264
6.8159e-05 3.62547e+08 24710.8 2572000
8.3809e-05 3.70217e+08 31027.5 3237600
0.000101529 3.83531e+08 38939.5 4075424
0.000126719 3.8911e+08 49307.6 5130400
0.000158588 3.90301e+08 61897.1 6458688
0.000200558 3.87268e+08 77669.8 8130592
0.000249767 3.9397e+08 98400.6 10235552
0.000314417 3.92745e+08 123486 12885472
0.000400975 3.8637e+08 154925 16221376
0.000501004 3.91832e+08 196309 20421312
0.000647253 3.80631e+08 246365 25708672
0.000810471 3.81301e+08 309034 32365088
0.00101822 3.84528e+08 391534 40744992
0.00128744 3.81783e+08 491521 51294752
0.00162667 3.7895e+08 616428 64575968
0.00205241 3.8047e+08 780880 81295840
0.00258723 3.79008e+08 980581 102345024
0.00338064 3.63691e+08 1.22951e+06 128844640
0.00456583 3.41072e+08 1.55728e+06 162205344
0.00637614 3.06779e+08 1.95606e+06 204204288
0.00881337 2.78218e+08 2.45204e+06 257077888
0.0119946 2.58875e+08 3.10511e+06 323641632
0.016506 2.36345e+08 3.90112e+06 407440256
0.0225106 2.17178e+08 4.88881e+06 512936608
0.0302647 2.04503e+08 6.18922e+06 645748768
0.0401858 1.93522e+08 7.77683e+06 812949152
0.0531386 1.83328e+08 9.7418e+06 1023442240
0.0699015 1.76361e+08 1.23279e+07 1288437152
0.0909478 1.70309e+08 1.54893e+07 1622045856
0.117674 1.64783e+08 1.93906e+07 2042034464
0.151749 1.61586e+08 2.45206e+07 2570768800
0.194118 1.58643e+08 3.07956e+07 3236405824
0.247398 1.55663e+08 3.85106e+07 4074393312
0.315729 1.54043e+08 4.86359e+07 5129356832
0.399498 1.52722e+08 6.10123e+07 6457477184
0.504899 1.5082e+08 7.61488e+07 8129481856
0.635093 1.51058e+08 9.59359e+07 10234411072
0.800641 1.49935e+08 1.20044e+08 12884359776
1.01069 1.47704e+08 1.49284e+08 16220447648
