# filename: ./acpphint-7950X3D-196608MiB-threads_32-LP64-FreeBSD_main_n266876_e183039f0882_64bit-g++_13_O3lto-libc++-DSIZE_ull-ISIZE_ull-using_4_threads-cpus_kx16_kx16p2_0_2_16_18.txt
# acpphint_main version: 0.1.36

4.69e-05 319829 15 1952
4.867e-05 390384 19 2368
4.6961e-05 489768 23 2784
4.5881e-05 588479 27 3200
4.939e-05 627657 31 3616
4.91e-05 794297 39 4448
4.914e-05 956451 47 5280
4.789e-05 1.22781e+06 58.8001 6528
4.776e-05 1.47265e+06 70.3339 7776
4.733e-05 1.82664e+06 86.4548 9440
4.5281e-05 2.35515e+06 106.644 11520
4.875e-05 2.67593e+06 130.451 14016
4.5471e-05 3.57472e+06 162.546 17344
4.622e-05 4.37359e+06 202.147 21504
4.7291e-05 5.39215e+06 255 26912
5.099e-05 6.25613e+06 319 33568
4.808e-05 8.27069e+06 397.655 41888
5.1461e-05 9.67711e+06 497.994 52288
5.144e-05 1.21512e+07 625.057 65600
5.068e-05 1.54919e+07 785.128 82240
4.7151e-05 2.09654e+07 988.539 103456
4.562e-05 2.72255e+07 1242.03 130080
5.2941e-05 2.95405e+07 1563.9 163360
5.034e-05 3.90454e+07 1965.55 205376
5.202e-05 4.74255e+07 2467.07 258208
6.618e-05 4.70566e+07 3114.2 324768
5.9931e-05 6.52648e+07 3911.39 408384
8.266e-05 5.94347e+07 4912.88 514048
9.0779e-05 6.83818e+07 6207.63 646752
5.889e-05 1.32435e+08 7799.08 813984
6.431e-05 1.52252e+08 9791.33 1024480
6.881e-05 1.7997e+08 12383.7 1289472
7.464e-05 2.08388e+08 15554.1 1623104
8.102e-05 2.41007e+08 19526.4 2043264
8.5149e-05 2.90207e+08 24710.8 2572000
0.000313786 9.8881e+07 31027.5 3237600
0.000126389 3.08093e+08 38939.5 4075424
0.000488624 1.00911e+08 49307.6 5130400
0.000185589 3.33517e+08 61897.1 6458688
0.000219738 3.53465e+08 77669.8 8130592
0.000264387 3.72184e+08 98400.6 10235552
0.000334506 3.69159e+08 123486 12885472
0.000414395 3.73857e+08 154925 16221376
0.00178801 1.09792e+08 196309 20421312
0.000653192 3.7717e+08 246365 25708672
0.00258533 1.19533e+08 309034 32365088
0.00312436 1.25317e+08 391534 40744992
0.00390369 1.25912e+08 491521 51294752
0.00518554 1.18875e+08 616428 64575968
0.00215692 3.62035e+08 780880 81295840
0.00270564 3.62421e+08 980581 102345024
0.00356896 3.44501e+08 1.22951e+06 128844640
0.004263 3.65301e+08 1.55728e+06 162205344
0.00552584 3.53985e+08 1.95606e+06 204204288
0.00773163 3.17144e+08 2.45204e+06 257077888
0.0114631 2.70879e+08 3.10511e+06 323641632
0.0154085 2.53179e+08 3.90112e+06 407440256
0.0207065 2.36101e+08 4.88881e+06 512936608
0.0285101 2.17088e+08 6.18922e+06 645748768
0.0380384 2.04447e+08 7.77683e+06 812949152
0.050599 1.92529e+08 9.7418e+06 1023442240
0.0669624 1.84102e+08 1.23279e+07 1288437152
0.0879748 1.76065e+08 1.54893e+07 1622045856
0.113904 1.70236e+08 1.93906e+07 2042034464
0.146595 1.67268e+08 2.45206e+07 2570768800
0.188932 1.62998e+08 3.07956e+07 3236405824
0.242552 1.58772e+08 3.85106e+07 4074393312
0.310057 1.56861e+08 4.86359e+07 5129356832
0.393387 1.55095e+08 6.10123e+07 6457477184
0.498283 1.52822e+08 7.61488e+07 8129481856
0.63024 1.52221e+08 9.59359e+07 10234411072
0.797962 1.50438e+08 1.20044e+08 12884359776
1.00653 1.48314e+08 1.49284e+08 16220447648
