# filename: ./acpphint-7950X3D-98304MiB-threads_32-LP64-FreeBSD_main_n266130_d521abdff236_64bit-g++_13_O3lto-libc++-cpulockdown-DSIZE_ull-ISIZE_ull-using_2_threads-cpus_16_17.txt
# acpphint_main version: 0.1.36

1.3801e-05 507210 7 976
1.3601e-05 661716 9 1184
1.2011e-05 915827 11 1392
1.2001e-05 1.08324e+06 13 1600
1.2221e-05 1.2274e+06 15 1808
1.2191e-05 1.55853e+06 19 2224
1.2231e-05 1.88047e+06 23 2640
1.237e-05 2.339e+06 28.9334 3264
1.402e-05 2.48063e+06 34.7785 3888
1.3971e-05 3.06482e+06 42.8186 4720
1.4321e-05 3.69266e+06 52.8825 5760
1.4261e-05 4.54484e+06 64.8139 7008
1.4471e-05 5.58679e+06 80.8465 8672
1.4661e-05 6.86957e+06 100.715 10752
1.4801e-05 8.5805e+06 127 13456
1.5031e-05 1.05781e+07 159 16784
1.4951e-05 1.32799e+07 198.548 20944
1.5571e-05 1.597e+07 248.668 26144
1.6081e-05 1.94247e+07 312.369 32800
1.6641e-05 2.35784e+07 392.369 41120
1.6961e-05 2.91367e+07 494.187 51728
1.6071e-05 3.86648e+07 621.382 65040
1.9011e-05 4.11317e+07 781.955 81680
2.0541e-05 4.78651e+07 983.196 102688
2.2281e-05 5.54335e+07 1235.11 129104
2.2761e-05 6.84232e+07 1557.38 162384
2.7151e-05 7.2084e+07 1957.15 204192
3.0531e-05 8.05894e+07 2460.47 257024
3.5171e-05 8.8269e+07 3104.51 323376
4.1071e-05 9.50323e+07 3903.07 406992
4.8351e-05 1.01442e+08 4904.82 512240
5.758e-05 1.07558e+08 6193.19 644736
6.8981e-05 1.12854e+08 7784.78 811552
8.139e-05 1.20197e+08 9782.87 1021632
0.00010155 1.21689e+08 12357.5 1286000
0.00012269 1.26579e+08 15530 1618800
0.000151079 1.29147e+08 19511.4 2037712
0.000187609 1.31425e+08 24656.5 2565200
0.000230508 1.34407e+08 30982 3229344
0.000286907 1.3566e+08 38921.7 4065296
0.000360586 1.36451e+08 49202.3 5117776
0.000450785 1.37119e+08 61811.3 6442736
0.000565363 1.37332e+08 77642.6 8110688
0.000705932 1.39054e+08 98162.9 10210656
0.000888439 1.38808e+08 123322 12854336
0.00111516 1.38896e+08 154891 16182544
0.00139898 1.39967e+08 195811 20372496
0.00175695 1.40043e+08 246048 25647376
0.00222718 1.38737e+08 308992 32287984
0.00283191 1.37925e+08 390591 40647920
0.0035707 1.37478e+08 490894 51172512
0.00447689 1.37683e+08 616392 64422320
0.00563535 1.38252e+08 779097 81102672
0.00711647 1.37617e+08 979346 102102144
0.0089572 1.37268e+08 1.22953e+06 128538944
0.0113166 1.37312e+08 1.55391e+06 161820816
0.0142838 1.36771e+08 1.95361e+06 203720128
0.0180354 1.35969e+08 2.45225e+06 256468304
0.0227038 1.36486e+08 3.09874e+06 322874384
0.0286356 1.36063e+08 3.89624e+06 406474576
0.0361396 1.35296e+08 4.88954e+06 511721120
0.0455478 1.3562e+08 6.17721e+06 644218576
0.0574755 1.35138e+08 7.76712e+06 811022928
0.0726209 1.34174e+08 9.74384e+06 1021017232
0.0915351 1.34433e+08 1.23053e+07 1285384400
0.115364 1.34096e+08 1.54699e+07 1618202912
0.145337 1.33454e+08 1.93958e+07 2037196656
0.182686 1.33991e+08 2.44783e+07 2564678416
0.229788 1.33849e+08 3.0757e+07 3228738592
0.289339 1.33141e+08 3.85229e+07 4064740928
0.364547 1.33198e+08 4.85571e+07 5117205536
0.458654 1.32858e+08 6.09359e+07 6442179888
0.576751 1.32079e+08 7.61765e+07 8110223824
0.726064 1.31932e+08 9.57909e+07 10210166656
0.914154 1.31153e+08 1.19894e+08 12853838128
1.15066 1.2979e+08 1.49344e+08 16182023248
