# filename: ./acpphint-7950X3D-196608MiB-threads_32-LP64-FreeBSD_main_n273201_e4ac0183a1a8_64bit-clang++_19_O3lto-libc++-cpulockdown-DSIZE_ul-ISIZE_ul-using_8_threads_creation_untimed-cpus_kx2s_16_18_28_30.txt
# acpphint_main version: 0.1.41

2.1231e-05 1.46013e+06 31 3904
2.08e-05 1.875e+06 39 4736
2.1061e-05 2.23161e+06 47 5568
2.1411e-05 2.56877e+06 55 6400
2.0851e-05 3.02144e+06 63 7232
2.1181e-05 3.72976e+06 79 8896
2.1221e-05 4.4767e+06 95 10560
2.1291e-05 5.5673e+06 118.533 13056
2.1701e-05 6.51789e+06 141.445 15552
2.166e-05 8.02066e+06 173.727 18880
2.2061e-05 9.70782e+06 214.164 23040
2.1771e-05 1.2022e+07 261.732 28032
2.1621e-05 1.50756e+07 325.949 34688
2.1721e-05 1.86462e+07 405.014 43008
2.1631e-05 2.36235e+07 511 53824
2.1641e-05 2.95273e+07 639 67136
2.2131e-05 3.5962e+07 795.875 83776
2.1871e-05 4.5569e+07 996.639 104576
2.2051e-05 5.67053e+07 1250.41 131200
2.2691e-05 6.92194e+07 1570.66 164480
2.3011e-05 8.59255e+07 1977.23 206912
2.312e-05 1.07407e+08 2483.26 260160
2.3711e-05 1.31914e+08 3127.82 326720
2.4261e-05 1.61998e+08 3930.23 410752
2.628e-05 1.87628e+08 4930.87 516416
2.7331e-05 2.27869e+08 6227.89 649536
2.8741e-05 2.72079e+08 7819.82 816768
3.0241e-05 3.24639e+08 9817.41 1028096
3.3251e-05 3.7334e+08 12413.9 1293504
3.6121e-05 4.31633e+08 15591 1627968
3.971e-05 4.92667e+08 19563.8 2048960
4.4411e-05 5.57629e+08 24764.9 2578944
4.98e-05 6.24348e+08 31092.5 3246208
5.8961e-05 6.6166e+08 39012.1 4086528
6.6751e-05 7.40324e+08 49417.3 5144000
8.175e-05 7.58679e+08 62022 6475200
9.678e-05 8.03815e+08 77793.3 8150848
0.00012044 8.18741e+08 98609.2 10260800
0.00014644 8.44889e+08 123726 12917376
0.000182189 8.51642e+08 155160 16261184
0.000225999 8.70773e+08 196794 20471104
0.000281768 8.76001e+08 246829 25770944
0.000358647 8.62888e+08 309472 32442752
0.000487676 8.0502e+08 392589 40842624
0.000870811 5.65482e+08 492428 51417344
0.00146566 4.21154e+08 617270 64730176
0.00230283 3.39984e+08 782923 81489984
0.00337519 2.9106e+08 982382 102589504
0.00483784 2.54481e+08 1.23114e+06 129151936
0.00673542 2.31795e+08 1.56124e+06 162591680
0.00948078 2.06694e+08 1.95962e+06 204690048
0.0130129 1.88671e+08 2.45516e+06 257689280
0.0175251 1.77618e+08 3.11277e+06 324410688
0.0231331 1.68943e+08 3.90817e+06 408408576
0.0301567 1.62314e+08 4.89484e+06 514155776
0.0389589 1.59247e+08 6.20409e+06 647283264
0.0496672 1.56861e+08 7.79083e+06 814880512
0.0631301 1.54497e+08 9.75343e+06 1025873216
0.0800385 1.54385e+08 1.23567e+07 1291497536
0.101211 1.53314e+08 1.5517e+07 1625898304
0.127904 1.51778e+08 1.9413e+07 2046884480
0.161288 1.52375e+08 2.45763e+07 2576874304
0.203541 1.51569e+08 3.08505e+07 3244091712
0.256416 1.50356e+08 3.85537e+07 4084068928
0.323052 1.50882e+08 4.87428e+07 5141537600
0.406953 1.5019e+08 6.11202e+07 6472811648
0.512801 1.48656e+08 7.62307e+07 8148786624
0.645557 1.48924e+08 9.61392e+07 10258713664
0.813309 1.47857e+08 1.20253e+08 12914954368
1.02438 1.45881e+08 1.49437e+08 16258963712
