# filename: ./acpphint-7950X3D-196608MiB-threads_32-LP64-FreeBSD_main_n273201_e4ac0183a1a8_64bit-g++_14_O3lto-libstdc++-cpulockdown-DSIZE_ul-ISIZE_ul-using_4_threads-cpus_kx16_kx16p2_16_18_24_26.txt
# acpphint_main version: 0.1.41

1.9471e-05 770376 15 1952
1.8711e-05 1.01545e+06 19 2368
1.8731e-05 1.22791e+06 23 2784
1.7951e-05 1.50409e+06 27 3200
1.7581e-05 1.76327e+06 31 3616
1.8491e-05 2.10913e+06 39 4448
1.7971e-05 2.61532e+06 47 5280
1.8631e-05 3.15603e+06 58.8001 6528
1.8201e-05 3.86428e+06 70.3339 7776
1.872e-05 4.61831e+06 86.4548 9440
1.9011e-05 5.60958e+06 106.644 11520
1.8921e-05 6.89453e+06 130.451 14016
1.818e-05 8.94093e+06 162.546 17344
1.8321e-05 1.10336e+07 202.147 21504
1.8071e-05 1.4111e+07 255 26912
1.929e-05 1.65371e+07 319 33568
1.903e-05 2.08962e+07 397.655 41888
1.9061e-05 2.61263e+07 497.994 52288
1.8711e-05 3.34059e+07 625.057 65600
1.8461e-05 4.2529e+07 785.128 82240
1.8961e-05 5.21354e+07 988.539 103456
1.9991e-05 6.21293e+07 1242.03 130080
2.0851e-05 7.50038e+07 1563.9 163360
2.14e-05 9.18479e+07 1965.55 205376
2.3081e-05 1.06888e+08 2467.07 258208
2.388e-05 1.30411e+08 3114.2 324768
2.532e-05 1.54478e+08 3911.39 408384
2.83e-05 1.736e+08 4912.88 514048
3.0421e-05 2.04058e+08 6207.63 646752
3.376e-05 2.31015e+08 7799.08 813984
3.785e-05 2.58688e+08 9791.33 1024480
4.29e-05 2.88665e+08 12383.7 1289472
5.135e-05 3.02903e+08 15554.1 1623104
5.971e-05 3.2702e+08 19526.4 2043264
7.177e-05 3.44306e+08 24710.8 2572000
8.521e-05 3.6413e+08 31027.5 3237600
0.000103039 3.77911e+08 38939.5 4075424
0.000125449 3.93049e+08 49307.6 5130400
0.000155558 3.97903e+08 61897.1 6458688
0.000190208 4.08341e+08 77669.8 8130592
0.000240298 4.09494e+08 98400.6 10235552
0.000294787 4.18898e+08 123486 12885472
0.000370866 4.17738e+08 154925 16221376
0.000464135 4.22958e+08 196309 20421312
0.000591302 4.16648e+08 246365 25708672
0.00074743 4.13462e+08 309034 32365088
0.000998277 3.9221e+08 391534 40744992
0.00134084 3.66576e+08 491521 51294752
0.00191798 3.21394e+08 616428 64575968
0.00267928 2.91451e+08 780880 81295840
0.00368215 2.66307e+08 980581 102345024
0.00506267 2.42858e+08 1.22951e+06 128844640
0.00694202 2.24326e+08 1.55728e+06 162205344
0.00937326 2.08686e+08 1.95606e+06 204204288
0.0125012 1.96145e+08 2.45204e+06 257077888
0.0165965 1.87094e+08 3.10511e+06 323641632
0.0218507 1.78535e+08 3.90112e+06 407440256
0.0285308 1.71352e+08 4.88881e+06 512936608
0.0369519 1.67494e+08 6.18922e+06 645748768
0.0477766 1.62775e+08 7.77683e+06 812949152
0.0612425 1.59069e+08 9.7418e+06 1023442240
0.0780986 1.57851e+08 1.23279e+07 1288437152
0.0994771 1.55707e+08 1.54893e+07 1622045856
0.125841 1.54088e+08 1.93906e+07 2042034464
0.159224 1.54001e+08 2.45206e+07 2570768800
0.201096 1.53139e+08 3.07956e+07 3236405824
0.254392 1.51383e+08 3.85106e+07 4074393312
0.320455 1.51771e+08 4.86359e+07 5129356832
0.403989 1.51025e+08 6.10123e+07 6457477184
0.509289 1.4952e+08 7.61488e+07 8129481856
0.641191 1.49621e+08 9.59359e+07 10234411072
0.808303 1.48514e+08 1.20044e+08 12884359776
1.01699 1.4679e+08 1.49284e+08 16220447648
