# filename: ./acpphint-7950X3D-98304MiB-threads_32-LP64-FreeBSD_main_n266130_d521abdff236_64bit-g++_13_O3lto-libc++-DSIZE_ul-ISIZE_ul-using_8_threads-cpus_kx2s_0_6_16_22.txt
# acpphint_main version: 0.1.36

7.7059e-05 402289 31 3904
7.497e-05 520208 39 4736
7.074e-05 664405 47 5568
7.7969e-05 705409 55 6400
7.664e-05 822025 63 7232
7.999e-05 987623 79 8896
7.152e-05 1.3283e+06 95 10560
6.983e-05 1.69746e+06 118.533 13056
7.563e-05 1.87022e+06 141.445 15552
7.188e-05 2.41691e+06 173.727 18880
7.814e-05 2.74078e+06 214.164 23040
7.776e-05 3.36589e+06 261.732 28032
7.67e-05 4.24966e+06 325.949 34688
7.411e-05 5.46504e+06 405.014 43008
7.308e-05 6.99234e+06 511 53824
7.929e-05 8.05902e+06 639 67136
7.88e-05 1.00999e+07 795.875 83776
7.76e-05 1.28433e+07 996.639 104576
8.504e-05 1.47038e+07 1250.41 131200
8.523e-05 1.84285e+07 1570.66 164480
8.229e-05 2.40276e+07 1977.23 206912
8.451e-05 2.93842e+07 2483.26 260160
9.207e-05 3.39722e+07 3127.82 326720
8.587e-05 4.57695e+07 3930.23 410752
8.754e-05 5.6327e+07 4930.87 516416
9.118e-05 6.83032e+07 6227.89 649536
9.0249e-05 8.66471e+07 7819.82 816768
9.0789e-05 1.08134e+08 9817.41 1028096
8.668e-05 1.43216e+08 12413.9 1293504
8.554e-05 1.82266e+08 15591 1627968
9.188e-05 2.12928e+08 19563.8 2048960
9.125e-05 2.71396e+08 24764.9 2578944
9.94e-05 3.12802e+08 31092.5 3246208
0.00010683 3.6518e+08 39012.1 4086528
0.000115559 4.27637e+08 49417.3 5144000
0.000131139 4.72948e+08 62022 6475200
0.000164219 4.73717e+08 77793.3 8150848
0.000176859 5.57558e+08 98609.2 10260800
0.000213118 5.8055e+08 123726 12917376
0.000256858 6.04068e+08 155160 16261184
0.000920758 2.1373e+08 196794 20471104
0.000369206 6.6854e+08 246829 25770944
0.00145316 2.12965e+08 309472 32442752
0.00183391 2.14071e+08 392589 40842624
0.00230854 2.13307e+08 492428 51417344
0.00292481 2.11046e+08 617270 64730176
0.00365117 2.14431e+08 782923 81489984
0.00461961 2.12655e+08 982382 102589504
0.00598962 2.05545e+08 1.23114e+06 129151936
0.00754779 2.06847e+08 1.56124e+06 162591680
0.00481413 4.07056e+08 1.95962e+06 204690048
0.00795823 3.08506e+08 2.45516e+06 257689280
0.0125807 2.47424e+08 3.11277e+06 324410688
0.0161393 2.42152e+08 3.90817e+06 408408576
0.0204271 2.39625e+08 4.89484e+06 514155776
0.0289801 2.14081e+08 6.20409e+06 647283264
0.039177 1.98862e+08 7.79083e+06 814880512
0.047834 2.03901e+08 9.75343e+06 1025873216
0.061785 1.99995e+08 1.23567e+07 1291497536
0.0842749 1.84124e+08 1.5517e+07 1625898304
0.108329 1.79205e+08 1.9413e+07 2046884480
0.138781 1.77087e+08 2.45763e+07 2576874304
0.176809 1.74485e+08 3.08505e+07 3244091712
0.226049 1.70555e+08 3.85537e+07 4084068928
0.287847 1.69336e+08 4.87428e+07 5141537600
0.364549 1.6766e+08 6.11202e+07 6472811648
0.462148 1.64949e+08 7.62307e+07 8148786624
0.584726 1.64417e+08 9.61392e+07 10258713664
0.739766 1.62556e+08 1.20253e+08 12914954368
0.93348 1.60086e+08 1.49437e+08 16258963712
1.17796 1.59249e+08 1.87589e+08 20468822144
