# filename: ./acpphint-7950X3D-196608MiB-threads_32-LP64-FreeBSD_main_n266876_e183039f0882_64bit-g++_13_O3lto-libc++-DSIZE_ull-ISIZE_ull-using_16_threads-cpus_kx2s_0_30.txt
# acpphint_main version: 0.1.36

0.000112199 561502 63 7808
0.000104968 752610 79 9472
0.000106909 888606 95 11136
9.9449e-05 1.11615e+06 111 12800
0.000105248 1.20667e+06 127 14464
0.000112049 1.41902e+06 159 17792
0.000117799 1.62141e+06 191 21120
0.000113558 2.09585e+06 238 26112
9.8249e-05 2.88722e+06 283.667 31104
0.000117448 2.96534e+06 348.273 37760
0.000109699 3.91257e+06 429.204 46080
0.000103068 5.08688e+06 524.295 56064
0.000117898 5.53662e+06 652.757 69376
0.000105818 7.66174e+06 810.75 86016
0.000115818 8.83282e+06 1023 107648
0.000105658 1.21051e+07 1279 134272
0.000112058 1.42098e+07 1592.32 167552
0.000121138 1.646e+07 1993.93 209152
0.000106559 2.34715e+07 2501.1 262400
0.000109648 2.86528e+07 3141.72 328960
0.000100959 3.91705e+07 3954.61 413824
0.000106798 4.6496e+07 4965.68 520320
0.000120848 5.17647e+07 6255.67 653440
0.000117768 6.67377e+07 7859.57 821504
0.000121558 8.11003e+07 9858.39 1032832
0.000119399 1.04316e+08 12455.3 1299072
0.000127779 1.22373e+08 15636.6 1633536
0.000158827 1.2357e+08 19626.3 2056192
0.000163348 1.51985e+08 24826.5 2587008
0.000174757 1.78389e+08 31174.8 3255936
0.000188187 2.07817e+08 39108.4 4097920
0.000171467 2.88843e+08 49527 5157888
0.000162548 3.82465e+08 62169 6492416
0.000169278 4.60678e+08 77982.7 8173056
0.000183548 5.3844e+08 98829.6 10288000
0.000193977 6.393e+08 124010 12950400
0.000224416 6.92899e+08 155498 16301696
0.000250296 7.87903e+08 197209 20521600
0.000263097 9.40251e+08 247377 25834752
0.000329125 9.42285e+08 310129 32522368
0.000946157 4.15964e+08 393567 40942208
0.000449964 1.09674e+09 493494 51541888
0.00154027 4.01573e+08 618531 64885504
0.00201647 3.8934e+08 785093 81685248
0.00265726 3.70483e+08 984470 102834688
0.00390635 3.15794e+08 1.2336e+06 129460352
0.00522192 2.99792e+08 1.56549e+06 162979968
0.00685494 2.86475e+08 1.96377e+06 205179008
0.00963163 2.5541e+08 2.46001e+06 258303872
0.0126943 2.45866e+08 3.1211e+06 325183360
0.0173109 2.26236e+08 3.91636e+06 409380096
0.0228181 2.14933e+08 4.90434e+06 515378560
0.0306489 2.02956e+08 6.22038e+06 648821376
0.0405153 1.92694e+08 7.80707e+06 816817152
0.0537794 1.81707e+08 9.77207e+06 1028311552
0.0702647 1.76314e+08 1.23886e+07 1294566528
0.091884 1.69226e+08 1.55492e+07 1629761024
0.119165 1.63216e+08 1.94495e+07 2051746432
0.152815 1.61231e+08 2.46386e+07 2582995072
0.196593 1.57249e+08 3.09139e+07 3251796608
0.250401 1.54252e+08 3.86249e+07 4093768960
0.317023 1.54134e+08 4.88639e+07 5153748608
0.400754 1.52823e+08 6.12444e+07 6488183424
0.506386 1.50811e+08 7.63686e+07 8168137856
0.639573 1.50681e+08 9.63719e+07 10283075200
0.807776 1.49167e+08 1.20494e+08 12945623296
1.01867 1.46956e+08 1.497e+08 16297573248
