# filename: ./acpphint-RPi4B-4096MiB-threads_4-LP64-Fedora_33_64bit-g++_10_O3lto-libstdc++-cpulockdown-DSIZE_f-ISIZE_ui-using_4_threads-cpus_0_1_2_3.txt
# acpphint_main version: 0.1.23

0.0001792 83705.3 15 1120
0.000180033 105519 18.9969 1328
0.000180089 127715 23 1536
0.000183886 146798 26.994 1744
0.000185201 167344 30.9922 1952
0.000185219 210463 38.9817 2368
0.000181459 258867 46.9737 2784
0.000185682 316377 58.7456 3408
0.000185404 378832 70.2371 4032
0.000181774 474896 86.3238 4864
0.000182071 584880 106.49 5904
0.000185182 702943 130.172 7152
0.000186071 871182 162.102 8816
0.000183182 1.1001e+06 201.519 10896
0.000183219 1.38634e+06 254.004 13600
0.000180849 1.75553e+06 317.486 16928
0.000185034 2.13607e+06 395.245 21088
0.000181793 2.71472e+06 493.517 26288
0.000183423 3.3645e+06 617.127 32944
0.000192607 4.00346e+06 771.094 41264
0.000187497 5.14934e+06 965.485 51872
