# filename: ./acpphint-RPi4B-4096MiB-threads_4-LP64-Fedora_33_64bit-g++_10_O3lto-libstdc++-DSIZE_d-ISIZE_ull-using_1_threads.txt
# acpphint_main version: 0.1.23

9.26111e-08 1.07978e+07 1 280
1.48958e-07 1.34266e+07 2 384
1.98556e-07 1.51091e+07 3 488
2.48714e-07 1.60827e+07 4 592
3.00917e-07 1.66159e+07 5 696
3.519e-07 1.70503e+07 6 800
3.98125e-07 1.75824e+07 7 904
5.09333e-07 1.76702e+07 9 1112
6.11167e-07 1.79984e+07 11 1320
7.595e-07 1.84332e+07 14 1632
9.1225e-07 1.86352e+07 17 1944
1.1115e-06 1.88934e+07 21 2360
1.3615e-06 1.90966e+07 26 2880
1.6575e-06 1.93062e+07 32 3504
2.093e-06 1.91113e+07 40 4336
2.575e-06 1.94175e+07 50 5376
3.223e-06 1.9547e+07 63 6728
4.075e-06 1.93865e+07 79 8392
5.037e-06 1.96546e+07 99 10472
6.278e-06 1.97515e+07 124 13072
7.889e-06 1.97744e+07 156 16400
9.908e-06 1.9782e+07 196 20560
1.2908e-05 1.91354e+07 247 25864
1.6167e-05 1.92367e+07 311 32520
2.0704e-05 1.88852e+07 391 40840
2.5963e-05 1.895e+07 492 51344
3.25e-05 1.90461e+07 619 64552
4.2777e-05 1.82107e+07 778.999 81192
5.4315e-05 1.80429e+07 979.999 102096
6.8203e-05 1.8093e+07 1234 128512
8.6221e-05 1.80118e+07 1553 161688
0.000108702 1.79849e+07 1955 203496
0.000135609 1.81477e+07 2460.99 256120
0.000175145 1.76882e+07 3097.99 322368
0.000217366 1.7942e+07 3899.99 405776
0.000274346 1.7897e+07 4909.98 510816
0.000347548 1.77845e+07 6180.96 643000
0.000444343 1.75111e+07 7780.94 809400
0.000572747 1.71016e+07 9794.91 1018856
0.000928407 1.32817e+07 12330.9 1282600
0.00154767 1.00304e+07 15523.8 1614672
0.00224879 8.6903e+06 19542.6 2032648
0.0031891 7.71453e+06 24602.4 2558888
0.00380313 8.14384e+06 30972 3221368
0.00472979 8.24359e+06 38990.5 4055344
0.00599062 8.19375e+06 49085.6 5105328
0.00745821 8.28538e+06 61794.2 6427168
0.00970148 8.01866e+06 77792.9 8091272
0.0123767 7.91273e+06 97933.4 10186248
0.0155201 7.94374e+06 123288 12823688
0.0197996 7.83878e+06 155205 16143992
0.0250655 7.79489e+06 195383 20323960
0.0317035 7.75812e+06 245959 25586256
0.0392251 7.89355e+06 309625 32211160
0.0497669 7.83177e+06 389763 40551336
0.0636452 7.70889e+06 490634 51051072
0.0795586 7.76274e+06 617593 64269472
0.101412 7.66555e+06 777381 80910408
0.127951 7.64718e+06 978467 101860064
0.162752 7.56673e+06 1.2315e+06 128234152
0.203295 7.6238e+06 1.54988e+06 161437192
0.257416 7.57686e+06 1.9504e+06 203237288
0.321264 7.63916e+06 2.45418e+06 255860560
0.405983 7.60543e+06 3.08767e+06 322109288
0.517598 7.50397e+06 3.88404e+06 405511464
0.668429 7.30792e+06 4.88483e+06 510508616
0.845997 7.25992e+06 6.14187e+06 642692200
1.06756 7.23135e+06 7.71989e+06 809101456
