# filename: ./acpphint-RPi4B-8192MiB-threads_4-LP64-Fedora_33br_64bit-g++_10_O3lto-libstdc++-cpulockdown-DSIZE_d-ISIZE_ul-using_4_threads-cpus_0_1_2_3.txt
# acpphint_main version: 0.1.23

0.000210961 71103.2 15 1952
0.000209035 90893.9 19 2368
0.00021509 106932 23 2784
0.00021996 122750 27 3200
0.000215795 143655 31 3616
0.000219201 177919 39 4448
0.000219813 213818 47 5280
0.000217702 270094 58.8001 6528
0.000217998 322635 70.3338 7776
0.000221517 390285 86.4548 9440
0.000215479 494915 106.644 11520
0.000217905 598662 130.451 14016
0.000215238 755193 162.546 17344
0.000216794 932439 202.147 21504
0.000217998 1.16974e+06 255 26912
0.000219776 1.45148e+06 319 33568
0.000216275 1.83865e+06 397.655 41888
0.000223887 2.22431e+06 497.994 52288
0.000222942 2.80368e+06 625.057 65600
0.000223664 3.5103e+06 785.127 82240
0.000234516 4.21523e+06 988.538 103456
0.000245276 5.06378e+06 1242.02 130080
0.000263109 5.94393e+06 1563.9 163360
0.000261905 7.5048e+06 1965.54 205376
0.00029183 8.45379e+06 2467.07 258208
0.000319867 9.73592e+06 3114.2 324768
0.000372848 1.04905e+07 3911.38 408384
0.000475106 1.03406e+07 4912.86 514048
0.000620993 9.99626e+06 6207.61 646752
0.000818102 9.53309e+06 7799.04 813984
0.00109249 8.96236e+06 9791.26 1024480
0.00156804 7.89754e+06 12383.6 1289472
0.00206368 7.53697e+06 15553.9 1623104
0.00267506 7.2993e+06 19526.1 2043264
0.00354349 6.97345e+06 24710.4 2572000
0.00459735 6.74883e+06 31026.7 3237600
0.00587569 6.62703e+06 38938.4 4075424
0.00758111 6.50376e+06 49305.7 5130400
0.00971696 6.3697e+06 61894.1 6458688
0.0124227 6.25187e+06 77665.1 8130592
0.0157495 6.24737e+06 98393.2 10235552
0.0200106 6.17044e+06 123474 12885472
0.0253829 6.10279e+06 154906 16221376
0.0321543 6.10431e+06 196280 20421312
0.0403206 6.10899e+06 246318 25708672
0.0512833 6.02459e+06 308961 32365088
0.0646365 6.05566e+06 391417 40744992
0.0814182 6.03472e+06 491336 51294752
0.102708 5.99893e+06 616138 64575968
0.128149 6.08989e+06 780415 81295840
0.161053 6.084e+06 979847 102345024
0.203334 6.04107e+06 1.22836e+06 128844640
0.256282 6.06922e+06 1.55543e+06 162205344
0.322028 6.06515e+06 1.95315e+06 204204288
0.405597 6.03422e+06 2.44746e+06 257077888
0.494054 6.27008e+06 3.09776e+06 323641632
0.571172 6.80972e+06 3.88952e+06 407440256
0.702687 6.93142e+06 4.87062e+06 512936608
0.875402 7.03687e+06 6.16009e+06 645748768
1.10978 6.96609e+06 7.73084e+06 812949152
