# filename: ./acpphint-RPi4B-8192MiB-threads_4-LP64-Fedora_33br_64bit-g++_10_O3lto-libstdc++-cpulockdown-DSIZE_f-ISIZE_ui-using_4_threads.txt
# acpphint_main version: 0.1.23

0.000215516 69600.4 15 1120
0.000215202 88274.9 18.9969 1328
0.000214035 107459 23 1536
0.000214313 125956 26.994 1744
0.000215016 144139 30.9922 1952
0.000217016 179626 38.9817 2368
0.000220813 212731 46.9737 2784
0.000213572 275062 58.7456 3408
0.000212072 331194 70.2371 4032
0.000209127 412782 86.3238 4864
0.000208553 510612 106.49 5904
0.000210091 619600 130.172 7152
0.000208091 778994 162.102 8816
0.000208553 966274 201.519 10896
0.000212665 1.19439e+06 254.004 13600
0.000208665 1.52151e+06 317.486 16928
0.000213461 1.8516e+06 395.245 21088
0.000215775 2.28718e+06 493.517 26288
0.000219683 2.80917e+06 617.127 32944
0.000222535 3.46505e+06 771.094 41264
0.00022685 4.25605e+06 965.485 51872
