# filename: ./acpphint-RPi4B-4096MiB-threads_4-LP64-Fedora_33_64bit-g++_10_O3lto-libstdc++-cpulockdown-DSIZE_d-ISIZE_ui-using_2_threads-cpus_0_2.txt
# acpphint_main version: 0.1.23

0.000112332 62316.4 7.00012 912
0.000108888 82654.6 9.0001 1104
0.000114424 96134.9 11.0001 1296
0.00011248 115576 13 1488
0.00010872 137969 15 1680
0.000114794 165509 18.9994 2064
0.000110184 208732 22.9989 2448
0.000109331 264629 28.9321 3024
0.000108054 321842 34.7763 3600
0.000110868 386196 42.8167 4368
0.000113035 467818 52.8798 5328
0.000112684 575132 64.8082 6480
9.5499e-05 846485 80.8385 8016
0.000109832 916899 100.705 9936
0.000100499 1.26354e+06 126.984 12432
0.000117091 1.35767e+06 158.971 15504
0.00010298 1.92759e+06 198.503 19344
0.000105665 2.35266e+06 248.594 24144
0.000122479 2.54943e+06 312.252 30288
0.000110887 3.53671e+06 392.175 37968
0.000117554 4.20143e+06 493.895 47760
0.000119109 5.21309e+06 620.926 60048
0.000128831 6.06416e+06 781.252 75408
0.000134461 7.30259e+06 981.913 94800
0.00013522 9.11914e+06 1233.09 119184
0.000152312 1.02028e+07 1554 149904
0.000168127 1.16092e+07 1951.83 188496
0.000170293 1.43983e+07 2451.93 237264
0.000208755 1.48063e+07 3090.88 298512
0.000235385 1.64884e+07 3881.11 375696
0.000295347 1.64887e+07 4869.88 472848
0.000380882 1.61162e+07 6138.38 595152
0.000509415 1.51113e+07 7697.93 749136
0.000759355 1.27014e+07 9644.9 943056
0.00103967 1.16748e+07 12137.9 1187088
0.00157245 9.65716e+06 15185.4 1494288
