# filename: ./acpphint-RPi4B-4096MiB-threads_4-LP64-Fedora_33_64bit-g++_10_O3lto-libstdc++-cpulockdown-DSIZE_ul-ISIZE_ul-using_3_threads-cpus_0_1_2.txt
# acpphint_main version: 0.1.23

0.000146146 75267.2 11 1464
0.000144664 96776 14 1776
0.000145053 117199 17 2088
0.000145201 137740 20 2400
0.000143034 160801 23 2712
0.000145479 199341 29 3336
0.000144831 241661 35 3960
0.000146887 298643 43.8667 4896
0.000146053 359843 52.5562 5832
0.000147904 437018 64.6367 7080
0.000147164 542003 79.7633 8640
0.000148423 657796 97.6321 10512
0.000148071 821875 121.696 13008
0.000148294 1.02115e+06 151.431 16128
0.000150275 1.271e+06 191 20184
0.000150904 1.58379e+06 239 25176
0.000152071 1.96027e+06 298.101 31416
0.000150386 2.48249e+06 373.332 39216
0.000156071 3.00322e+06 468.716 49200
0.000153756 3.8291e+06 588.747 61680
0.00015609 4.7496e+06 741.364 77592
0.000157182 5.92759e+06 931.71 97560
0.000165793 7.07465e+06 1172.93 122520
0.000163089 9.0403e+06 1474.37 154032
0.000173904 1.06444e+07 1851.11 193656
0.000185219 1.2611e+07 2335.79 243576
0.000199515 1.4707e+07 2934.27 306288
0.000232514 1.58558e+07 3686.7 385536
0.000281143 1.65612e+07 4656.07 485064
0.000385196 1.51899e+07 5851.08 610488
0.000485101 1.51476e+07 7348.13 768360
0.000675968 1.3741e+07 9288.46 967104
0.000970684 1.20219e+07 11669.4 1217328
0.00134701 1.08795e+07 14654.7 1532448
0.00182144 1.01755e+07 18534.2 1929000
0.00239025 9.73907e+06 23278.8 2428200
0.00345354 8.46254e+06 29225.7 3056568
0.00452116 8.17977e+06 36982.1 3847800
0.00533096 8.7113e+06 46439.6 4844016
0.00747943 7.79421e+06 58296.3 6097944
0.00879672 8.38967e+06 73801.6 7676664
0.0118569 7.81391e+06 92648.8 9664104
0.0141284 8.23055e+06 116285 12166032
0.0182021 8.08899e+06 147237 15315984
0.0237297 7.78956e+06 184844 19281504
0.0288148 8.05022e+06 231965 24273816
0.036369 8.07488e+06 293675 30558744
0.0458743 8.0391e+06 368788 38471064
0.0598075 7.73681e+06 462719 48431976
0.0752628 7.78266e+06 585745 60971880
0.0941769 7.81244e+06 735751 76758768
0.116483 7.92374e+06 922980 96633480
0.145707 8.01763e+06 1.16823e+06 121654008
0.183528 7.99749e+06 1.46776e+06 153153216
0.231271 7.95986e+06 1.84089e+06 192808416
0.290427 8.02147e+06 2.32966e+06 242731224
0.366038 7.99803e+06 2.92759e+06 305580192
0.462713 7.93343e+06 3.6709e+06 384702456
0.583581 7.9587e+06 4.64455e+06 484311576
0.737505 7.91508e+06 5.83741e+06 609711864
0.929662 7.8707e+06 7.31709e+06 767581680
1.16996 7.91033e+06 9.2548e+06 966327864
