# filename: ./acpphint-RPi4B-4096MiB-threads_4-LP64-Fedora_33_64bit-g++_10_O3lto-libstdc++-cpulockdown-DSIZE_d-ISIZE_ui-using_2_threads-cpus_2_3.txt
# acpphint_main version: 0.1.23

9.5129e-05 73585.6 7.00012 912
0.000107961 83364.3 9.0001 1104
0.000113776 96682.4 11.0001 1296
0.000109868 118324 13 1488
9.5331e-05 157347 15 1680
9.3683e-05 202806 18.9994 2064
0.000110684 207789 22.9989 2448
0.000108776 265979 28.9321 3024
9.9961e-05 347899 34.7763 3600
0.000111498 384013 42.8167 4368
0.000117184 451254 52.8798 5328
0.000109813 590169 64.8082 6480
0.000112128 720948 80.8385 8016
0.000106998 941184 100.705 9936
0.000103573 1.22604e+06 126.984 12432
0.000110924 1.43315e+06 158.971 15504
0.00010185 1.94897e+06 198.503 19344
0.00010648 2.33466e+06 248.594 24144
0.000112591 2.77333e+06 312.252 30288
0.000106517 3.68181e+06 392.175 37968
0.000112109 4.40549e+06 493.895 47760
0.00012485 4.97338e+06 620.926 60048
0.000122406 6.38247e+06 781.252 75408
0.00013122 7.48296e+06 981.913 94800
0.000137997 8.93563e+06 1233.09 119184
0.000152461 1.01928e+07 1554 149904
0.000156978 1.24338e+07 1951.83 188496
0.000183978 1.33273e+07 2451.93 237264
0.000195256 1.58299e+07 3090.88 298512
0.000208996 1.85703e+07 3881.11 375696
0.000294069 1.65603e+07 4869.88 472848
0.000357919 1.71502e+07 6138.38 595152
0.000483638 1.59167e+07 7697.93 749136
0.000699541 1.37875e+07 9644.9 943056
0.00105657 1.1488e+07 12137.9 1187088
0.00145538 1.0434e+07 15185.4 1494288
