# filename: ./acpphint-RPi4B-4096MiB-threads_4-LP64-Fedora_33_64bit-g++_10_O3lto-libstdc++-DSIZE_f-ISIZE_ui-using_2_threads-cpus_2_3.txt
# acpphint_main version: 0.1.23

0.000106165 65953.5 7.00195 560
0.000105517 85308.8 9.00153 664
0.000106702 103091 11 768
0.000107388 121056 13 872
0.000104572 143442 15 976
0.000106146 178970 18.997 1184
0.000105961 217061 23 1392
0.000104332 277255 28.9266 1704
0.000105869 328367 34.7639 2016
0.000107276 398939 42.7966 2432
0.00010785 489821 52.8272 2952
0.000108276 597914 64.7398 3576
0.00010785 748320 80.7064 4408
0.000107998 930918 100.537 5448
0.000109461 1.15795e+06 126.75 6800
0.000104794 1.51286e+06 158.538 8464
0.000110017 1.79955e+06 197.981 10544
0.000111813 2.21546e+06 247.717 13144
0.000111331 2.7927e+06 310.914 16472
0.000114035 3.41956e+06 389.95 20632
0.000116683 4.19738e+06 489.763 25936
0.000120628 5.08705e+06 613.64 32592
0.000128831 5.96018e+06 767.856 40912
0.00012809 7.49842e+06 960.473 51416
