# filename: ./acpphint-RPi4B-4096MiB-threads_4-LP64-Fedora_33_64bit-g++_10_O3lto-libstdc++-cpulockdown-DSIZE_d-ISIZE_ui-using_2_threads-cpus_1_3.txt
# acpphint_main version: 0.1.23

9.6851e-05 72277.2 7.00012 912
0.000107795 83492.7 9.0001 1104
9.4776e-05 116065 11.0001 1296
0.000109887 118303 13 1488
0.000101017 148490 15 1680
0.00011309 168003 18.9994 2064
9.4073e-05 244479 22.9989 2448
9.6314e-05 300394 28.9321 3024
9.6184e-05 361560 34.7763 3600
9.8961e-05 432663 42.8167 4368
0.000112776 468892 52.8798 5328
0.000113683 570078 64.8082 6480
0.00011209 721193 80.8385 8016
0.000116035 867883 100.705 9936
9.7554e-05 1.30168e+06 126.984 12432
0.000100499 1.58182e+06 158.971 15504
9.9332e-05 1.99838e+06 198.503 19344
0.000102924 2.41532e+06 248.594 24144
0.000104054 3.00087e+06 312.252 30288
0.000107535 3.64695e+06 392.175 37968
0.00011035 4.47572e+06 493.895 47760
0.000126091 4.92443e+06 620.926 60048
0.000132257 5.90708e+06 781.252 75408
0.000126035 7.7908e+06 981.913 94800
0.000134423 9.17321e+06 1233.09 119184
0.000147127 1.05623e+07 1554 149904
0.00016783 1.16298e+07 1951.83 188496
0.000166201 1.47528e+07 2451.93 237264
0.000189293 1.63286e+07 3090.88 298512
0.00024418 1.58945e+07 3881.11 375696
0.000287569 1.69346e+07 4869.88 472848
0.000357141 1.71875e+07 6138.38 595152
0.000481361 1.5992e+07 7697.93 749136
0.000711115 1.35631e+07 9644.9 943056
0.00105598 1.14945e+07 12137.9 1187088
0.00145954 1.04042e+07 15185.4 1494288
