# filename: ./acpphint-RPi4B-8192MiB-threads_4-LP64-Fedora_33br_64bit-g++_10_O3lto-libstdc++-DSIZE_ull-ISIZE_ull-using_2_threads-cpus_0_2.txt
# acpphint_main version: 0.1.23

0.000128388 54522.2 7 976
0.000128332 70130.6 9 1184
0.000126591 86894 11 1392
0.000127684 101814 13 1600
0.000127666 117494 15 1808
0.000130259 145863 19 2224
0.00012574 182917 23 2640
0.000126925 227957 28.9334 3264
0.000129832 267873 34.7785 3888
0.00012711 336862 42.8186 4720
0.000130851 404143 52.8825 5760
0.000131647 492331 64.8139 7008
0.00012987 622518 80.8465 8672
0.000129851 775617 100.715 10752
0.000126388 1.00484e+06 127 13456
0.000130054 1.22257e+06 159 16784
0.000130221 1.5247e+06 198.548 20944
0.000134036 1.85524e+06 248.668 26144
0.000139388 2.241e+06 312.369 32800
0.000137481 2.85398e+06 392.369 41120
0.000142629 3.46484e+06 494.187 51728
0.000151036 4.11413e+06 621.382 65040
0.000156573 4.99419e+06 781.955 81680
0.000172202 5.70955e+06 983.196 102688
0.000177758 6.94828e+06 1235.11 129104
0.000180739 8.61673e+06 1557.38 162384
0.000165851 1.18007e+07 1957.15 204192
0.000182535 1.34795e+07 2460.47 257024
0.000204943 1.51482e+07 3104.51 323376
0.000236071 1.65335e+07 3903.07 406992
0.000289423 1.69469e+07 4904.82 512240
0.000393051 1.57567e+07 6193.19 644736
0.000770287 1.01063e+07 7784.78 811552
0.0011221 8.71839e+06 9782.87 1021632
0.00153228 8.06482e+06 12357.5 1286000
0.00206253 7.52958e+06 15530 1618800
0.00279382 6.98377e+06 19511.4 2037712
0.0037046 6.65564e+06 24656.5 2565200
0.00477731 6.48524e+06 30982 3229344
0.00615189 6.32679e+06 38921.7 4065296
0.00808895 6.08266e+06 49202.3 5117776
0.00998345 6.19138e+06 61811.3 6442736
0.0128826 6.02694e+06 77642.6 8110688
0.0164542 5.96583e+06 98162.9 10210656
0.0206593 5.96931e+06 123322 12854336
0.027203 5.69388e+06 154891 16182544
0.0336684 5.81588e+06 195811 20372496
0.0427107 5.7608e+06 246048 25647376
0.0540182 5.72015e+06 308992 32287984
0.0682006 5.72709e+06 390591 40647920
0.0857452 5.72502e+06 490894 51172512
0.108102 5.70194e+06 616392 64422320
0.133767 5.82427e+06 779097 81102672
0.171244 5.719e+06 979346 102102144
0.215414 5.70777e+06 1.22953e+06 128538944
0.273235 5.68708e+06 1.55391e+06 161820816
0.341641 5.71833e+06 1.95361e+06 203720128
0.43346 5.65737e+06 2.45225e+06 256468304
0.528552 5.8627e+06 3.09874e+06 322874384
0.621526 6.26882e+06 3.89624e+06 406474576
0.714193 6.84625e+06 4.88954e+06 511721120
0.89646 6.89068e+06 6.17721e+06 644218576
1.1457 6.77939e+06 7.76712e+06 811022928
