# filename: ./acpphint-RPi4B-4096MiB-threads_4-LP64-Fedora_33_64bit-g++_10_O3lto-libstdc++-DSIZE_us-ISIZE_us-using_2_threads-cpus_1_3.txt
# acpphint_main version: 0.1.23

0.000106943 63742.3 6.81679 352
0.000106794 81308.1 8.68322 404
0.000106924 98556.2 10.538 456
0.000107517 115197 12.3856 508
0.000106109 133545 14.1704 560
0.000108776 162357 17.6606 664
0.000106332 198255 21.0809 768
0.000107091 243123 26.0363 924
0.000106998 285691 30.5684 1080
0.000106721 342744 36.578 1288
0.00010772 407424 43.8877 1548
