# filename: ./acpphint-RPi4B-8192MiB-threads_4-LP64-Fedora_33br_64bit-g++_10_O3lto-libstdc++-cpulockdown-DSIZE_ull-ISIZE_ull-using_1_threads.txt
# acpphint_main version: 0.1.23

9.26087e-08 1.07981e+07 1 280
1.35867e-07 1.47203e+07 2 384
1.70909e-07 1.75532e+07 3 488
2.12e-07 1.88679e+07 4 592
2.59286e-07 1.92837e+07 5 696
2.9175e-07 2.05656e+07 6 800
3.39e-07 2.0649e+07 7 904
4.2375e-07 2.12389e+07 9 1112
5.03167e-07 2.18615e+07 11 1320
6.26667e-07 2.23404e+07 14 1632
7.3625e-07 2.309e+07 17 1944
9.03e-07 2.32558e+07 21 2360
1.1115e-06 2.33918e+07 26 2880
1.343e-06 2.38273e+07 32 3504
1.676e-06 2.38663e+07 40 4336
2.075e-06 2.40964e+07 50 5376
2.611e-06 2.41287e+07 63 6728
3.242e-06 2.43677e+07 79 8392
4.056e-06 2.44083e+07 99 10472
5.093e-06 2.43471e+07 124 13072
6.389e-06 2.4417e+07 156 16400
8.001e-06 2.44969e+07 196 20560
1.0074e-05 2.45186e+07 247 25864
1.2685e-05 2.45171e+07 311 32520
1.6186e-05 2.41567e+07 391 40840
2.0445e-05 2.40646e+07 492 51344
2.6778e-05 2.3116e+07 619 64552
3.376e-05 2.30746e+07 779 81192
4.25e-05 2.30588e+07 980 102096
5.4444e-05 2.26655e+07 1234 128512
6.8685e-05 2.26105e+07 1553 161688
8.6537e-05 2.25915e+07 1955 203496
0.000111092 2.21528e+07 2461 256120
0.000139036 2.2282e+07 3098 322368
0.000177017 2.20318e+07 3900 405776
0.000227608 2.15722e+07 4909.99 510816
0.000295867 2.08911e+07 6180.99 643000
0.000392625 1.98179e+07 7780.99 809400
0.000555697 1.76265e+07 9794.98 1018856
0.00109708 1.12398e+07 12331 1282600
0.00185075 8.3879e+06 15523.9 1614672
0.00272785 7.16421e+06 19542.9 2032648
0.00383454 6.41611e+06 24602.9 2558888
0.0049487 6.25877e+06 30972.8 3221368
0.00662234 5.88789e+06 38991.6 4055344
0.00855198 5.73989e+06 49087.4 5105328
0.0107385 5.75472e+06 61797.1 6427168
0.0142313 5.46667e+06 77797.6 8091272
0.0175842 5.56983e+06 97940.8 10186248
0.0222852 5.53279e+06 123299 12823688
0.0283232 5.48043e+06 155223 16143992
0.0358769 5.44674e+06 195412 20323960
0.045428 5.41529e+06 246006 25586256
0.0537807 5.75854e+06 309699 32211160
0.0675828 5.76892e+06 389880 40551336
0.0884864 5.54682e+06 490818 51051072
0.11137 5.54805e+06 617885 64269472
0.141185 5.50937e+06 777842 80910408
0.177164 5.52707e+06 979199 101860064
0.224177 5.49862e+06 1.23267e+06 128234152
0.282141 5.4998e+06 1.55172e+06 161437192
0.354261 5.51378e+06 1.95331e+06 203237288
0.446407 5.50795e+06 2.45879e+06 255860560
0.538676 5.74552e+06 3.09497e+06 322109288
0.654419 5.95277e+06 3.89561e+06 405511464
0.780998 6.27803e+06 4.90313e+06 510508616
0.976554 6.31901e+06 6.17085e+06 642692200
1.22029 6.36385e+06 7.76575e+06 809101456
