# filename: ./acpphint-RPi4B-4096MiB-threads_4-LP64-Fedora_33_64bit-g++_10_O3lto-libstdc++-cpulockdown-DSIZE_ui-ISIZE_ui-using_2_threads-cpus_0_1.txt
# acpphint_main version: 0.1.23

0.000115609 60542.6 6.99927 560
0.000121831 73862.3 8.99872 664
9.8295e-05 111889 10.9981 768
0.000111091 116998 12.9974 872
0.000105054 142751 14.9966 976
0.000111109 170953 18.9944 1184
0.000112017 205253 22.9919 1392
0.000111258 259944 28.9208 1704
0.000109146 318471 34.7598 2016
0.000111091 385185 42.7906 2432
9.9646e-05 530271 52.8394 2952
0.000109276 592529 64.7492 3576
0.000113369 712240 80.746 4408
0.000110257 912046 100.559 5448
9.9054e-05 1.27965e+06 126.754 6800
0.000100851 1.57276e+06 158.614 8464
9.9591e-05 1.9876e+06 197.947 10544
0.000120887 2.04928e+06 247.732 13144
0.000121721 2.5541e+06 310.888 16472
0.000119239 3.27101e+06 390.032 20632
0.000109517 4.47872e+06 490.496 25936
0.000113351 5.43042e+06 615.543 32592
0.000111202 6.9489e+06 772.732 40912
0.000124517 7.77953e+06 968.683 51416
0.000123443 9.82038e+06 1212.26 64624
0.000125516 1.21198e+07 1521.23 81264
0.00013759 1.38124e+07 1900.45 102168
0.000155553 1.52453e+07 2371.45 128584
0.000163775 1.80987e+07 2964.12 161760
0.000179867 2.04805e+07 3683.77 203568
0.0001962 2.32584e+07 4563.3 256192
0.000265903 2.12803e+07 5658.49 322440
0.000283384 2.45551e+07 6958.52 405848
0.00032779 2.59686e+07 8512.25 510888
0.000414066 2.51098e+07 10397.1 643072
0.000575674 2.18095e+07 12555.2 809472
