# filename: ./acpphint-RPi4B-8192MiB-threads_4-LP64-Fedora_33br_64bit-g++_10_O3lto-libstdc++-cpulockdown-DSIZE_ui-ISIZE_ui-using_2_threads-cpus_1_3.txt
# acpphint_main version: 0.1.23

0.000132313 52899.3 6.99927 560
0.000123684 72755.8 8.99872 664
0.000121129 90796.8 10.9981 768
0.000107907 120450 12.9974 872
0.000116351 128891 14.9966 976
0.000136054 139609 18.9944 1184
0.000130536 176134 22.9919 1392
0.000126462 228692 28.9208 1704
0.000130962 265419 34.7598 2016
0.000125277 341568 42.7906 2432
0.000133277 396463 52.8394 2952
0.000120666 536598 64.7492 3576
0.000110314 731965 80.746 4408
0.000112962 890206 100.559 5448
0.000132592 955973 126.754 6800
0.000132629 1.19592e+06 158.614 8464
0.000129777 1.52529e+06 197.947 10544
0.00013335 1.85776e+06 247.732 13144
0.000132018 2.35489e+06 310.888 16472
0.000131813 2.95898e+06 390.032 20632
0.000134203 3.65488e+06 490.496 25936
0.000137239 4.48519e+06 615.543 32592
0.000126536 6.10681e+06 772.732 40912
0.00014361 6.74523e+06 968.683 51416
0.000137259 8.83189e+06 1212.26 64624
0.000143554 1.05969e+07 1521.23 81264
0.000157295 1.20821e+07 1900.45 102168
0.000172091 1.37802e+07 2371.45 128584
0.000186425 1.58998e+07 2964.12 161760
0.000200443 1.83781e+07 3683.77 203568
0.000232572 1.9621e+07 4563.3 256192
0.000254497 2.2234e+07 5658.49 322440
0.000318608 2.18404e+07 6958.52 405848
0.000390459 2.18006e+07 8512.25 510888
0.000533772 1.94786e+07 10397.1 643072
0.000742658 1.69057e+07 12555.2 809472
