# filename: ./acpphint-RPi4B-8192MiB-threads_4-LP64-Fedora_33br_64bit-g++_10_O3lto-libstdc++-DSIZE_ull-ISIZE_ull-using_4_threads-cpus_0_1_2_3.txt
# acpphint_main version: 0.1.23

0.00023472 63905.9 15 1952
0.00022898 82976.7 19 2368
0.00023322 98619.3 23 2784
0.000227184 118846 27 3200
0.000225906 137225 31 3616
0.000229164 170184 39 4448
0.000226794 207237 47 5280
0.000223776 262763 58.8001 6528
0.000231664 303603 70.3339 7776
0.000234053 369381 86.4548 9440
0.000237536 448958 106.644 11520
0.000241517 540133 130.451 14016
0.000231739 701419 162.546 17344
0.000231702 872445 202.147 21504
0.000233128 1.09382e+06 255 26912
0.00023959 1.33144e+06 319 33568
0.000286312 1.38889e+06 397.655 41888
0.000238461 2.08837e+06 497.994 52288
0.000244979 2.55147e+06 625.057 65600
0.000251109 3.12664e+06 785.128 82240
0.00025622 3.85816e+06 988.539 103456
0.000265906 4.67092e+06 1242.03 130080
0.000264517 5.9123e+06 1563.9 163360
0.000278609 7.05485e+06 1965.55 205376
0.00029922 8.24502e+06 2467.07 258208
0.000334497 9.31011e+06 3114.2 324768
0.000370626 1.05535e+07 3911.39 408384
0.00046394 1.05895e+07 4912.88 514048
0.000611939 1.01442e+07 6207.63 646752
0.000858325 9.0864e+06 7799.08 813984
0.00118977 8.22963e+06 9791.33 1024480
0.00154956 7.99179e+06 12383.7 1289472
0.00203139 7.65688e+06 15554.1 1623104
0.00268405 7.27497e+06 19526.4 2043264
0.00353746 6.98547e+06 24710.8 2572000
0.00445931 6.95792e+06 31027.5 3237600
0.00569557 6.83681e+06 38939.5 4075424
0.00732248 6.73373e+06 49307.6 5130400
0.00949036 6.52209e+06 61897.1 6458688
0.0120732 6.43326e+06 77669.8 8130592
0.0153266 6.42026e+06 98400.6 10235552
0.01953 6.32286e+06 123486 12885472
0.02484 6.23691e+06 154925 16221376
0.0315607 6.22007e+06 196309 20421312
0.0394293 6.24827e+06 246365 25708672
0.0505019 6.11925e+06 309034 32365088
0.0633765 6.1779e+06 391534 40744992
0.0802305 6.12636e+06 491521 51294752
0.100895 6.10962e+06 616428 64575968
0.127747 6.11271e+06 780880 81295840
0.161485 6.07229e+06 980581 102345024
0.202807 6.06247e+06 1.22951e+06 128844640
0.254887 6.10968e+06 1.55728e+06 162205344
0.32148 6.08455e+06 1.95606e+06 204204288
0.404564 6.06093e+06 2.45204e+06 257077888
0.506527 6.1302e+06 3.10511e+06 323641632
0.591454 6.5958e+06 3.90112e+06 407440256
0.710735 6.87853e+06 4.88881e+06 512936608
0.87348 7.0857e+06 6.18922e+06 645748768
1.10915 7.01153e+06 7.77683e+06 812949152
