# filename: ./acpphint-RPi4B-4096MiB-threads_4-LP64-Fedora_33_64bit-g++_10_O3lto-libstdc++-DSIZE_ul-ISIZE_ul-using_3_threads-cpus_0_1_2.txt
# acpphint_main version: 0.1.23

0.000146812 74925.8 11 1464
0.000147034 95216.1 14 1776
0.000144849 117364 17 2088
0.000146924 136125 20 2400
0.000149664 153678 23 2712
0.000147849 196146 29 3336
0.00014722 237739 35 3960
0.000148905 294595 43.8667 4896
0.00015122 347548 52.5562 5832
0.000148738 434567 64.6367 7080
0.000150387 530387 79.7633 8640
0.000148887 655746 97.6321 10512
0.000150238 810021 121.696 13008
0.000151812 997489 151.431 16128
0.000153664 1.24297e+06 191 20184
0.000153256 1.55948e+06 239 25176
0.00015683 1.90079e+06 298.101 31416
0.000157886 2.36457e+06 373.332 39216
0.000156887 2.9876e+06 468.716 49200
0.000162738 3.61776e+06 588.747 61680
0.000163312 4.53956e+06 741.364 77592
0.000168626 5.52531e+06 931.71 97560
0.0001697 6.91177e+06 1172.93 122520
0.000177978 8.28402e+06 1474.37 154032
0.000183422 1.00921e+07 1851.11 193656
0.000185923 1.25632e+07 2335.79 243576
0.000216774 1.35361e+07 2934.27 306288
0.000244347 1.5088e+07 3686.7 385536
0.00028168 1.65296e+07 4656.07 485064
0.000359419 1.62793e+07 5851.08 610488
0.000512657 1.43334e+07 7348.13 768360
0.000752096 1.23501e+07 9288.46 967104
0.00110801 1.05319e+07 11669.4 1217328
0.00143375 1.02213e+07 14654.7 1532448
0.00198101 9.35591e+06 18534.2 1929000
0.0026255 8.86641e+06 23278.8 2428200
0.003392 8.61606e+06 29225.7 3056568
0.00439554 8.41355e+06 36982.1 3847800
0.0056756 8.18232e+06 46439.6 4844016
0.00718152 8.11755e+06 58296.3 6097944
0.00894155 8.25378e+06 73801.6 7676664
0.0115016 8.05531e+06 92648.8 9664104
0.0148389 7.83652e+06 116285 12166032
0.0184209 7.99291e+06 147237 15315984
0.0231821 7.97356e+06 184844 19281504
0.0296047 7.83542e+06 231965 24273816
0.0367119 7.99946e+06 293675 30558744
0.0465082 7.92953e+06 368788 38471064
0.0585166 7.90748e+06 462719 48431976
0.0742323 7.8907e+06 585745 60971880
0.0925319 7.95133e+06 735751 76758768
0.116758 7.90507e+06 922980 96633480
0.146769 7.9596e+06 1.16823e+06 121654008
0.184544 7.95346e+06 1.46776e+06 153153216
0.23262 7.9137e+06 1.84089e+06 192808416
0.291566 7.99014e+06 2.32966e+06 242731224
0.368701 7.94028e+06 2.92759e+06 305580192
0.463401 7.92164e+06 3.6709e+06 384702456
0.590935 7.85966e+06 4.64455e+06 484311576
0.744847 7.83706e+06 5.83741e+06 609711864
0.934821 7.82727e+06 7.31709e+06 767581680
1.17602 7.8696e+06 9.2548e+06 966327864
