# filename: ./acpphint-RPi4B-4096MiB-threads_4-LP64-Fedora_33_64bit-g++_10_O3lto-libstdc++-cpulockdown-DSIZE_ul-ISIZE_ul-using_2_threads-cpus_0_3.txt
# acpphint_main version: 0.1.23

0.00011835 59146.6 7 976
0.000117869 76356 9 1184
0.000117609 93530.3 11 1392
0.000115443 112610 13 1600
0.000115554 129809 15 1808
0.000116868 162577 19 2224
0.000117516 195718 23 2640
0.000116238 248915 28.9334 3264
0.000116405 298771 34.7785 3888
0.000117683 363847 42.8186 4720
0.000117887 448587 52.8825 5760
0.000119127 544074 64.8139 7008
0.000117183 689916 80.8465 8672
0.000117276 858784 100.715 10752
0.000119091 1.06641e+06 127 13456
0.000119868 1.32646e+06 159 16784
0.00012085 1.64293e+06 198.548 20944
0.000121368 2.04888e+06 248.668 26144
0.000122979 2.54002e+06 312.369 32800
0.000126757 3.09544e+06 392.369 41120
0.00012846 3.84701e+06 494.187 51728
0.000130424 4.76432e+06 621.382 65040
0.000137905 5.67024e+06 781.955 81680
0.000142331 6.90781e+06 983.196 102688
0.000145979 8.46089e+06 1235.11 129104
0.000151035 1.03114e+07 1557.38 162384
0.000166367 1.17641e+07 1957.15 204192
0.000186607 1.31853e+07 2460.47 257024
0.000196497 1.57993e+07 3104.51 323376
0.000222959 1.75058e+07 3903.07 406992
0.000287402 1.7066e+07 4904.82 512240
0.000374363 1.65433e+07 6193.19 644736
0.00059334 1.31203e+07 7784.78 811552
0.000858872 1.13904e+07 9782.87 1021632
0.00123659 9.99327e+06 12357.5 1286000
0.00172134 9.02206e+06 15530 1618800
0.00224195 8.70284e+06 19511.4 2037712
0.00294544 8.37107e+06 24656.5 2565200
0.00389525 7.95378e+06 30982 3229344
0.00503067 7.73688e+06 38921.7 4065296
0.00638433 7.70673e+06 49202.3 5117776
0.00823801 7.50318e+06 61811.3 6442736
0.0104252 7.44761e+06 77642.6 8110688
0.0131745 7.45096e+06 98162.9 10210656
0.0165434 7.45444e+06 123322 12854336
0.0209064 7.40877e+06 154891 16182544
0.0263832 7.42181e+06 195811 20372496
0.0329589 7.46531e+06 246048 25647376
0.0414874 7.44787e+06 308992 32287984
0.0517472 7.54806e+06 390591 40647920
0.0650367 7.54795e+06 490894 51172512
0.0814513 7.56761e+06 616392 64422320
0.102222 7.62162e+06 779097 81102672
0.128827 7.60204e+06 979346 102102144
0.160075 7.681e+06 1.22953e+06 128538944
0.201675 7.70502e+06 1.55391e+06 161820816
0.252747 7.72952e+06 1.95361e+06 203720128
0.318089 7.7093e+06 2.45225e+06 256468304
0.400156 7.74384e+06 3.09874e+06 322874384
0.502469 7.75418e+06 3.89624e+06 406474576
0.628232 7.78302e+06 4.88954e+06 511721120
0.798532 7.73571e+06 6.17721e+06 644218576
1.02626 7.56838e+06 7.76712e+06 811022928
