# filename: ./acpphint-RPi4B-4096MiB-threads_4-LP64-Fedora_33_64bit-g++_10_O3lto-libstdc++-cpulockdown-DSIZE_ull-ISIZE_ull-using_4_threads.txt
# acpphint_main version: 0.1.23

0.000178497 84035 15 1952
0.000179996 105558 19 2368
0.00017996 127806 23 2784
0.000178589 151185 27 3200
0.000178941 173241 31 3616
0.000179423 217363 39 4448
0.000181423 259063 47 5280
0.000177608 331066 58.8001 6528
0.000182201 386023 70.3339 7776
0.00018196 475131 86.4548 9440
0.000182145 585488 106.644 11520
0.00018483 705791 130.451 14016
0.000189311 858620 162.546 17344
0.000187719 1.07686e+06 202.147 21504
0.000184478 1.38228e+06 255 26912
0.000184349 1.73041e+06 319 33568
0.000187848 2.1169e+06 397.655 41888
0.00018996 2.62157e+06 497.994 52288
0.000192756 3.24274e+06 625.057 65600
0.000190367 4.12428e+06 785.128 82240
0.000197552 5.00394e+06 988.539 103456
0.000197626 6.28473e+06 1242.03 130080
0.000205071 7.62616e+06 1563.9 163360
0.000211274 9.3033e+06 1965.55 205376
0.000226089 1.0912e+07 2467.07 258208
0.000235996 1.3196e+07 3114.2 324768
0.000264884 1.47664e+07 3911.39 408384
0.000327883 1.49836e+07 4912.88 514048
0.000448992 1.38257e+07 6207.63 646752
0.00059697 1.30644e+07 7799.08 813984
0.000798207 1.22667e+07 9791.33 1024480
0.00117155 1.05704e+07 12383.7 1289472
0.00151999 1.0233e+07 15554.1 1623104
0.00198122 9.85573e+06 19526.4 2043264
0.00259546 9.52077e+06 24710.8 2572000
0.00333008 9.31734e+06 31027.5 3237600
0.00435147 8.9486e+06 38939.5 4075424
0.00537191 9.17879e+06 49307.6 5130400
0.0072762 8.50678e+06 61897.1 6458688
0.00926277 8.38516e+06 77669.8 8130592
0.0117195 8.3963e+06 98400.6 10235552
0.0145792 8.47e+06 123486 12885472
0.0190855 8.11739e+06 154925 16221376
0.0237979 8.24904e+06 196309 20421312
0.0297027 8.29435e+06 246365 25708672
0.0376674 8.20427e+06 309034 32365088
0.0471886 8.29722e+06 391534 40744992
0.0603974 8.13812e+06 491521 51294752
0.0748626 8.23413e+06 616428 64575968
0.09551 8.1759e+06 780880 81295840
0.120461 8.14027e+06 980581 102345024
0.151446 8.11848e+06 1.22951e+06 128844640
0.190321 8.18237e+06 1.55728e+06 162205344
0.240114 8.14641e+06 1.95606e+06 204204288
0.301008 8.14608e+06 2.45204e+06 257077888
0.378884 8.19541e+06 3.10511e+06 323641632
0.476243 8.19145e+06 3.90112e+06 407440256
0.608784 8.03045e+06 4.88881e+06 512936608
0.765933 8.08062e+06 6.18922e+06 645748768
0.963232 8.07369e+06 7.77683e+06 812949152
1.21774 7.99989e+06 9.7418e+06 1023442240
