# filename: ./acpphint-RPi4B-4096MiB-threads_4-LP64-Fedora_33_64bit-g++_10_O3lto-libstdc++-cpulockdown-DSIZE_ui-ISIZE_ui-using_2_threads-cpus_0_2.txt
# acpphint_main version: 0.1.23

0.000118331 59149.9 6.99927 560
0.000115442 77950.2 8.99872 664
9.6406e-05 114081 10.9981 768
0.000109887 118280 12.9974 872
0.000105814 141726 14.9966 976
0.000114369 166080 18.9944 1184
0.000110221 208598 22.9919 1392
9.7221e-05 297475 28.9208 1704
0.000115072 302070 34.7598 2016
0.000110868 385960 42.7906 2432
9.7314e-05 542978 52.8394 2952
0.000112905 573484 64.7492 3576
0.00011298 714693 80.746 4408
0.000115943 867318 100.559 5448
0.000119017 1.06501e+06 126.754 6800
0.000117461 1.35036e+06 158.614 8464
0.000113053 1.75092e+06 197.947 10544
0.000115776 2.13975e+06 247.732 13144
0.000118369 2.62643e+06 310.888 16472
0.000118646 3.28736e+06 390.032 20632
0.000121591 4.03398e+06 490.496 25936
0.000109017 5.6463e+06 615.543 32592
0.000115813 6.67224e+06 772.732 40912
0.000128424 7.54285e+06 968.683 51416
0.000130072 9.31989e+06 1212.26 64624
0.000132923 1.14444e+07 1521.23 81264
0.000141719 1.341e+07 1900.45 102168
0.000142368 1.66572e+07 2371.45 128584
0.000154108 1.92341e+07 2964.12 161760
0.000167164 2.20369e+07 3683.77 203568
0.000194959 2.34064e+07 4563.3 256192
0.000229737 2.46303e+07 5658.49 322440
0.000260588 2.67031e+07 6958.52 405848
0.000323993 2.62729e+07 8512.25 510888
0.000412048 2.52328e+07 10397.1 643072
0.000574674 2.18475e+07 12555.2 809472
