# filename: ./acpphint-RPi4B-4096MiB-threads_4-LP64-Fedora_33_64bit-g++_10_O3lto-libstdc++-DSIZE_ui-ISIZE_ui-using_2_threads-cpus_0_2.txt
# acpphint_main version: 0.1.23

0.000107313 65222.9 6.99927 560
0.000108369 83037.8 8.99872 664
0.000107721 102098 10.9981 768
0.000106424 122129 12.9974 872
0.000107721 139217 14.9966 976
0.000106331 178635 18.9944 1184
0.000106665 215552 22.9919 1392
0.000107646 268666 28.9208 1704
0.000107905 322133 34.7598 2016
0.000107257 398954 42.7906 2432
0.000108943 485019 52.8394 2952
0.000108165 598615 64.7492 3576
0.000107294 752567 80.746 4408
0.000109091 921794 100.559 5448
0.000108072 1.17287e+06 126.754 6800
0.000109147 1.45322e+06 158.614 8464
0.000109017 1.81575e+06 197.947 10544
0.000109942 2.2533e+06 247.732 13144
0.000112405 2.76578e+06 310.888 16472
0.000113609 3.43311e+06 390.032 20632
0.00011322 4.33224e+06 490.496 25936
0.000116147 5.29969e+06 615.543 32592
0.000118517 6.52001e+06 772.732 40912
0.000124942 7.75306e+06 968.683 51416
0.000133646 9.07065e+06 1212.26 64624
0.000141979 1.07144e+07 1521.23 81264
0.000135812 1.39932e+07 1900.45 102168
0.000142349 1.66594e+07 2371.45 128584
0.000150035 1.97562e+07 2964.12 161760
0.000164089 2.24498e+07 3683.77 203568
0.000179645 2.54017e+07 4563.3 256192
0.000202385 2.79591e+07 5658.49 322440
0.00023707 2.93522e+07 6958.52 405848
0.000290235 2.93288e+07 8512.25 510888
0.000420695 2.47142e+07 10397.1 643072
0.00058221 2.15647e+07 12555.2 809472
