# filename: ./acpphint-RPi4B-8192MiB-threads_4-LP64-Fedora_33br_64bit-g++_10_O3lto-libstdc++-DSIZE_ul-ISIZE_ul-using_2_threads-cpus_2_3.txt
# acpphint_main version: 0.1.23

0.000126999 55118.5 7 976
0.000125999 71429.1 9 1184
0.000127351 86375.5 11 1392
0.000127295 102125 13 1600
0.000125685 119346 15 1808
0.000124703 152362 19 2224
0.000125869 182730 23 2640
0.000127629 226699 28.9334 3264
0.000128074 271550 34.7785 3888
0.000129314 331121 42.8186 4720
0.000128166 412610 52.8825 5760
0.000131925 491294 64.8139 7008
0.000129499 624302 80.8465 8672
0.000127425 790384 100.715 10752
0.000127036 999717 127 13456
0.000132573 1.19934e+06 159 16784
0.000133074 1.49201e+06 198.548 20944
0.00013261 1.87519e+06 248.668 26144
0.000134536 2.32183e+06 312.369 32800
0.000133629 2.93625e+06 392.369 41120
0.000138517 3.5677e+06 494.187 51728
0.000143462 4.33133e+06 621.382 65040
0.00015298 5.11148e+06 781.955 81680
0.000161813 6.07613e+06 983.196 102688
0.000175461 7.03924e+06 1235.11 129104
0.000192572 8.08726e+06 1557.38 162384
0.000166925 1.17248e+07 1957.15 204192
0.00018798 1.3089e+07 2460.47 257024
0.000207498 1.49616e+07 3104.51 323376
0.000239053 1.63272e+07 3903.07 406992
0.000304108 1.61285e+07 4904.82 512240
0.000456236 1.35745e+07 6193.19 644736
0.00074127 1.05019e+07 7784.78 811552
0.00105482 9.27443e+06 9782.87 1021632
0.00153039 8.07476e+06 12357.5 1286000
0.00201863 7.69334e+06 15530 1618800
0.00282323 6.91101e+06 19511.4 2037712
0.00376585 6.54739e+06 24656.5 2565200
0.00483287 6.41068e+06 30982 3229344
0.0062398 6.23765e+06 38921.7 4065296
0.00794606 6.19204e+06 49202.3 5117776
0.0102397 6.03641e+06 61811.3 6442736
0.0130134 5.96638e+06 77642.6 8110688
0.0164652 5.96184e+06 98162.9 10210656
0.0208706 5.9089e+06 123322 12854336
0.0266251 5.81747e+06 154891 16182544
0.033423 5.85858e+06 195811 20372496
0.042136 5.83938e+06 246048 25647376
0.0531493 5.81367e+06 308992 32287984
0.0678276 5.75859e+06 390591 40647920
0.0857499 5.72471e+06 490894 51172512
0.108734 5.66879e+06 616392 64422320
0.135567 5.74695e+06 779097 81102672
0.170668 5.7383e+06 979346 102102144
0.215133 5.71521e+06 1.22953e+06 128538944
0.273253 5.68671e+06 1.55391e+06 161820816
0.345589 5.653e+06 1.95361e+06 203720128
0.435218 5.63452e+06 2.45225e+06 256468304
0.550373 5.63026e+06 3.09874e+06 322874384
0.635469 6.13128e+06 3.89624e+06 406474576
0.74304 6.58046e+06 4.88954e+06 511721120
0.912147 6.77217e+06 6.17721e+06 644218576
1.14098 6.80739e+06 7.76712e+06 811022928
