# filename: ./acpphint-RPi4B-4096MiB-threads_4-LP64-Fedora_33_64bit-g++_10_O3lto-libstdc++-DSIZE_ui-ISIZE_ui-using_4_threads.txt
# acpphint_main version: 0.1.23

0.000192941 77726.3 14.9966 1120
0.000190145 99894.3 18.9944 1328
0.000195182 117797 22.9919 1536
0.000195033 138381 26.9889 1744
0.0001947 159144 30.9854 1952
0.00019533 199542 38.9766 2368
0.000194163 241890 46.9661 2784
0.000195941 299825 58.7479 3408
0.000195663 359072 70.2572 4032
0.000191626 450572 86.3413 4864
0.000193015 551618 106.47 5904
0.000195404 666265 130.191 7152
0.000197163 822384 162.144 8816
0.000197349 1.02116e+06 201.526 10896
0.000192959 1.3164e+06 254.012 13600
0.000195626 1.62275e+06 317.453 16928
0.000196255 2.01401e+06 395.259 21088
0.00019883 2.48577e+06 494.246 26288
0.000198997 3.11135e+06 619.15 32944
0.000200774 3.86429e+06 775.849 41264
0.000202237 4.8154e+06 973.853 51872
0.000203996 5.97515e+06 1218.91 65184
0.000207551 7.35948e+06 1527.47 81824
0.000210311 9.07407e+06 1908.38 102832
0.000216552 1.09791e+07 2377.55 129248
0.000222441 1.33652e+07 2972.96 162528
0.000229384 1.60923e+07 3691.32 204336
0.000244088 1.87241e+07 4570.33 257168
0.00025681 2.20813e+07 5670.69 323520
0.000291994 2.387e+07 6969.9 407136
0.000344641 2.47177e+07 8518.73 512384
0.00047888 2.17505e+07 10415.9 644880
0.000640561 1.96253e+07 12571.2 811696
