# filename: ./acpphint-RPi4B-8192MiB-threads_4-LP64-Fedora_33br_64bit-g++_10_O3lto-libstdc++-cpulockdown-DSIZE_s-ISIZE_s-using_1_threads.txt
# acpphint_main version: 0.1.23

8.224e-08 1.21595e+07 1 124
1.19824e-07 1.65195e+07 1.97942 150
1.55125e-07 1.90574e+07 2.95628 176
1.926e-07 2.02932e+07 3.90847 202
2.28063e-07 2.13202e+07 4.86235 228
2.65857e-07 2.19298e+07 5.83019 254
3.025e-07 2.2292e+07 6.74332 280
3.76e-07 2.276e+07 8.55776 332
4.56125e-07 2.27062e+07 10.3569 384
5.65e-07 2.29917e+07 12.9903 462
6.76e-07 2.29311e+07 15.5014 540
8.24e-07 2.27766e+07 18.7679 644
1.0005e-06 2.27263e+07 22.7377 774
1.2225e-06 2.22371e+07 27.1849 930
1.5185e-06 2.15176e+07 32.6744 1138
1.8795e-06 2.08684e+07 39.2222 1398
2.353e-06 1.98346e+07 46.6708 1736
2.927e-06 1.87313e+07 54.8265 2152
3.649e-06 1.75606e+07 64.0787 2672
4.593e-06 1.61065e+07 73.9773 3322
