# filename: ./acpphint-RPi4B-8192MiB-threads_4-LP64-Fedora_33br_64bit-g++_10_O3lto-libstdc++-cpulockdown-DSIZE_ld-ISIZE_ull-using_2_threads-cpus_0_2.txt
# acpphint_main version: 0.1.23

0.00012561 55728 7 1680
0.000124073 72537.9 9 2064
0.000128184 85814.1 11 2448
0.000124906 104078 13 2832
0.000148536 100986 15 3216
0.000142462 133369 19 3984
0.000138165 166468 23 4752
0.000147351 196357 28.9334 5904
0.000154073 225727 34.7785 7056
0.000156276 273993 42.8186 8592
0.00016348 323480 52.8825 10512
0.000169332 382762 64.8139 12816
0.000188183 429616 80.8465 15888
0.000207369 485679 100.715 19728
0.000218646 580848 127 24720
0.000241923 657234 159 30864
0.000281997 704078 198.548 38544
0.000310793 800110 248.668 48144
0.000364292 857469 312.369 60432
0.000416884 941194 392.369 75792
0.000498309 991729 494.187 95376
0.000591845 1.04991e+06 621.382 119952
0.000707066 1.10591e+06 781.955 150672
0.00085986 1.14344e+06 983.196 189456
0.00104188 1.18547e+06 1235.11 238224
0.00129458 1.203e+06 1557.38 299664
0.00161557 1.21143e+06 1957.15 376848
0.0020214 1.21721e+06 2460.48 474384
0.00253475 1.22478e+06 3104.51 596880
0.00320742 1.21689e+06 3903.08 751248
0.0040199 1.22014e+06 4904.82 945552
0.0050234 1.23287e+06 6193.2 1190160
0.00627063 1.24147e+06 7784.79 1498128
0.00779194 1.25551e+06 9782.89 1885968
0.00964581 1.28113e+06 12357.6 2374032
0.0121062 1.28281e+06 15530 2988432
0.0152515 1.27931e+06 19511.5 3761808
0.0189596 1.30048e+06 24656.6 4735632
0.0236784 1.30846e+06 30982.2 5961744
0.0300495 1.29526e+06 38922 7505040
0.0376447 1.30703e+06 49202.8 9448080
0.0473883 1.30437e+06 61812.1 11894160
0.058964 1.3168e+06 77643.9 14973456
0.0741434 1.32399e+06 98164.9 18850320
0.0935232 1.31866e+06 123325 23730960
0.118124 1.3113e+06 154896 29875344
0.148411 1.31944e+06 195819 37610640
0.186351 1.32042e+06 246061 47348880
0.23196 1.33218e+06 309013 59608464
0.292918 1.33356e+06 390623 75042192
0.367425 1.33618e+06 490944 94472208
0.465805 1.32345e+06 616472 118933392
0.583014 1.33654e+06 779224 149727888
0.729561 1.34265e+06 979547 188496144
0.923558 1.33164e+06 1.22985e+06 237302544
1.16669 1.33233e+06 1.55442e+06 298746000
