# filename: ./acpphint-RPi4B-8192MiB-threads_4-LP64-Fedora_33br_64bit-g++_10_O3lto-libstdc++-DSIZE_ull-ISIZE_ull-using_3_threads-cpus_0_1_2.txt
# acpphint_main version: 0.1.23

0.000180647 60892.2 11 1464
0.000181443 77159.2 14 1776
0.00017761 95715.3 17 2088
0.000181666 110092 20 2400
0.000182665 125914 23 2712
0.000175443 165296 29 3336
0.000177591 197082 35 3960
0.000180091 243581 43.8667 4896
0.000177665 295816 52.5562 5832
0.000178295 362527 64.6367 7080
0.000177573 449186 79.7633 8640
0.000176721 552464 97.6321 10512
0.000177554 685402 121.696 13008
0.000177073 855188 151.431 16128
0.000178202 1.07182e+06 191 20184
0.000180091 1.32711e+06 239 25176
0.000182406 1.63427e+06 298.101 31416
0.000180702 2.06601e+06 373.332 39216
0.000186202 2.51724e+06 468.716 49200
0.000192628 3.05639e+06 588.747 61680
0.000196498 3.77288e+06 741.364 77592
0.000199924 4.66032e+06 931.71 97560
0.000206517 5.67957e+06 1172.93 122520
0.000213257 6.9136e+06 1474.37 154032
0.000218739 8.46263e+06 1851.11 193656
0.000233239 1.00146e+07 2335.79 243576
0.000256498 1.14398e+07 2934.27 306288
0.00029159 1.26435e+07 3686.7 385536
0.000367941 1.26544e+07 4656.07 485064
0.000471365 1.24131e+07 5851.08 610488
0.000709122 1.03623e+07 7348.13 768360
0.00102779 9.03735e+06 9288.46 967104
0.00141717 8.23433e+06 11669.4 1217328
0.00194318 7.54162e+06 14654.7 1532448
0.00260169 7.12389e+06 18534.2 1929000
0.00334878 6.95142e+06 23278.8 2428200
0.00443354 6.59195e+06 29225.7 3056568
0.0057427 6.43984e+06 36982.1 3847800
0.00735112 6.31735e+06 46439.6 4844016
0.00941047 6.19483e+06 58296.3 6097944
0.0119994 6.15046e+06 73801.6 7676664
0.0152288 6.08379e+06 92648.8 9664104
0.0195544 5.94673e+06 116285 12166032
0.0246475 5.97369e+06 147237 15315984
0.0309877 5.96509e+06 184844 19281504
0.0393343 5.89728e+06 231965 24273816
0.0495054 5.93218e+06 293675 30558744
0.0625331 5.89748e+06 368788 38471064
0.0788587 5.8677e+06 462719 48431976
0.0995445 5.88425e+06 585745 60971880
0.125317 5.87114e+06 735751 76758768
0.15793 5.84425e+06 922980 96633480
0.198931 5.87253e+06 1.16823e+06 121654008
0.250431 5.86095e+06 1.46776e+06 153153216
0.315137 5.84154e+06 1.84089e+06 192808416
0.397622 5.85897e+06 2.32966e+06 242731224
0.50021 5.85272e+06 2.92759e+06 305580192
0.593211 6.18818e+06 3.6709e+06 384702456
0.675739 6.87329e+06 4.64455e+06 484311576
0.841733 6.935e+06 5.83741e+06 609711864
1.06155 6.89281e+06 7.31709e+06 767581680
