# filename: ./acpphint-RPi4B-8192MiB-threads_4-LP64-Fedora_33br_64bit-g++_10_O3lto-libstdc++-cpulockdown-DSIZE_d-ISIZE_ui-using_2_threads-cpus_0_2.txt
# acpphint_main version: 0.1.23

0.000111574 62739.7 7.00012 912
0.000118221 76129.4 9.0001 1104
0.000126462 86983.7 11.0001 1296
0.000127832 101696 13 1488
0.00012824 116968 15 1680
0.000125517 151369 18.9994 2064
0.000125906 182667 22.9989 2448
0.000121925 237294 28.9321 3024
0.000132203 263052 34.7763 3600
0.000115573 370473 42.8167 4368
0.000129351 408808 52.8798 5328
0.000133091 486947 64.8082 6480
0.00011987 674385 80.8385 8016
0.000129166 779654 100.705 9936
0.000127203 998281 126.984 12432
0.000131628 1.20773e+06 158.971 15504
0.000117869 1.6841e+06 198.503 19344
0.000116499 2.13387e+06 248.594 24144
0.000127518 2.44869e+06 312.252 30288
0.000141443 2.77267e+06 392.175 37968
0.000130759 3.77714e+06 493.895 47760
0.000145943 4.25458e+06 620.926 60048
0.000155609 5.02061e+06 781.252 75408
0.000156091 6.29065e+06 981.913 94800
0.000170017 7.25275e+06 1233.09 119184
0.000180665 8.60158e+06 1554 149904
0.000194887 1.00152e+07 1951.83 188496
0.000216406 1.13302e+07 2451.93 237264
0.000235368 1.31321e+07 3090.88 298512
0.000280701 1.38265e+07 3881.11 375696
0.000352885 1.38002e+07 4869.88 472848
0.000480865 1.27653e+07 6138.38 595152
0.000658788 1.1685e+07 7697.93 749136
0.000956266 1.0086e+07 9644.9 943056
0.00141176 8.59773e+06 12137.9 1187088
0.0020319 7.47349e+06 15185.4 1494288
