# filename: ./acpphint-RPi4B-8192MiB-threads_4-LP64-Fedora_33br_64bit-g++_10_O3lto-libstdc++-cpulockdown-DSIZE_ld-ISIZE_ul-using_2_threads-cpus_1_3.txt
# acpphint_main version: 0.1.23

0.00014537 48153 7 1680
0.00014763 60963.2 9 2064
0.000148092 74278.2 11 2448
0.000147629 88058.6 13 2832
0.000151741 98852.7 15 3216
0.000154055 123333 19 3984
0.000160055 143701 23 4752
0.000161611 179031 28.9334 5904
0.000166 209509 34.7785 7056
0.000165222 259158 42.8186 8592
0.000170536 310096 52.8825 10512
0.000174204 372058 64.8139 12816
0.000185333 436223 80.8465 15888
0.000201666 499413 100.715 19728
0.000226537 560615 127 24720
0.000246832 644163 159 30864
0.000269111 737792 198.548 38544
0.000312462 795836 248.668 48144
0.000358703 870830 312.369 60432
0.00043098 910410 392.369 75792
0.000507461 973843 494.187 95376
0.000590812 1.05174e+06 621.382 119952
0.000711405 1.09917e+06 781.955 150672
0.000877848 1.12001e+06 983.196 189456
0.00106307 1.16184e+06 1235.11 238224
0.00131559 1.18379e+06 1557.38 299664
0.00163481 1.19718e+06 1957.15 376848
0.00204301 1.20434e+06 2460.48 474384
0.00254851 1.21817e+06 3104.51 596880
0.00323963 1.20479e+06 3903.08 751248
0.00407704 1.20304e+06 4904.82 945552
0.00509531 1.21547e+06 6193.2 1190160
0.00635604 1.22479e+06 7784.79 1498128
0.00788804 1.24022e+06 9782.89 1885968
0.00986156 1.2531e+06 12357.6 2374032
0.012301 1.2625e+06 15530 2988432
0.0152742 1.27741e+06 19511.5 3761808
0.0192699 1.27954e+06 24656.6 4735632
0.0241889 1.28084e+06 30982.2 5961744
0.0301473 1.29106e+06 38922 7505040
0.0379705 1.29582e+06 49202.8 9448080
0.0483247 1.2791e+06 61812.1 11894160
0.0599936 1.2942e+06 77643.9 14973456
0.0758032 1.295e+06 98164.9 18850320
0.0955683 1.29044e+06 123325 23730960
0.120142 1.28927e+06 154896 29875344
0.149704 1.30805e+06 195819 37610640
0.188244 1.30714e+06 246061 47348880
0.240279 1.28606e+06 309013 59608464
0.297653 1.31234e+06 390623 75042192
0.370872 1.32376e+06 490944 94472208
0.464813 1.32628e+06 616472 118933392
0.593579 1.31276e+06 779224 149727888
0.739616 1.3244e+06 979547 188496144
0.929636 1.32294e+06 1.22985e+06 237302544
1.17399 1.32405e+06 1.55442e+06 298746000
