# filename: ./acpphint-RPi4B-4096MiB-threads_4-LP64-Fedora_33_64bit-g++_10_O3lto-libstdc++-DSIZE_ull-ISIZE_ull-using_3_threads-cpus_0_1_2.txt
# acpphint_main version: 0.1.23

0.000145424 75640.9 11 1464
0.000145201 96418.1 14 1776
0.000145127 117139 17 2088
0.000146331 136676 20 2400
0.000146349 157159 23 2712
0.00014909 194513 29 3336
0.000150034 233280 35 3960
0.000149331 293755 43.8667 4896
0.00014809 354893 52.5562 5832
0.000149442 432520 64.6367 7080
0.000149405 533873 79.7633 8640
0.000150701 647853 97.6321 10512
0.00015059 808128 121.696 13008
0.000151831 997364 151.431 16128
0.000154127 1.23924e+06 191 20184
0.000151682 1.57566e+06 239 25176
0.000153034 1.94794e+06 298.101 31416
0.000154812 2.41152e+06 373.332 39216
0.000157627 2.97358e+06 468.716 49200
0.000157646 3.73461e+06 588.747 61680
0.000160867 4.60855e+06 741.364 77592
0.00016609 5.60967e+06 931.71 97560
0.00016783 6.98878e+06 1172.93 122520
0.000171812 8.58132e+06 1474.37 154032
0.00017883 1.03512e+07 1851.11 193656
0.000191312 1.22093e+07 2335.79 243576
0.000202144 1.45158e+07 2934.27 306288
0.000227718 1.61898e+07 3686.7 385536
0.00024644 1.88933e+07 4656.07 485064
0.000324031 1.80572e+07 5851.08 610488
0.000504472 1.4566e+07 7348.13 768360
0.000745688 1.24562e+07 9288.46 967104
0.00103535 1.1271e+07 11669.4 1217328
0.00138443 1.05854e+07 14654.7 1532448
0.00182167 1.01743e+07 18534.2 1929000
0.00261232 8.91116e+06 23278.8 2428200
0.00341354 8.5617e+06 29225.7 3056568
0.00417065 8.86721e+06 36982.1 3847800
0.00526906 8.81365e+06 46439.6 4844016
0.00718061 8.11857e+06 58296.3 6097944
0.00866747 8.51478e+06 73801.6 7676664
0.0110145 8.41155e+06 92648.8 9664104
0.0140458 8.279e+06 116285 12166032
0.0180075 8.17644e+06 147237 15315984
0.0227246 8.13412e+06 184844 19281504
0.0291179 7.96642e+06 231965 24273816
0.036133 8.12761e+06 293675 30558744
0.0465958 7.91463e+06 368788 38471064
0.0574179 8.0588e+06 462719 48431976
0.0727021 8.05678e+06 585745 60971880
0.0920196 7.9956e+06 735751 76758768
0.115151 8.01542e+06 922980 96633480
0.145552 8.02618e+06 1.16823e+06 121654008
0.183211 8.01131e+06 1.46776e+06 153153216
0.230188 7.99733e+06 1.84089e+06 192808416
0.289333 8.05181e+06 2.32966e+06 242731224
0.365669 8.0061e+06 2.92759e+06 305580192
0.460815 7.96611e+06 3.6709e+06 384702456
0.58484 7.94157e+06 4.64455e+06 484311576
0.735345 7.93833e+06 5.83741e+06 609711864
0.934627 7.82889e+06 7.31709e+06 767581680
1.18232 7.82766e+06 9.2548e+06 966327864
