# filename: ./acpphint-RPi4B-4096MiB-threads_4-LP64-Fedora_33_64bit-g++_10_O3lto-libstdc++-cpulockdown-DSIZE_d-ISIZE_ul-using_4_threads.txt
# acpphint_main version: 0.1.23

0.000179923 83369 15 1952
0.000180478 105276 19 2368
0.000185755 123819 23 2784
0.000179516 150404 27 3200
0.000181515 170785 31 3616
0.000182996 213119 39 4448
0.000179256 262195 47 5280
0.000180552 325668 58.8001 6528
0.000180108 390509 70.3338 7776
0.000182441 473878 86.4548 9440
0.00018083 589746 106.644 11520
0.000180626 722218 130.451 14016
0.00018296 888425 162.546 17344
0.000184645 1.09479e+06 202.147 21504
0.00018683 1.36488e+06 255 26912
0.000182904 1.74408e+06 319 33568
0.000186348 2.13394e+06 397.655 41888
0.000193293 2.57637e+06 497.994 52288
0.000196552 3.18011e+06 625.057 65600
0.000193145 4.06496e+06 785.127 82240
0.000196423 5.0327e+06 988.538 103456
0.000199441 6.22753e+06 1242.02 130080
0.000206978 7.55589e+06 1563.9 163360
0.000211829 9.27892e+06 1965.54 205376
0.000230032 1.07249e+07 2467.07 258208
0.000245088 1.27064e+07 3114.2 324768
0.000264495 1.47881e+07 3911.38 408384
0.000334419 1.46907e+07 4912.86 514048
0.000404584 1.53432e+07 6207.61 646752
0.00058484 1.33353e+07 7799.04 813984
0.00087313 1.1214e+07 9791.26 1024480
0.00120409 1.02847e+07 12383.6 1289472
0.00153875 1.01082e+07 15553.9 1623104
0.00197761 9.87358e+06 19526.1 2043264
0.00269748 9.16054e+06 24710.4 2572000
0.00332108 9.34237e+06 31026.7 3237600
0.00454204 8.57289e+06 38938.4 4075424
0.00563192 8.75469e+06 49305.7 5130400
0.00722507 8.56658e+06 61894.1 6458688
0.00923688 8.40815e+06 77665.1 8130592
0.0115865 8.49204e+06 98393.2 10235552
0.0149396 8.26489e+06 123474 12885472
0.0189394 8.17905e+06 154906 16221376
0.0235519 8.33394e+06 196280 20421312
0.0294285 8.37004e+06 246318 25708672
0.0380928 8.11074e+06 308961 32365088
0.0473151 8.27256e+06 391417 40744992
0.0603817 8.13717e+06 491336 51294752
0.0760792 8.09864e+06 616138 64575968
0.0956324 8.16057e+06 780415 81295840
0.120057 8.16149e+06 979847 102345024
0.151281 8.11968e+06 1.22836e+06 128844640
0.19087 8.14917e+06 1.55543e+06 162205344
0.239866 8.14266e+06 1.95315e+06 204204288
0.301275 8.12369e+06 2.44746e+06 257077888
0.379918 8.15376e+06 3.09776e+06 323641632
0.475312 8.18307e+06 3.88952e+06 407440256
0.607083 8.02299e+06 4.87062e+06 512936608
0.76126 8.09196e+06 6.16009e+06 645748768
0.967847 7.98767e+06 7.73084e+06 812949152
1.20825 8.00309e+06 9.66976e+06 1023442240
