# filename: ./acpphint-RPi4B-8192MiB-threads_4-LP64-Fedora_33br_64bit-g++_10_O3lto-libstdc++-DSIZE_ld-ISIZE_ul-using_2_threads-cpus_2_3.txt
# acpphint_main version: 0.1.23

0.000136536 51268.5 7 1680
0.000139462 64533.7 9 2064
0.000137814 79817.7 11 2448
0.000141203 92066 13 2832
0.000141685 105869 15 3216
0.000150091 126590 19 3984
0.000155332 148070 23 4752
0.000167147 173102 28.9334 5904
0.000175703 197939 34.7785 7056
0.000151739 282186 42.8186 8592
0.000160684 329109 52.8825 10512
0.000171536 377844 64.8139 12816
0.000183221 441251 80.8465 15888
0.00019635 512935 100.715 19728
0.000221387 573656 127 24720
0.000245109 648691 159 30864
0.000278053 714065 198.548 38544
0.000318608 780484 248.668 48144
0.00037007 844081 312.369 60432
0.000429958 912574 392.369 75792
0.000513958 961533 494.187 95376
0.000613864 1.01225e+06 621.382 119952
0.000740808 1.05554e+06 781.955 150672
0.000904453 1.08706e+06 983.196 189456
0.00111054 1.11217e+06 1235.11 238224
0.00136678 1.13945e+06 1557.38 299664
0.0016938 1.15548e+06 1957.15 376848
0.00214731 1.14584e+06 2460.48 474384
0.00272319 1.14003e+06 3104.51 596880
0.0034163 1.14249e+06 3903.08 751248
0.00433721 1.13087e+06 4904.82 945552
0.00543085 1.14037e+06 6193.2 1190160
0.00677643 1.1488e+06 7784.79 1498128
0.00844348 1.15863e+06 9782.89 1885968
0.0106187 1.16376e+06 12357.6 2374032
0.0133112 1.16669e+06 15530 2988432
0.0166664 1.1707e+06 19511.5 3761808
0.0208781 1.18098e+06 24656.6 4735632
0.0257891 1.20137e+06 30982.2 5961744
0.0329772 1.18027e+06 38922 7505040
0.0415109 1.1853e+06 49202.8 9448080
0.0526637 1.17371e+06 61812.1 11894160
0.0649895 1.19471e+06 77643.9 14973456
0.0811057 1.21033e+06 98164.9 18850320
0.102956 1.19784e+06 123325 23730960
0.129726 1.19402e+06 154896 29875344
0.1628 1.20282e+06 195819 37610640
0.203731 1.20777e+06 246061 47348880
0.25764 1.1994e+06 309013 59608464
0.323452 1.20767e+06 390623 75042192
0.397668 1.23456e+06 490944 94472208
0.492822 1.2509e+06 616472 118933392
0.640685 1.21624e+06 779224 149727888
0.797894 1.22767e+06 979547 188496144
1.00426 1.22464e+06 1.22985e+06 237302544
