# filename: ./acpphint-WDK23_CA78C-32768MiB-threads_8-LP64-FreeBSD_main_n262658_b347c2284603_64bit-clang++_16_O3lto_CA78C-libc++-cpulockdown-DSIZE_ull-ISIZE_ull-using_4_threads-cpus_1_3_4_6.txt
# acpphint_main version: 0.1.33

0.000125203 119805 15 1952
0.000114995 165225 19 2368
0.000109526 209996 23 2784
0.000112755 239457 27 3200
0.000106193 291921 31 3616
0.000109526 356080 39 4448
0.000105776 444335 47 5280
0.000105255 558644 58.8001 6528
0.000114995 611625 70.3339 7776
0.000127442 678386 86.4548 9440
0.00010286 1.03678e+06 106.644 11520
0.000107026 1.21888e+06 130.451 14016
0.000100828 1.61211e+06 162.546 17344
0.000118171 1.71063e+06 202.147 21504
0.000103849 2.45549e+06 255 26912
0.000123796 2.57682e+06 319 33568
0.000105776 3.7594e+06 397.655 41888
0.000106141 4.69181e+06 497.994 52288
0.000123276 5.07039e+06 625.057 65600
0.000118015 6.65278e+06 785.128 82240
0.000109838 8.99997e+06 988.539 103456
0.000109943 1.1297e+07 1242.03 130080
0.000113328 1.37998e+07 1563.9 163360
0.000121661 1.61559e+07 1965.55 205376
0.000124369 1.98367e+07 2467.07 258208
0.000138378 2.25051e+07 3114.2 324768
0.00014468 2.70347e+07 3911.39 408384
0.000156451 3.1402e+07 4912.88 514048
0.000161971 3.83256e+07 6207.63 646752
0.000182231 4.27978e+07 7799.08 813984
0.000205199 4.77163e+07 9791.33 1024480
0.000226187 5.475e+07 12383.7 1289472
0.000278008 5.59483e+07 15554.1 1623104
0.00033665 5.80019e+07 19526.4 2043264
0.000393887 6.27358e+07 24710.8 2572000
0.000476643 6.50958e+07 31027.5 3237600
0.000577159 6.74676e+07 38939.5 4075424
0.000702309 7.02079e+07 49307.6 5130400
0.000874645 7.07682e+07 61897.1 6458688
0.00107974 7.19338e+07 77669.8 8130592
0.00135577 7.25792e+07 98400.6 10235552
0.00174288 7.08514e+07 123486 12885472
0.00226843 6.82959e+07 154925 16221376
0.00296079 6.6303e+07 196309 20421312
0.00390309 6.31204e+07 246365 25708672
0.00506751 6.09833e+07 309034 32365088
0.00642974 6.08942e+07 391534 40744992
0.00830444 5.91877e+07 491521 51294752
0.0106569 5.78432e+07 616428 64575968
0.0137637 5.67349e+07 780880 81295840
0.0175712 5.58062e+07 980581 102345024
0.0222954 5.51464e+07 1.22951e+06 128844640
0.0281896 5.52431e+07 1.55728e+06 162205344
0.0358087 5.46254e+07 1.95606e+06 204204288
0.0450083 5.44796e+07 2.45204e+06 257077888
0.0565262 5.49322e+07 3.10511e+06 323641632
0.0712176 5.47774e+07 3.90112e+06 407440256
0.0899107 5.43741e+07 4.88881e+06 512936608
0.112786 5.48756e+07 6.18922e+06 645748768
0.142068 5.47404e+07 7.77683e+06 812949152
0.178849 5.44693e+07 9.7418e+06 1023442240
0.225464 5.46778e+07 1.23279e+07 1288437152
0.283701 5.45971e+07 1.54893e+07 1622045856
0.356808 5.43446e+07 1.93906e+07 2042034464
0.449746 5.4521e+07 2.45206e+07 2570768800
0.565967 5.44124e+07 3.07956e+07 3236405824
0.712592 5.40431e+07 3.85106e+07 4074393312
0.89768 5.41795e+07 4.86359e+07 5129356832
1.12831 5.40741e+07 6.10123e+07 6457477184
