# filename: ./acpphint-WDK23_CA78C-32768MiB-threads_8-LP64-FreeBSD_main_n273201_e4ac0183a1a8_64bit-clang++_19_O3lto_CA76-libc++-cpulockdown-DSIZE_ul-ISIZE_ul-using_4_threads.txt
# acpphint_main version: 0.1.41

8.7861e-05 170724 15 1952
8.2548e-05 230169 19 2368
8.0725e-05 284918 23 2784
8.0777e-05 334254 27 3200
7.885e-05 393152 31 3616
7.9372e-05 491357 39 4448
8.1976e-05 573339 47 5280
8.2288e-05 714564 58.8001 6528
8.2496e-05 852573 70.3339 7776
8.2913e-05 1.04272e+06 86.4548 9440
8.1558e-05 1.30758e+06 106.644 11520
8.1767e-05 1.5954e+06 130.451 14016
8.109e-05 2.00452e+06 162.546 17344
8.0881e-05 2.49932e+06 202.147 21504
8.2861e-05 3.07744e+06 255 26912
7.9579e-05 4.00859e+06 319 33568
8.0933e-05 4.91338e+06 397.655 41888
7.6507e-05 6.50913e+06 497.994 52288
7.3903e-05 8.45781e+06 625.057 65600
7.3174e-05 1.07296e+07 785.128 82240
7.0778e-05 1.39668e+07 988.539 103456
7.2653e-05 1.70953e+07 1242.03 130080
7.5829e-05 2.06241e+07 1563.9 163360
8.1142e-05 2.42235e+07 1965.55 205376
8.2704e-05 2.98302e+07 2467.07 258208
8.3278e-05 3.73953e+07 3114.2 324768
8.9892e-05 4.35121e+07 3911.39 408384
9.3902e-05 5.23192e+07 4912.88 514048
0.000101349 6.12501e+07 6207.63 646752
0.000106765 7.3049e+07 7799.08 813984
0.000116297 8.41925e+07 9791.33 1024480
0.000129212 9.58405e+07 12383.7 1289472
0.000147284 1.05606e+08 15554.1 1623104
0.000171919 1.13579e+08 19526.4 2043264
0.000204156 1.21039e+08 24710.8 2572000
0.000238166 1.30277e+08 31027.5 3237600
0.000285611 1.36338e+08 38939.5 4075424
0.000344306 1.43209e+08 49307.6 5130400
0.000419876 1.47417e+08 61897.1 6458688
0.000515808 1.50579e+08 77669.8 8130592
0.000631167 1.55903e+08 98400.6 10235552
0.000822617 1.50113e+08 123486 12885472
0.00112698 1.37469e+08 154925 16221376
0.00157643 1.24528e+08 196309 20421312
0.00223786 1.10089e+08 246365 25708672
0.00308292 1.0024e+08 309034 32365088
0.00417683 9.37395e+07 391534 40744992
0.00552077 8.90312e+07 491521 51294752
0.0071746 8.59181e+07 616428 64575968
0.00927731 8.41709e+07 780880 81295840
0.0119546 8.20256e+07 980581 102345024
0.0152936 8.03939e+07 1.22951e+06 128844640
0.0195304 7.97363e+07 1.55728e+06 162205344
0.0245484 7.9682e+07 1.95606e+06 204204288
0.0294438 8.32786e+07 2.45204e+06 257077888
0.0367432 8.45085e+07 3.10511e+06 323641632
0.0460684 8.4681e+07 3.90112e+06 407440256
0.057893 8.44457e+07 4.88881e+06 512936608
0.0720156 8.59428e+07 6.18922e+06 645748768
0.0910027 8.54572e+07 7.77683e+06 812949152
0.11449 8.50886e+07 9.7418e+06 1023442240
0.144261 8.54558e+07 1.23279e+07 1288437152
0.182001 8.51054e+07 1.54893e+07 1622045856
0.228749 8.47683e+07 1.93906e+07 2042034464
0.2882 8.50821e+07 2.45206e+07 2570768800
0.363329 8.47595e+07 3.07956e+07 3236405824
0.457314 8.42106e+07 3.85106e+07 4074393312
0.575677 8.44847e+07 4.86359e+07 5129356832
0.724423 8.42219e+07 6.10123e+07 6457477184
0.912273 8.34715e+07 7.61488e+07 8129481856
1.14901 8.34942e+07 9.59359e+07 10234411072
