# filename: ./acpphint-WDK23_CA78C-32768MiB-threads_8-LP64-FreeBSD_main_n262658_b347c2284603_64bit-g++_13_O3lto_CA78C-libc++-DSIZE_ull-ISIZE_ull-using_2_threads-cpus_6_7.txt
# acpphint_main version: 0.1.33

3.9946e-05 175237 7 976
4.3748e-05 205724 9 1184
4.1769e-05 263353 11 1392
4.2446e-05 306271 13 1600
4.1352e-05 362739 15 1808
4.4842e-05 423710 19 2224
4.6769e-05 491779 23 2640
3.7551e-05 770510 28.9334 3264
4.229e-05 822380 34.7785 3888
4.3904e-05 975277 42.8186 4720
4.6143e-05 1.14606e+06 52.8825 5760
4.3279e-05 1.49758e+06 64.8139 7008
4.5467e-05 1.77814e+06 80.8465 8672
4.8592e-05 2.07266e+06 100.715 10752
4.6768e-05 2.71553e+06 127 13456
4.7289e-05 3.3623e+06 159 16784
4.7915e-05 4.14375e+06 198.548 20944
4.63e-05 5.37081e+06 248.668 26144
4.9946e-05 6.25414e+06 312.369 32800
5.1612e-05 7.60227e+06 392.369 41120
5.5622e-05 8.88475e+06 494.187 51728
5.8591e-05 1.06054e+07 621.382 65040
6.1143e-05 1.27889e+07 781.955 81680
6.2029e-05 1.58506e+07 983.196 102688
6.5205e-05 1.8942e+07 1235.11 129104
7.708e-05 2.02047e+07 1557.38 162384
8.5725e-05 2.28306e+07 1957.15 204192
0.000109369 2.2497e+07 2460.47 257024
0.000119786 2.59171e+07 3104.51 323376
0.000149212 2.61579e+07 3903.07 406992
0.000177075 2.76991e+07 4904.82 512240
0.000195095 3.17445e+07 6193.19 644736
0.000259831 2.99609e+07 7784.78 811552
0.000317276 3.0834e+07 9782.87 1021632
0.000387377 3.19005e+07 12357.5 1286000
0.000465654 3.33509e+07 15530 1618800
0.000580597 3.36057e+07 19511.4 2037712
0.000699601 3.52436e+07 24656.5 2565200
0.000794388 3.90011e+07 30982 3229344
0.00104927 3.7094e+07 38921.7 4065296
0.00125036 3.93506e+07 49202.3 5117776
0.0015919 3.88286e+07 61811.3 6442736
0.00198672 3.90807e+07 77642.6 8110688
0.00248655 3.94776e+07 98162.9 10210656
0.00310886 3.96679e+07 123322 12854336
0.00387642 3.99571e+07 154891 16182544
0.00485987 4.02915e+07 195811 20372496
0.00614939 4.00118e+07 246048 25647376
0.00767738 4.02471e+07 308992 32287984
0.00974588 4.00776e+07 390591 40647920
0.0121986 4.02419e+07 490894 51172512
0.015332 4.02031e+07 616392 64422320
0.0193125 4.03416e+07 779097 81102672
0.0242313 4.04165e+07 979346 102102144
0.0306369 4.01324e+07 1.22953e+06 128538944
0.0384425 4.04217e+07 1.55391e+06 161820816
0.0488435 3.99974e+07 1.95361e+06 203720128
0.0613758 3.99546e+07 2.45225e+06 256468304
0.0776995 3.98811e+07 3.09874e+06 322874384
0.0969026 4.02078e+07 3.89624e+06 406474576
0.122166 4.00237e+07 4.88954e+06 511721120
0.15384 4.01535e+07 6.17721e+06 644218576
0.192688 4.03093e+07 7.76712e+06 811022928
0.242006 4.02628e+07 9.74384e+06 1021017232
0.304558 4.04039e+07 1.23053e+07 1285384400
0.383303 4.03595e+07 1.54699e+07 1618202912
0.481765 4.02598e+07 1.93958e+07 2037196656
0.606786 4.03409e+07 2.44783e+07 2564678416
0.764438 4.02348e+07 3.0757e+07 3228738592
0.963732 3.99726e+07 3.85229e+07 4064740928
1.21205 4.00619e+07 4.85571e+07 5117205536
