# filename: ./acpphint-WDK23_CA78C-32768MiB-threads_8-LP64-FreeBSD_main_n262658_b347c2284603_64bit-clang++_16_O3lto-libc++-cpulockdown-DSIZE_ul-ISIZE_ul-using_4_threads-cpus_1_3_4_6.txt
# acpphint_main version: 0.1.33

0.000112598 133217 15 1952
0.000101975 186320 19 2368
0.000102182 225089 23 2784
0.000113224 238465 27 3200
0.000112703 275059 31 3616
0.000112234 347488 39 4448
0.000120515 389993 47 5280
0.000103277 569343 58.8001 6528
0.000114109 616374 70.3339 7776
0.000103276 837124 86.4548 9440
0.000129161 825665 106.644 11520
0.0001139 1.14532e+06 130.451 14016
0.000134785 1.20597e+06 162.546 17344
0.000106505 1.89801e+06 202.147 21504
0.000115567 2.20651e+06 255 26912
0.000107599 2.96471e+06 319 33568
0.000105412 3.77239e+06 397.655 41888
0.000142441 3.49614e+06 497.994 52288
0.000101974 6.12958e+06 625.057 65600
0.000144628 5.4286e+06 785.128 82240
0.000134733 7.33702e+06 988.539 103456
0.00011161 1.11283e+07 1242.03 130080
0.000122026 1.28162e+07 1563.9 163360
0.000125098 1.57121e+07 1965.55 205376
0.00013015 1.89556e+07 2467.07 258208
0.000133795 2.32759e+07 3114.2 324768
0.000163325 2.39485e+07 3911.39 408384
0.000147024 3.34155e+07 4912.88 514048
0.000170877 3.63281e+07 6207.63 646752
0.000202334 3.85456e+07 7799.08 813984
0.000203219 4.81812e+07 9791.33 1024480
0.000239572 5.16911e+07 12383.7 1289472
0.000268633 5.79009e+07 15554.1 1623104
0.000322745 6.05009e+07 19526.4 2043264
0.000385086 6.41696e+07 24710.8 2572000
0.000465082 6.6714e+07 31027.5 3237600
0.000574035 6.78348e+07 38939.5 4075424
0.00069455 7.09922e+07 49307.6 5130400
0.000868187 7.12946e+07 61897.1 6458688
0.00108427 7.16332e+07 77669.8 8130592
0.00135936 7.23873e+07 98400.6 10235552
0.00174413 7.08006e+07 123486 12885472
0.00227734 6.80288e+07 154925 16221376
0.00296642 6.61773e+07 196309 20421312
0.0038657 6.37309e+07 246365 25708672
0.00504955 6.12003e+07 309034 32365088
0.00653682 5.98967e+07 391534 40744992
0.00841631 5.8401e+07 491521 51294752
0.0107904 5.71274e+07 616428 64575968
0.0137589 5.67544e+07 780880 81295840
0.0176008 5.57123e+07 980581 102345024
0.0220319 5.5806e+07 1.22951e+06 128844640
0.0283012 5.50252e+07 1.55728e+06 162205344
0.0356773 5.48265e+07 1.95606e+06 204204288
0.0450369 5.44451e+07 2.45204e+06 257077888
0.0568564 5.46132e+07 3.10511e+06 323641632
0.0713688 5.46613e+07 3.90112e+06 407440256
0.0898137 5.44328e+07 4.88881e+06 512936608
0.112749 5.48936e+07 6.18922e+06 645748768
0.142044 5.47495e+07 7.77683e+06 812949152
0.178772 5.4493e+07 9.7418e+06 1023442240
0.225169 5.47496e+07 1.23279e+07 1288437152
0.283455 5.46445e+07 1.54893e+07 1622045856
0.356885 5.43329e+07 1.93906e+07 2042034464
0.44911 5.45982e+07 2.45206e+07 2570768800
0.56599 5.44101e+07 3.07956e+07 3236405824
0.712776 5.40291e+07 3.85106e+07 4074393312
0.896493 5.42513e+07 4.86359e+07 5129356832
1.12801 5.40883e+07 6.10123e+07 6457477184
