# filename: ./acpphint-WDK23_CA78C-32768MiB-threads_8-LP64-FreeBSD_main_n262658_b347c2284603_64bit-clang++_16_O3lto_CA78C-libc++-DSIZE_ul-ISIZE_ul-using_5_threads.txt
# acpphint_main version: 0.1.33

0.000115255 164852 19 2440
0.000118328 202826 24 2960
0.000124421 233080 29 3480
0.000123067 276272 34 4000
0.000124369 313583 39 4520
0.000120463 406764 49 5560
0.000135566 435212 59 6600
0.00013291 554762 73.7334 8160
0.000125307 703165 88.1116 9720
0.000121921 888058 108.273 11800
0.000112235 1.18968e+06 133.524 14400
0.000130931 1.247e+06 163.271 17520
0.000127754 1.5921e+06 203.397 21680
0.000119786 2.11096e+06 252.864 26880
0.000120879 2.639e+06 319 33640
0.000119994 3.32517e+06 399 41960
0.000122702 4.05217e+06 497.209 52360
0.000118067 5.27375e+06 622.655 65360
0.000125671 6.21779e+06 781.396 82000
0.000137546 7.13586e+06 981.51 102800
0.000132649 9.31566e+06 1235.71 129320
0.00013791 1.12562e+07 1552.34 162600
0.000140983 1.38661e+07 1954.88 204200
0.000141295 1.73871e+07 2456.72 256720
0.000143847 2.14327e+07 3083.03 322760
0.000146868 2.65042e+07 3892.62 405960
0.000151555 3.22556e+07 4888.5 510480
0.000162127 3.78655e+07 6139.02 642560
0.000177908 4.36136e+07 7759.21 808440
0.000195094 4.99609e+07 9747.07 1017480
0.000220302 5.5535e+07 12234.5 1280600
0.000253269 6.1117e+07 15479 1611840
0.00030285 6.41859e+07 19438.7 2028880
0.000352327 6.92478e+07 24397.9 2554080
0.000420708 7.34179e+07 30887.5 3215000
0.000498361 7.78074e+07 38776.2 4047000
0.000613876 7.92556e+07 48653.1 5094280
0.000753193 8.18291e+07 61633.1 6413000
0.000917351 8.43236e+07 77354.4 8073360
0.00117776 8.23964e+07 97042.7 10163240
0.00150477 8.17396e+07 122999 12794440
0.00202792 7.60987e+07 154322 16106840
0.00270237 7.16272e+07 193563 20276720
0.00354904 6.914e+07 245381 25526640
0.00460602 6.68436e+07 307883 32135840
0.00603627 6.3963e+07 386098 40456360
0.00788878 6.2036e+07 489388 50931240
0.0102682 5.982e+07 614247 64118440
0.0132866 5.79622e+07 770123 80719960
0.0167955 5.81106e+07 975996 101619800
0.021123 5.80117e+07 1.22538e+06 127931280
0.0268377 5.72326e+07 1.53599e+06 161055800
0.0337808 5.76144e+07 1.94626e+06 202756680
0.0427672 5.71526e+07 2.44426e+06 255255360
0.0540211 5.67002e+07 3.063e+06 321347360
0.068288 5.68222e+07 3.88028e+06 404552040
0.086201 5.65447e+07 4.87421e+06 509300320
0.109049 5.59933e+07 6.10601e+06 641170760
0.138314 5.59071e+07 7.73276e+06 807185960
0.17246 5.63289e+07 9.7145e+06 1016186440
0.217882 5.58271e+07 1.21637e+07 1279302800
0.274405 5.6109e+07 1.53966e+07 1610546440
0.345514 5.59744e+07 1.93399e+07 2027557320
0.434926 5.56361e+07 2.41976e+07 2552543080
0.54777 5.58666e+07 3.06021e+07 3213461000
0.69234 5.54892e+07 3.84174e+07 4045507280
0.873528 5.4954e+07 4.80038e+07 5092991640
1.09498 5.53545e+07 6.06123e+07 6411696040
