# filename: ./acpphint-WDK23_CA78C-32768MiB-threads_8-LP64-FreeBSD_main_n262658_b347c2284603_64bit-clang++_16_O3lto-libc++-cpulockdown-DSIZE_ull-ISIZE_ull-using_1_threads-cpus_1.txt
# acpphint_main version: 0.1.33

9.61453e-08 1.04009e+07 1 280
1.36872e-07 1.46122e+07 2 384
1.80491e-07 1.66213e+07 3 488
2.27565e-07 1.75774e+07 4 592
2.67077e-07 1.87212e+07 5 696
3.0303e-07 1.98e+07 6 800
3.47517e-07 2.01429e+07 7 904
4.325e-07 2.08092e+07 9 1112
5.29026e-07 2.07929e+07 11 1320
6.51033e-07 2.15043e+07 14 1632
7.91231e-07 2.14855e+07 17 1944
9.3745e-07 2.24012e+07 21 2360
1.14575e-06 2.26926e+07 26 2880
1.39507e-06 2.29379e+07 32 3504
1.7499e-06 2.28584e+07 40 4336
2.18088e-06 2.29266e+07 50 5376
2.71683e-06 2.31888e+07 63 6728
3.4505e-06 2.28952e+07 79 8392
4.2185e-06 2.34681e+07 99 10472
5.2345e-06 2.3689e+07 124 13072
6.692e-06 2.33114e+07 156 16400
8.359e-06 2.34478e+07 196 20560
1.1093e-05 2.22663e+07 247 25864
1.3801e-05 2.25346e+07 311 32520
1.802e-05 2.16981e+07 391 40840
2.2343e-05 2.20203e+07 492 51344
2.8592e-05 2.16494e+07 619 64552
3.5727e-05 2.18042e+07 779 81192
4.5519e-05 2.15295e+07 980 102096
5.7341e-05 2.15204e+07 1234 128512
7.2236e-05 2.1499e+07 1553 161688
9.1402e-05 2.1389e+07 1955 203496
0.000115255 2.13526e+07 2461 256120
0.000144837 2.13895e+07 3098 322368
0.000185096 2.10701e+07 3900 405776
0.000235457 2.0853e+07 4909.99 510816
0.000299465 2.06401e+07 6180.99 643000
0.000378368 2.05646e+07 7780.99 809400
0.000482685 2.02927e+07 9794.98 1018856
0.000609971 2.02157e+07 12331 1282600
0.0007734 2.00723e+07 15523.9 1614672
0.000974067 2.00632e+07 19542.9 2032648
0.00122963 2.00084e+07 24602.9 2558888
0.00154847 2.00022e+07 30972.8 3221368
0.00195845 1.99095e+07 38991.6 4055344
0.00248394 1.97619e+07 49087.4 5105328
0.00313787 1.9694e+07 61797.1 6427168
0.00397923 1.95509e+07 77797.6 8091272
0.00508428 1.92634e+07 97940.8 10186248
0.00655395 1.8813e+07 123299 12823688
0.00842527 1.84236e+07 155223 16143992
0.0108458 1.80173e+07 195412 20323960
0.013947 1.76386e+07 246006 25586256
0.0178707 1.73299e+07 309699 32211160
0.0228089 1.70933e+07 389880 40551336
0.0290426 1.68999e+07 490818 51051072
0.0369328 1.673e+07 617885 64269472
0.0468426 1.66055e+07 777842 80910408
0.0593025 1.65119e+07 979199 101860064
0.0749915 1.64374e+07 1.23267e+06 128234152
0.0944528 1.64285e+07 1.55172e+06 161437192
0.119215 1.63849e+07 1.95331e+06 203237288
0.150103 1.63806e+07 2.45879e+06 255860560
0.189038 1.63723e+07 3.09497e+06 322109288
0.237893 1.63754e+07 3.89561e+06 405511464
0.299032 1.63967e+07 4.90313e+06 510508616
0.37592 1.64153e+07 6.17085e+06 642692200
0.472973 1.6419e+07 7.76575e+06 809101456
0.594955 1.64246e+07 9.77193e+06 1018598328
0.748057 1.64358e+07 1.22949e+07 1282339208
0.94125 1.64323e+07 1.54669e+07 1614369296
1.18587 1.64044e+07 1.94535e+07 2032370464
