# filename: ./acpphint-WDK23_CA78C-32768MiB-threads_8-LP64-FreeBSD_main_n273201_e4ac0183a1a8_64bit-g++_14_O3lto_CA76-libstdc++-DSIZE_ull-ISIZE_ull-using_4_threads_creation_untimed-cpus_0_1_2_3.txt
# acpphint_main version: 0.1.41

3.4582e-05 433752 15 1952
3.5102e-05 541280 19 2368
3.4113e-05 674230 23 2784
3.505e-05 770328 27 3200
3.5363e-05 876622 31 3616
3.4686e-05 1.12437e+06 39 4448
3.5675e-05 1.31745e+06 47 5280
3.5936e-05 1.63624e+06 58.8001 6528
3.4425e-05 2.0431e+06 70.3339 7776
3.4061e-05 2.53824e+06 86.4548 9440
3.3957e-05 3.14055e+06 106.644 11520
3.5154e-05 3.71085e+06 130.451 14016
3.5311e-05 4.60327e+06 162.546 17344
3.479e-05 5.8105e+06 202.147 21504
3.5363e-05 7.21093e+06 255 26912
3.479e-05 9.1693e+06 319 33568
3.5102e-05 1.13285e+07 397.655 41888
3.6977e-05 1.34677e+07 497.994 52288
3.6978e-05 1.69035e+07 625.057 65600
3.7134e-05 2.11431e+07 785.128 82240
4.1925e-05 2.35787e+07 988.539 103456
4.2759e-05 2.90471e+07 1242.03 130080
4.578e-05 3.41613e+07 1563.9 163360
4.6092e-05 4.2644e+07 1965.55 205376
4.906e-05 5.02869e+07 2467.07 258208
5.4008e-05 5.76619e+07 3114.2 324768
6.1091e-05 6.40256e+07 3911.39 408384
7.1612e-05 6.86041e+07 4912.88 514048
8.2184e-05 7.55334e+07 6207.63 646752
9.7027e-05 8.03805e+07 7799.08 813984
0.000107963 9.06915e+07 9791.33 1024480
0.000131296 9.43193e+07 12383.7 1289472
0.000159055 9.77906e+07 15554.1 1623104
0.000187856 1.03943e+08 19526.4 2043264
0.000228686 1.08056e+08 24710.8 2572000
0.000281393 1.10264e+08 31027.5 3237600
0.000344931 1.12891e+08 38939.5 4075424
0.000419876 1.17434e+08 49307.6 5130400
0.000521537 1.18682e+08 61897.1 6458688
0.000645021 1.20414e+08 77669.8 8130592
0.000803503 1.22465e+08 98400.6 10235552
0.00101151 1.2208e+08 123486 12885472
0.00128223 1.20824e+08 154925 16221376
0.00164987 1.18985e+08 196309 20421312
0.00212662 1.15848e+08 246365 25708672
0.00279361 1.10621e+08 309034 32365088
0.00365435 1.07142e+08 391534 40744992
0.00485987 1.01139e+08 491521 51294752
0.00634927 9.70864e+07 616428 64575968
0.00808903 9.65356e+07 780880 81295840
0.0102201 9.59461e+07 980581 102345024
0.013135 9.36058e+07 1.22951e+06 128844640
0.0167487 9.29792e+07 1.55728e+06 162205344
0.0214273 9.12885e+07 1.95606e+06 204204288
0.0274208 8.94225e+07 2.45204e+06 257077888
0.0348437 8.91153e+07 3.10511e+06 323641632
0.0441325 8.83955e+07 3.90112e+06 407440256
0.0561191 8.71149e+07 4.88881e+06 512936608
0.0722708 8.56392e+07 6.18922e+06 645748768
0.0914091 8.50772e+07 7.77683e+06 812949152
0.114844 8.48267e+07 9.7418e+06 1023442240
0.145087 8.49693e+07 1.23279e+07 1288437152
0.182456 8.48931e+07 1.54893e+07 1622045856
0.229905 8.4342e+07 1.93906e+07 2042034464
0.289768 8.46216e+07 2.45206e+07 2570768800
0.364799 8.44179e+07 3.07956e+07 3236405824
0.45942 8.38245e+07 3.85106e+07 4074393312
0.578375 8.40906e+07 4.86359e+07 5129356832
0.72803 8.38047e+07 6.10123e+07 6457477184
0.918203 8.29324e+07 7.61488e+07 8129481856
1.15454 8.30945e+07 9.59359e+07 10234411072
