# filename: ./acpphint-WDK23_CA78C-32768MiB-threads_8-LP64-FreeBSD_main_n262658_b347c2284603_64bit-g++_13_O3lto_CA78C-libstdc++-DSIZE_ull-ISIZE_ull-using_6_threads.txt
# acpphint_main version: 0.1.33

0.000178169 129091 23 2928
0.000177648 163244 29 3552
0.000179419 195074 35 4176
0.000183689 223203 41 4800
0.000186084 252574 47 5424
0.000182231 323765 59 6672
0.000185252 383262 71 7920
0.000180773 490486 88.6667 9792
0.000182127 581403 105.889 11664
0.000181346 717364 130.091 14160
0.000186137 861753 160.404 17280
0.000190147 1.03126e+06 196.091 21024
0.00018895 1.29266e+06 244.247 26016
0.000190459 1.59394e+06 303.581 32256
0.000185928 2.05994e+06 383 40368
0.000182491 2.62479e+06 479 50352
0.000190616 3.13071e+06 596.764 62832
0.000188793 3.95839e+06 747.317 78432
0.000193168 4.8545e+06 937.734 98400
0.000205406 5.73446e+06 1177.89 123360
0.000189574 7.8222e+06 1482.89 155184
0.000209261 8.90106e+06 1862.64 195120
0.000209938 1.11741e+07 2345.86 245040
0.000218167 1.35121e+07 2947.89 308064
0.000225979 1.63687e+07 3698.98 387312
0.000244727 1.90868e+07 4671.04 487152
0.000242905 2.41477e+07 5865.6 612576
0.000263112 2.79925e+07 7365.16 771072
0.000285402 3.26234e+07 9310.78 970128
0.000312485 3.7426e+07 11695.1 1220976
0.000343213 4.27653e+07 14677.6 1536720
0.00038243 4.85692e+07 18574.3 1934208
0.000429927 5.42495e+07 23323.3 2434656
0.00050982 5.74111e+07 29269.3 3064896
0.000598617 6.19162e+07 37064.1 3858000
0.000702153 6.62602e+07 46524.8 4856400
0.000836314 6.97903e+07 58366.6 6113136
0.00101698 7.27235e+07 73958.5 7695600
0.00127567 7.27553e+07 92811.6 9688032
0.00156466 7.44028e+07 116415 12195888
0.00201422 7.32777e+07 147598 15353328
0.00262503 7.05357e+07 185158 19328208
0.00342353 6.78248e+07 232200 24332064
0.00450338 6.53846e+07 294451 30631968
0.00586274 6.30081e+07 369400 38563008
0.00760505 6.09014e+07 463158 48547632
0.00993072 5.91335e+07 587238 61117488
0.0127209 5.79335e+07 736966 76942128
0.0162534 5.68376e+07 923806 96863952
0.0205315 5.7039e+07 1.17109e+06 121943760
0.0260084 5.65262e+07 1.47016e+06 153517536
0.0329842 5.58579e+07 1.84243e+06 193266960
0.0413747 5.64395e+07 2.33517e+06 243308016
0.0523454 5.6019e+07 2.93234e+06 306306432
0.0662047 5.54914e+07 3.67379e+06 385616832
0.0833438 5.58549e+07 4.65516e+06 485462448
0.105295 5.55283e+07 5.84686e+06 611160384
0.13243 5.52936e+07 7.32251e+06 769404912
0.166656 5.56546e+07 9.27519e+06 968623152
0.210213 5.5422e+07 1.16504e+07 1219423728
0.263274 5.53905e+07 1.45829e+07 1535163360
0.329922 5.59553e+07 1.84609e+07 1932655728
0.416854 5.56158e+07 2.31837e+07 2433068784
0.52709 5.50071e+07 2.89937e+07 3063051696
0.660392 5.55219e+07 3.66662e+07 3856153200
0.836508 5.50048e+07 4.6012e+07 4854608736
1.05563 5.44271e+07 5.74547e+07 6111589968
