# filename: ./acpphint-WDK23_CA78C-32768MiB-threads_8-LP64-FreeBSD_main_n264334_215bab7924f6_64bit-clang++_16_O3lto_CA78C-libc++-DSIZE_ull-ISIZE_ull-using_4_threads-cpus_4_5_6_7.txt
# acpphint_main version: 0.1.35

0.00010411 144078 15 1952
0.000105568 179979 19 2368
0.000104995 219058 23 2784
0.000100203 269453 27 3200
0.000100985 306976 31 3616
0.000105308 370342 39 4448
0.000104266 450770 47 5280
0.000108068 544102 58.8001 6528
0.000104162 675235 70.3339 7776
0.000107443 804658 86.4548 9440
0.0001026 1.03941e+06 106.644 11520
0.000102495 1.27276e+06 130.451 14016
0.000104058 1.56207e+06 162.546 17344
0.00010463 1.93202e+06 202.147 21504
0.000111453 2.28796e+06 255 26912
0.00011312 2.82001e+06 319 33568
0.000112182 3.54473e+06 397.655 41888
0.000114213 4.36022e+06 497.994 52288
0.000115567 5.40861e+06 625.057 65600
0.000116192 6.75716e+06 785.128 82240
0.000117598 8.40609e+06 988.539 103456
0.000107443 1.15599e+07 1242.03 130080
0.000108953 1.43539e+07 1563.9 163360
0.000107026 1.83651e+07 1965.55 205376
0.000112755 2.188e+07 2467.07 258208
0.000119057 2.61573e+07 3114.2 324768
0.000131661 2.9708e+07 3911.39 408384
0.00013489 3.64214e+07 4912.88 514048
0.000152024 4.08333e+07 6207.63 646752
0.000169732 4.59494e+07 7799.08 813984
0.000195199 5.01608e+07 9791.33 1024480
0.000218844 5.65871e+07 12383.7 1289472
0.000257436 6.04192e+07 15554.1 1623104
0.000298476 6.54202e+07 19526.4 2043264
0.000356859 6.92454e+07 24710.8 2572000
0.000411803 7.53454e+07 31027.5 3237600
0.000493205 7.8952e+07 38939.5 4075424
0.000592784 8.31797e+07 49307.6 5130400
0.000707101 8.75364e+07 61897.1 6458688
0.000869855 8.92905e+07 77669.8 8130592
0.00107146 9.18379e+07 98400.6 10235552
0.00135999 9.07992e+07 123486 12885472
0.00170737 9.07389e+07 154925 16221376
0.00217771 9.0145e+07 196309 20421312
0.00277122 8.89011e+07 246365 25708672
0.0035241 8.76914e+07 309034 32365088
0.00451114 8.67927e+07 391534 40744992
0.00572186 8.59023e+07 491521 51294752
0.00722788 8.52847e+07 616428 64575968
0.0091679 8.51755e+07 780880 81295840
0.0115892 8.46114e+07 980581 102345024
0.0146109 8.41504e+07 1.22951e+06 128844640
0.0184609 8.43555e+07 1.55728e+06 162205344
0.0234838 8.32941e+07 1.95606e+06 204204288
0.0295701 8.29228e+07 2.45204e+06 257077888
0.0374055 8.3012e+07 3.10511e+06 323641632
0.0472159 8.2623e+07 3.90112e+06 407440256
0.0595199 8.21374e+07 4.88881e+06 512936608
0.0749911 8.25327e+07 6.18922e+06 645748768
0.0945965 8.22106e+07 7.77683e+06 812949152
0.119304 8.16553e+07 9.7418e+06 1023442240
0.150497 8.19144e+07 1.23279e+07 1288437152
0.189488 8.17426e+07 1.54893e+07 1622045856
0.238445 8.13213e+07 1.93906e+07 2042034464
0.300317 8.16493e+07 2.45206e+07 2570768800
0.377747 8.15243e+07 3.07956e+07 3236405824
0.476584 8.08056e+07 3.85106e+07 4074393312
0.598026 8.13274e+07 4.86359e+07 5129356832
0.751962 8.11375e+07 6.10123e+07 6457477184
0.945578 8.05315e+07 7.61488e+07 8129481856
1.19511 8.02735e+07 9.59359e+07 10234411072
