# filename: ./acpphint-WDK23_CA78C-32768MiB-threads_8-LP64-FreeBSD_main_n262658_b347c2284603_64bit-clang++_16_O3lto-libc++-DSIZE_ul-ISIZE_ul-using_4_threads.txt
# acpphint_main version: 0.1.33

9.9319e-05 151029 15 1952
0.000100777 188535 19 2368
0.000105776 217441 23 2784
0.000100984 267369 27 3200
0.000100099 309693 31 3616
0.0001001 389610 39 4448
9.6922e-05 484926 47 5280
0.000100724 583774 58.8001 6528
0.000102131 688663 70.3339 7776
0.000100776 857891 86.4548 9440
0.000102183 1.04365e+06 106.644 11520
0.000100099 1.30322e+06 130.451 14016
0.000101557 1.60054e+06 162.546 17344
0.000103536 1.95243e+06 202.147 21504
0.000101506 2.51217e+06 255 26912
0.000106557 2.9937e+06 319 33568
0.000105359 3.77428e+06 397.655 41888
0.000106714 4.66662e+06 497.994 52288
0.000105776 5.90925e+06 625.057 65600
0.000107495 7.30385e+06 785.128 82240
0.000112338 8.79968e+06 988.539 103456
0.000115984 1.07086e+07 1242.03 130080
0.000112234 1.39343e+07 1563.9 163360
0.000121244 1.62115e+07 1965.55 205376
0.000119943 2.05687e+07 2467.07 258208
0.000116297 2.6778e+07 3114.2 324768
0.000129889 3.01133e+07 3911.39 408384
0.000146452 3.3546e+07 4912.88 514048
0.000154211 4.02542e+07 6207.63 646752
0.000180512 4.32053e+07 7799.08 813984
0.000204729 4.78258e+07 9791.33 1024480
0.000239312 5.17473e+07 12383.7 1289472
0.000281965 5.51632e+07 15554.1 1623104
0.000341234 5.72228e+07 19526.4 2043264
0.000401543 6.15397e+07 24710.8 2572000
0.000486226 6.38129e+07 31027.5 3237600
0.00060195 6.4689e+07 38939.5 4075424
0.000718299 6.8645e+07 49307.6 5130400
0.000886467 6.98244e+07 61897.1 6458688
0.00108443 7.16229e+07 77669.8 8130592
0.00136853 7.19026e+07 98400.6 10235552
0.00175241 7.0466e+07 123486 12885472
0.00222041 6.97729e+07 154925 16221376
0.00286767 6.8456e+07 196309 20421312
0.0036994 6.65957e+07 246365 25708672
0.00492398 6.27609e+07 309034 32365088
0.00639011 6.12719e+07 391534 40744992
0.00823252 5.97048e+07 491521 51294752
0.0105937 5.81884e+07 616428 64575968
0.0135178 5.77669e+07 780880 81295840
0.0167823 5.84296e+07 980581 102345024
0.021773 5.64696e+07 1.22951e+06 128844640
0.0275063 5.66153e+07 1.55728e+06 162205344
0.0350202 5.58554e+07 1.95606e+06 204204288
0.0442569 5.54047e+07 2.45204e+06 257077888
0.0558594 5.55879e+07 3.10511e+06 323641632
0.0703959 5.54168e+07 3.90112e+06 407440256
0.0887813 5.50658e+07 4.88881e+06 512936608
0.111911 5.5305e+07 6.18922e+06 645748768
0.140609 5.53082e+07 7.77683e+06 812949152
0.176395 5.52273e+07 9.7418e+06 1023442240
0.223407 5.51815e+07 1.23279e+07 1288437152
0.283493 5.46371e+07 1.54893e+07 1622045856
0.351947 5.50954e+07 1.93906e+07 2042034464
0.441775 5.55048e+07 2.45206e+07 2570768800
0.556142 5.53736e+07 3.07956e+07 3236405824
0.708838 5.43292e+07 3.85106e+07 4074393312
0.885221 5.49421e+07 4.86359e+07 5129356832
1.1115 5.48921e+07 6.10123e+07 6457477184
