# filename: ./acpphint-WDK23_CA78C-32768MiB-threads_8-LP64-FreeBSD_main_n262658_b347c2284603_64bit-clang++_16_O3lto-libc++-DSIZE_ul-ISIZE_ul-using_6_threads.txt
# acpphint_main version: 0.1.33

0.000163273 140868 23 2928
0.000166711 173954 29 3552
0.000152024 230227 35 4176
0.000145513 281762 41 4800
0.000147545 318547 47 5424
0.000157232 375242 59 6672
0.000147909 480025 71 7920
0.000148378 597573 88.6667 9792
0.000146139 724579 105.889 11664
0.000148014 878911 130.091 14160
0.00016093 996732 160.404 17280
0.0001464 1.33942e+06 196.091 21024
0.000154576 1.58011e+06 244.247 26016
0.000153378 1.9793e+06 303.581 32256
0.000147337 2.59948e+06 383 40368
0.000157075 3.0495e+06 479 50352
0.000152544 3.91208e+06 596.764 62832
0.00015666 4.77031e+06 747.317 78432
0.000150306 6.23884e+06 937.734 98400
0.000149004 7.9051e+06 1177.89 123360
0.000151346 9.79798e+06 1482.89 155184
0.000162701 1.14483e+07 1862.64 195120
0.000169419 1.38465e+07 2345.86 245040
0.000174366 1.69063e+07 2947.89 308064
0.000179523 2.06045e+07 3698.98 387312
0.000179575 2.60117e+07 4671.04 487152
0.000177804 3.29892e+07 5865.6 612576
0.000189783 3.88083e+07 7365.16 771072
0.000213688 4.35718e+07 9310.78 970128
0.000235822 4.95927e+07 11695.1 1220976
0.000264362 5.55208e+07 14677.6 1536720
0.000281653 6.59475e+07 18574.3 1934208
0.000331547 7.03469e+07 23323.3 2434656
0.000395346 7.40347e+07 29269.3 3064896
0.000477894 7.75572e+07 37064.1 3858000
0.000567213 8.20235e+07 46524.8 4856400
0.000689394 8.46636e+07 58366.6 6113136
0.000833814 8.86991e+07 73958.5 7695600
0.00108641 8.54299e+07 92811.6 9688032
0.00141504 8.22702e+07 116415 12195888
0.00188548 7.82812e+07 147598 15353328
0.0025141 7.3648e+07 185158 19328208
0.00343775 6.75443e+07 232200 24332064
0.0044739 6.58154e+07 294451 30631968
0.0059193 6.2406e+07 369400 38563008
0.00769791 6.01668e+07 463158 48547632
0.00983281 5.97223e+07 587238 61117488
0.0123886 5.94876e+07 736966 76942128
0.0158316 5.83519e+07 923806 96863952
0.0201157 5.82178e+07 1.17109e+06 121943760
0.0254706 5.77198e+07 1.47016e+06 153517536
0.0326082 5.65019e+07 1.84243e+06 193266960
0.0412454 5.66165e+07 2.33517e+06 243308016
0.0518811 5.65204e+07 2.93234e+06 306306432
0.0657566 5.58696e+07 3.67379e+06 385616832
0.0829925 5.60913e+07 4.65516e+06 485462448
0.104746 5.58196e+07 5.84686e+06 611160384
0.132244 5.53711e+07 7.32251e+06 769404912
0.166153 5.58231e+07 9.27519e+06 968623152
0.208643 5.58391e+07 1.16504e+07 1219423728
0.263781 5.52841e+07 1.45829e+07 1535163360
0.331447 5.56978e+07 1.84609e+07 1932655728
0.418224 5.54337e+07 2.31837e+07 2433068784
0.52555 5.51683e+07 2.89937e+07 3063051696
0.660291 5.55303e+07 3.66662e+07 3856153200
0.833359 5.52127e+07 4.6012e+07 4854608736
1.04593 5.49315e+07 5.74547e+07 6111589968
