# filename: ./acpphint-WDK23_CA78C-32768MiB-threads_8-LP64-FreeBSD_main_n273201_e4ac0183a1a8_64bit-clang++_19_O3lto_CA76-libc++-cpulockdown-DSIZE_ul-ISIZE_ul-using_4_threads_creation_untimed-cpus_4_5_6_7.txt
# acpphint_main version: 0.1.41

2.3437e-05 640014 15 1952
2.6613e-05 713937 19 2368
2.604e-05 883257 23 2784
2.729e-05 989373 27 3200
2.6613e-05 1.16484e+06 31 3616
2.6769e-05 1.45691e+06 39 4448
2.6301e-05 1.787e+06 47 5280
2.7083e-05 2.17111e+06 58.8001 6528
2.7395e-05 2.5674e+06 70.3339 7776
2.552e-05 3.38773e+06 86.4548 9440
2.7602e-05 3.86362e+06 106.644 11520
2.5467e-05 5.12237e+06 130.451 14016
2.5936e-05 6.2672e+06 162.546 17344
2.7551e-05 7.3372e+06 202.147 21504
2.7343e-05 9.32597e+06 255 26912
2.8175e-05 1.13221e+07 319 33568
3.0312e-05 1.31187e+07 397.655 41888
2.7811e-05 1.79064e+07 497.994 52288
3.052e-05 2.04803e+07 625.057 65600
3.0572e-05 2.56813e+07 785.128 82240
3.1978e-05 3.09131e+07 988.539 103456
3.2967e-05 3.76748e+07 1242.03 130080
3.4061e-05 4.59148e+07 1563.9 163360
3.5467e-05 5.5419e+07 1965.55 205376
3.6665e-05 6.72869e+07 2467.07 258208
4.0675e-05 7.65631e+07 3114.2 324768
4.3279e-05 9.03761e+07 3911.39 408384
4.729e-05 1.03888e+08 4912.88 514048
5.3331e-05 1.16398e+08 6207.63 646752
6.2133e-05 1.25522e+08 7799.08 813984
6.5726e-05 1.48972e+08 9791.33 1024480
8.1715e-05 1.51548e+08 12383.7 1289472
9.4527e-05 1.64546e+08 15554.1 1623104
0.000115047 1.69725e+08 19526.4 2043264
0.000135671 1.82138e+08 24710.8 2572000
0.000165617 1.87345e+08 31027.5 3237600
0.000201448 1.93298e+08 38939.5 4075424
0.000244832 2.01394e+08 49307.6 5130400
0.000306495 2.01951e+08 61897.1 6458688
0.00037519 2.07015e+08 77669.8 8130592
0.00047758 2.0604e+08 98400.6 10235552
0.000639864 1.92987e+08 123486 12885472
0.000922246 1.67986e+08 154925 16221376
0.00136514 1.43802e+08 196309 20421312
0.00201641 1.2218e+08 246365 25708672
0.00283408 1.09042e+08 309034 32365088
0.00388304 1.00832e+08 391534 40744992
0.00519136 9.46806e+07 491521 51294752
0.00679008 9.07836e+07 616428 64575968
0.00883586 8.83762e+07 780880 81295840
0.0114416 8.57034e+07 980581 102345024
0.014702 8.36286e+07 1.22951e+06 128844640
0.0188477 8.26242e+07 1.55728e+06 162205344
0.0237671 8.23015e+07 1.95606e+06 204204288
0.0290322 8.44593e+07 2.45204e+06 257077888
0.0361801 8.58237e+07 3.10511e+06 323641632
0.0454525 8.58284e+07 3.90112e+06 407440256
0.0573808 8.51995e+07 4.88881e+06 512936608
0.0717979 8.62034e+07 6.18922e+06 645748768
0.0903967 8.60301e+07 7.77683e+06 812949152
0.113645 8.57214e+07 9.7418e+06 1023442240
0.142794 8.63335e+07 1.23279e+07 1288437152
0.179692 8.61988e+07 1.54893e+07 1622045856
0.226391 8.56509e+07 1.93906e+07 2042034464
0.285054 8.60209e+07 2.45206e+07 2570768800
0.359259 8.57198e+07 3.07956e+07 3236405824
0.452553 8.50965e+07 3.85106e+07 4074393312
0.569817 8.53536e+07 4.86359e+07 5129356832
0.717101 8.50819e+07 6.10123e+07 6457477184
0.903048 8.43242e+07 7.61488e+07 8129481856
1.13915 8.42172e+07 9.59359e+07 10234411072
