# filename: ./acpphint-WDK23_CA78C-32768MiB-threads_8-LP64-FreeBSD_main_n264334_215bab7924f6_64bit-clang++_16_O3lto_CA78C-libc++-cpulockdown-DSIZE_ul-ISIZE_ul-using_2_threads-cpus_6_7.txt
# acpphint_main version: 0.1.35

6.5466e-05 106926 7 976
6.6976e-05 134376 9 1184
6.3904e-05 172133 11 1392
6.6195e-05 196389 13 1600
6.5413e-05 229312 15 1808
6.5257e-05 291157 19 2224
6.5935e-05 348828 23 2640
6.4632e-05 447664 28.9334 3264
6.4372e-05 540273 34.7785 3888
6.4945e-05 659305 42.8186 4720
6.7133e-05 787728 52.8825 5760
6.6924e-05 968470 64.8139 7008
6.6924e-05 1.20803e+06 80.8465 8672
6.7288e-05 1.49677e+06 100.715 10752
6.7757e-05 1.87435e+06 127 13456
6.8799e-05 2.31108e+06 159 16784
6.932e-05 2.86422e+06 198.548 20944
6.906e-05 3.60076e+06 248.668 26144
7.0622e-05 4.42311e+06 312.369 32800
7.1247e-05 5.50716e+06 392.369 41120
7.4892e-05 6.59867e+06 494.187 51728
7.6871e-05 8.08343e+06 621.382 65040
7.9684e-05 9.8132e+06 781.955 81680
8.4371e-05 1.16532e+07 983.196 102688
8.8121e-05 1.40161e+07 1235.11 129104
9.5569e-05 1.62959e+07 1557.38 162384
0.000101401 1.93011e+07 1957.15 204192
0.000110985 2.21694e+07 2460.47 257024
0.000121296 2.55945e+07 3104.51 323376
0.00013765 2.8355e+07 3903.07 406992
0.000156868 3.12672e+07 4904.82 512240
0.000181814 3.40633e+07 6193.19 644736
0.000211083 3.68802e+07 7784.78 811552
0.000249624 3.91904e+07 9782.87 1021632
0.000296184 4.17225e+07 12357.5 1286000
0.00035915 4.32409e+07 15530 1618800
0.000435031 4.48505e+07 19511.4 2037712
0.000532267 4.63235e+07 24656.5 2565200
0.000657261 4.7138e+07 30982 3229344
0.000808972 4.81125e+07 38921.7 4065296
0.00100417 4.8998e+07 49202.3 5117776
0.00122796 5.03365e+07 61811.3 6442736
0.00154894 5.01264e+07 77642.6 8110688
0.00197137 4.97944e+07 98162.9 10210656
0.00253014 4.87412e+07 123322 12854336
0.00325558 4.75771e+07 154891 16182544
0.00418366 4.68039e+07 195811 20372496
0.00536907 4.58269e+07 246048 25647376
0.00687103 4.49703e+07 308992 32287984
0.0087799 4.4487e+07 390591 40647920
0.0112173 4.37623e+07 490894 51172512
0.0142598 4.32257e+07 616392 64422320
0.0180609 4.31372e+07 779097 81102672
0.0229217 4.27258e+07 979346 102102144
0.0290551 4.23172e+07 1.22953e+06 128538944
0.0365739 4.24869e+07 1.55391e+06 161820816
0.0461476 4.23341e+07 1.95361e+06 203720128
0.0580495 4.2244e+07 2.45225e+06 256468304
0.0732343 4.23127e+07 3.09874e+06 322874384
0.0918451 4.24218e+07 3.89624e+06 406474576
0.115735 4.22476e+07 4.88954e+06 511721120
0.145706 4.2395e+07 6.17721e+06 644218576
0.183035 4.24352e+07 7.76712e+06 811022928
0.230536 4.22661e+07 9.74384e+06 1021017232
0.290028 4.24281e+07 1.23053e+07 1285384400
0.36506 4.23763e+07 1.54699e+07 1618202912
0.458432 4.2309e+07 1.93958e+07 2037196656
0.576663 4.24482e+07 2.44783e+07 2564678416
0.726588 4.23307e+07 3.0757e+07 3228738592
0.914044 4.21455e+07 3.85229e+07 4064740928
1.15018 4.22168e+07 4.85571e+07 5117205536
