# filename: ./acpphint-WDK23_CA78C-32768MiB-threads_8-LP64-FreeBSD_main_n273201_e4ac0183a1a8_64bit-clang++_19_O3lto_CA76-libc++-cpulockdown-DSIZE_ull-ISIZE_ull-using_4_threads_creation_untimed-cpus_0_1_2_3.txt
# acpphint_main version: 0.1.41

3.1717e-05 472932 15 1952
3.5884e-05 529484 19 2368
2.8228e-05 814794 23 2784
3.203e-05 842960 27 3200
3.1822e-05 974169 31 3616
3.1665e-05 1.23164e+06 39 4448
3.2551e-05 1.44389e+06 47 5280
3.2915e-05 1.78642e+06 58.8001 6528
3.2863e-05 2.14021e+06 70.3339 7776
3.0519e-05 2.83282e+06 86.4548 9440
3.406e-05 3.13105e+06 106.644 11520
2.9009e-05 4.49693e+06 130.451 14016
2.8749e-05 5.65398e+06 162.546 17344
3.4269e-05 5.89884e+06 202.147 21504
3.2968e-05 7.73477e+06 255 26912
3.5779e-05 8.91584e+06 319 33568
3.5206e-05 1.12951e+07 397.655 41888
3.4946e-05 1.42504e+07 497.994 52288
3.6613e-05 1.7072e+07 625.057 65600
3.7915e-05 2.07076e+07 785.128 82240
3.8488e-05 2.56843e+07 988.539 103456
4.104e-05 3.02638e+07 1242.03 130080
4.2133e-05 3.71183e+07 1563.9 163360
4.4113e-05 4.45571e+07 1965.55 205376
4.6977e-05 5.25166e+07 2467.07 258208
5.0467e-05 6.17077e+07 3114.2 324768
5.7184e-05 6.84e+07 3911.39 408384
6.2081e-05 7.91366e+07 4912.88 514048
6.9841e-05 8.88824e+07 6207.63 646752
7.958e-05 9.8003e+07 7799.08 813984
9.2079e-05 1.06336e+08 9791.33 1024480
0.000105411 1.17481e+08 12383.7 1289472
0.000125619 1.2382e+08 15554.1 1623104
0.000149889 1.30272e+08 19526.4 2043264
0.00018171 1.3599e+08 24710.8 2572000
0.000221187 1.40277e+08 31027.5 3237600
0.000270195 1.44116e+08 38939.5 4075424
0.000330817 1.49048e+08 49307.6 5130400
0.00040373 1.53313e+08 61897.1 6458688
0.000504506 1.53952e+08 77669.8 8130592
0.000639708 1.53821e+08 98400.6 10235552
0.000823345 1.49981e+08 123486 12885472
0.0011552 1.3411e+08 154925 16221376
0.00161799 1.21329e+08 196309 20421312
0.00233145 1.0567e+08 246365 25708672
0.00320635 9.63817e+07 309034 32365088
0.00426744 9.17491e+07 391534 40744992
0.00561587 8.75236e+07 491521 51294752
0.00728906 8.45689e+07 616428 64575968
0.00943193 8.27911e+07 780880 81295840
0.0120947 8.10752e+07 980581 102345024
0.0154794 7.94289e+07 1.22951e+06 128844640
0.0197235 7.89555e+07 1.55728e+06 162205344
0.0247836 7.89258e+07 1.95606e+06 204204288
0.0298988 8.20113e+07 2.45204e+06 257077888
0.0372628 8.333e+07 3.10511e+06 323641632
0.0465113 8.38746e+07 3.90112e+06 407440256
0.0584829 8.35938e+07 4.88881e+06 512936608
0.0727616 8.50615e+07 6.18922e+06 645748768
0.0914449 8.50439e+07 7.77683e+06 812949152
0.115512 8.4336e+07 9.7418e+06 1023442240
0.145532 8.47095e+07 1.23279e+07 1288437152
0.182596 8.48281e+07 1.54893e+07 1622045856
0.230715 8.40458e+07 1.93906e+07 2042034464
0.290976 8.42702e+07 2.45206e+07 2570768800
0.366459 8.40355e+07 3.07956e+07 3236405824
0.460938 8.35485e+07 3.85106e+07 4074393312
0.580246 8.38194e+07 4.86359e+07 5129356832
0.730978 8.34667e+07 6.10123e+07 6457477184
0.919698 8.27976e+07 7.61488e+07 8129481856
1.15989 8.27112e+07 9.59359e+07 10234411072
