# filename: ./acpphint-WDK23_CA78C-32768MiB-threads_8-LP64-FreeBSD_main_n262658_b347c2284603_64bit-clang++_16_O3lto_CA78C-libc++-cpulockdown-DSIZE_ull-ISIZE_ull-using_2_threads-cpus_1_3.txt
# acpphint_main version: 0.1.33

9.9474e-05 70370.1 7 976
9.9422e-05 90523.2 9 1184
0.000102703 107105 11 1392
0.000100568 129266 13 1600
9.4006e-05 159564 15 1808
9.2652e-05 205068 19 2224
9.3537e-05 245892 23 2640
9.7704e-05 296133 28.9334 3264
9.4214e-05 369143 34.7785 3888
9.7704e-05 438248 42.8186 4720
9.8224e-05 538387 52.8825 5760
9.7182e-05 666933 64.8139 7008
9.7703e-05 827472 80.8465 8672
9.9318e-05 1.01406e+06 100.715 10752
9.8432e-05 1.29023e+06 127 13456
9.937e-05 1.60008e+06 159 16784
9.6037e-05 2.06741e+06 198.548 20944
9.661e-05 2.57394e+06 248.668 26144
9.8797e-05 3.16173e+06 312.369 32800
0.000100152 3.91773e+06 392.369 41120
0.000101245 4.8811e+06 494.187 51728
0.000104266 5.95958e+06 621.382 65040
0.00011036 7.08549e+06 781.955 81680
0.000118015 8.33111e+06 983.196 102688
0.000122442 1.00873e+07 1235.11 129104
0.000132285 1.17729e+07 1557.38 162384
0.000144524 1.35421e+07 1957.15 204192
0.000156191 1.5753e+07 2460.47 257024
0.000173324 1.79116e+07 3104.51 323376
0.000193793 2.01404e+07 3903.07 406992
0.000219052 2.23911e+07 4904.82 512240
0.000251446 2.46303e+07 6193.19 644736
0.000296756 2.62329e+07 7784.78 811552
0.000348264 2.80904e+07 9782.87 1021632
0.000410605 3.00959e+07 12357.5 1286000
0.000490185 3.16819e+07 15530 1618800
0.00059669 3.26993e+07 19511.4 2037712
0.000710017 3.47266e+07 24656.5 2565200
0.000887144 3.49233e+07 30982 3229344
0.00109672 3.54893e+07 38921.7 4065296
0.00135223 3.63862e+07 49202.3 5117776
0.00168429 3.66987e+07 61811.3 6442736
0.00211391 3.67295e+07 77642.6 8110688
0.00267096 3.67519e+07 98162.9 10210656
0.00339577 3.63164e+07 123322 12854336
0.00431817 3.58695e+07 154891 16182544
0.00552624 3.5433e+07 195811 20372496
0.00709928 3.46581e+07 246048 25647376
0.00903737 3.41905e+07 308992 32287984
0.0115059 3.3947e+07 390591 40647920
0.0146485 3.35115e+07 490894 51172512
0.0185923 3.31531e+07 616392 64422320
0.023565 3.30616e+07 779097 81102672
0.0297687 3.28985e+07 979346 102102144
0.0376679 3.26414e+07 1.22953e+06 128538944
0.0474757 3.27306e+07 1.55391e+06 161820816
0.0596696 3.27405e+07 1.95361e+06 203720128
0.0753948 3.25254e+07 2.45225e+06 256468304
0.0948197 3.26804e+07 3.09874e+06 322874384
0.118901 3.27688e+07 3.89624e+06 406474576
0.149511 3.27036e+07 4.88954e+06 511721120
0.188183 3.28255e+07 6.17721e+06 644218576
0.236667 3.28187e+07 7.76712e+06 811022928
0.297276 3.27771e+07 9.74384e+06 1021017232
0.374423 3.28648e+07 1.23053e+07 1285384400
0.470336 3.28911e+07 1.54699e+07 1618202912
0.591843 3.27718e+07 1.93958e+07 2037196656
0.74494 3.28594e+07 2.44783e+07 2564678416
0.93859 3.27694e+07 3.0757e+07 3228738592
1.17934 3.26648e+07 3.85229e+07 4064740928
