# filename: ./acpphint-WDK23_CA78C-32768MiB-threads_8-LP64-FreeBSD_main_n273201_e4ac0183a1a8_64bit-clang++_19_O3lto_CA76-libc++-DSIZE_ul-ISIZE_ul-using_2_threads_creation_untimed-cpus_2_3.txt
# acpphint_main version: 0.1.41

1e-05 700000 7 976
1.0156e-05 886176 9 1184
1.2135e-05 906469 11 1392
1.2083e-05 1.07589e+06 13 1600
1.2135e-05 1.23609e+06 15 1808
1.1979e-05 1.58611e+06 19 2224
1.2135e-05 1.89534e+06 23 2640
1.1353e-05 2.54853e+06 28.9334 3264
1.1615e-05 2.99427e+06 34.7785 3888
1.1614e-05 3.68681e+06 42.8186 4720
1.2499e-05 4.23094e+06 52.8825 5760
1.2603e-05 5.14274e+06 64.8139 7008
1.276e-05 6.33593e+06 80.8465 8672
1.3124e-05 7.67409e+06 100.715 10752
1.349e-05 9.41438e+06 127 13456
1.3541e-05 1.17421e+07 159 16784
1.3489e-05 1.47192e+07 198.548 20944
1.4895e-05 1.66948e+07 248.668 26144
1.5885e-05 1.96644e+07 312.369 32800
1.7083e-05 2.29684e+07 392.369 41120
1.8384e-05 2.68814e+07 494.187 51728
1.9843e-05 3.13149e+07 621.382 65040
2.229e-05 3.5081e+07 781.955 81680
2.5259e-05 3.89246e+07 983.196 102688
2.7967e-05 4.41632e+07 1235.11 129104
3.1561e-05 4.93451e+07 1557.38 162384
3.6977e-05 5.2929e+07 1957.15 204192
4.3592e-05 5.64433e+07 2460.47 257024
5.1717e-05 6.00288e+07 3104.51 323376
6.2497e-05 6.24522e+07 3903.07 406992
7.3955e-05 6.63216e+07 4904.82 512240
9.1714e-05 6.75272e+07 6193.19 644736
0.000111974 6.95231e+07 7784.78 811552
0.000135202 7.23575e+07 9782.87 1021632
0.000165565 7.46386e+07 12357.5 1286000
0.000204313 7.60107e+07 15530 1618800
0.000251707 7.75162e+07 19511.4 2037712
0.000309881 7.95676e+07 24656.5 2565200
0.000385242 8.04222e+07 30982 3229344
0.000480393 8.10205e+07 38921.7 4065296
0.000599971 8.20078e+07 49202.3 5117776
0.000752672 8.21225e+07 61811.3 6442736
0.000945215 8.21428e+07 77642.6 8110688
0.00120322 8.15833e+07 98162.9 10210656
0.00154946 7.95905e+07 123322 12854336
0.00198704 7.79506e+07 154891 16182544
0.00255665 7.65891e+07 195811 20372496
0.0032901 7.47843e+07 246048 25647376
0.00420105 7.35513e+07 308992 32287984
0.0053763 7.26505e+07 390591 40647920
0.00685071 7.16559e+07 490894 51172512
0.00871494 7.07282e+07 616392 64422320
0.0110691 7.03848e+07 779097 81102672
0.0139884 7.00111e+07 979346 102102144
0.0177307 6.93448e+07 1.22953e+06 128538944
0.0224634 6.91753e+07 1.55391e+06 161820816
0.0283238 6.89743e+07 1.95361e+06 203720128
0.0359865 6.81434e+07 2.45225e+06 256468304
0.045675 6.78433e+07 3.09874e+06 322874384
0.0575115 6.77471e+07 3.89624e+06 406474576
0.0718803 6.80234e+07 4.88954e+06 511721120
0.090671 6.81278e+07 6.17721e+06 644218576
0.114443 6.78687e+07 7.76712e+06 811022928
0.14427 6.75391e+07 9.74384e+06 1021017232
0.181988 6.76161e+07 1.23053e+07 1285384400
0.228919 6.7578e+07 1.54699e+07 1618202912
0.289105 6.7089e+07 1.93958e+07 2037196656
0.365408 6.6989e+07 2.44783e+07 2564678416
0.458518 6.70792e+07 3.0757e+07 3228738592
0.577516 6.67045e+07 3.85229e+07 4064740928
0.727832 6.67147e+07 4.85571e+07 5117205536
0.917739 6.63978e+07 6.09359e+07 6442179888
1.1554 6.59311e+07 7.61765e+07 8110223824
