# filename: ./acpphint-WDK23_CA78C-32768MiB-threads_8-LP64-FreeBSD_main_n262658_b347c2284603_64bit-g++_13_O3lto_CA78C-libc++-DSIZE_ul-ISIZE_ul-using_8_threads-cpus_0_1_2_3_4_5_6_7.txt
# acpphint_main version: 0.1.33

0.000194886 159067 31 3904
0.000195512 199476 39 4736
0.000193116 243377 47 5568
0.00019322 284650 55 6400
0.000187804 335456 63 7232
0.000182804 432157 79 8896
0.00018723 507397 95 10560
0.000186085 636985 118.533 13056
0.000193272 731843 141.445 15552
0.000185512 936475 173.727 18880
0.000205042 1.04449e+06 214.164 23040
0.00019348 1.35276e+06 261.732 28032
0.000190043 1.71513e+06 325.949 34688
0.000193845 2.08937e+06 405.014 43008
0.000192647 2.65252e+06 511 53824
0.000196969 3.24416e+06 639 67136
0.000200563 3.9682e+06 795.875 83776
0.000195772 5.09081e+06 996.639 104576
0.000196241 6.3718e+06 1250.41 131200
0.000206605 7.60222e+06 1570.66 164480
0.000209052 9.45808e+06 1977.23 206912
0.000220875 1.12428e+07 2483.26 260160
0.000218323 1.43266e+07 3127.82 326720
0.000231186 1.70003e+07 3930.23 410752
0.000238843 2.06448e+07 4930.87 516416
0.000242176 2.57164e+07 6227.89 649536
0.000253842 3.08058e+07 7819.82 816768
0.000260352 3.77082e+07 9817.41 1028096
0.000279466 4.44202e+07 12413.9 1293504
0.000313735 4.96949e+07 15591 1627968
0.00034415 5.68467e+07 19563.8 2048960
0.000376284 6.58143e+07 24764.9 2578944
0.000449406 6.91858e+07 31092.5 3246208
0.000520808 7.4907e+07 39012.1 4086528
0.000608303 8.1238e+07 49417.3 5144000
0.000743662 8.34008e+07 62022 6475200
0.000900633 8.63762e+07 77793.3 8150848
0.00114093 8.64285e+07 98609.2 10260800
0.00149805 8.2591e+07 123726 12917376
0.00196267 7.90556e+07 155160 16261184
0.00260263 7.56134e+07 196794 20471104
0.00348118 7.09037e+07 246829 25770944
0.00467701 6.61688e+07 309472 32442752
0.00619892 6.33318e+07 392589 40842624
0.00805638 6.11228e+07 492428 51417344
0.0103943 5.93853e+07 617270 64730176
0.0133316 5.87269e+07 782923 81489984
0.0169486 5.79624e+07 982382 102589504
0.0215522 5.71235e+07 1.23114e+06 129151936
0.0272993 5.71896e+07 1.56124e+06 162591680
0.0345946 5.66453e+07 1.95962e+06 204690048
0.0438591 5.59785e+07 2.45516e+06 257689280
0.0553792 5.62084e+07 3.11277e+06 324410688
0.0697683 5.60164e+07 3.90817e+06 408408576
0.0881576 5.55238e+07 4.89484e+06 514155776
0.111244 5.57701e+07 6.20409e+06 647283264
0.140138 5.55939e+07 7.79083e+06 814880512
0.176671 5.52068e+07 9.75343e+06 1025873216
0.222119 5.5631e+07 1.23567e+07 1291497536
0.279785 5.54606e+07 1.5517e+07 1625898304
0.352138 5.51291e+07 1.9413e+07 2046884480
0.443207 5.5451e+07 2.45763e+07 2576874304
0.557987 5.52889e+07 3.08505e+07 3244091712
0.702447 5.48848e+07 3.85537e+07 4084068928
0.884655 5.50981e+07 4.87428e+07 5141537600
1.11382 5.48741e+07 6.11202e+07 6472811648
