# filename: ./acpphint-WDK23_CA78C-32768MiB-threads_8-LP64-FreeBSD_main_n262658_b347c2284603_64bit-g++_13_O3lto_CA78C-libc++-DSIZE_ul-ISIZE_ul-using_6_threads.txt
# acpphint_main version: 0.1.33

0.000141139 162960 23 2928
0.000145149 199795 29 3552
0.000144889 241564 35 4176
0.000142441 287838 41 4800
0.000139733 336356 47 5424
0.000143847 410158 59 6672
0.000146607 484288 71 7920
0.00014817 598412 88.6667 9792
0.000147597 717422 105.889 11664
0.000148117 878300 130.091 14160
0.000141243 1.13566e+06 160.404 17280
0.000148535 1.32017e+06 196.091 21024
0.000141868 1.72165e+06 244.247 26016
0.000150566 2.01626e+06 303.581 32256
0.00014744 2.59767e+06 383 40368
0.000146348 3.27302e+06 479 50352
0.00015218 3.92144e+06 596.764 62832
0.000158222 4.72322e+06 747.317 78432
0.000161763 5.79696e+06 937.734 98400
0.000161867 7.27691e+06 1177.89 123360
0.000166762 8.89223e+06 1482.89 155184
0.000175096 1.06378e+07 1862.64 195120
0.00017322 1.35427e+07 2345.86 245040
0.000180303 1.63496e+07 2947.89 308064
0.000166294 2.22436e+07 3698.98 387312
0.0001752 2.66612e+07 4671.04 487152
0.000190563 3.07804e+07 5865.6 612576
0.000204365 3.60392e+07 7365.16 771072
0.000223114 4.1731e+07 9310.78 970128
0.000246134 4.7515e+07 11695.1 1220976
0.000287434 5.10642e+07 14677.6 1536720
0.000335556 5.53538e+07 18574.3 1934208
0.000394825 5.90725e+07 23323.3 2434656
0.000478414 6.11799e+07 29269.3 3064896
0.000566795 6.53925e+07 37064.1 3858000
0.000675227 6.89024e+07 46524.8 4856400
0.000806315 7.23868e+07 58366.6 6113136
0.000966776 7.65002e+07 73958.5 7695600
0.00119687 7.75453e+07 92811.6 9688032
0.00151956 7.66112e+07 116415 12195888
0.00193615 7.62324e+07 147598 15353328
0.00255217 7.25494e+07 185158 19328208
0.00333786 6.95657e+07 232200 24332064
0.00442442 6.65514e+07 294451 30631968
0.0057942 6.37534e+07 369400 38563008
0.00736412 6.28939e+07 463158 48547632
0.00953365 6.15963e+07 587238 61117488
0.0125282 5.88246e+07 736966 76942128
0.0160344 5.76139e+07 923806 96863952
0.0204088 5.73817e+07 1.17109e+06 121943760
0.0258396 5.68955e+07 1.47016e+06 153517536
0.0328099 5.61547e+07 1.84243e+06 193266960
0.041317 5.65184e+07 2.33517e+06 243308016
0.0520905 5.62932e+07 2.93234e+06 306306432
0.0660425 5.56277e+07 3.67379e+06 385616832
0.0828417 5.61934e+07 4.65516e+06 485462448
0.104918 5.57279e+07 5.84686e+06 611160384
0.132082 5.5439e+07 7.32251e+06 769404912
0.165693 5.5978e+07 9.27519e+06 968623152
0.209367 5.5646e+07 1.16504e+07 1219423728
0.26522 5.49842e+07 1.45829e+07 1535163360
0.331085 5.57587e+07 1.84609e+07 1932655728
0.416739 5.56312e+07 2.31837e+07 2433068784
0.529278 5.47797e+07 2.89937e+07 3063051696
0.663085 5.52964e+07 3.66662e+07 3856153200
0.835912 5.5044e+07 4.6012e+07 4854608736
1.05439 5.44908e+07 5.74547e+07 6111589968
