# filename: ./acpphint-WDK23_CA78C-32768MiB-threads_8-LP64-FreeBSD_main_n262658_b347c2284603_64bit-g++_13_O3lto_CA78C-libstdc++-DSIZE_ull-ISIZE_ull-using_2_threads-cpus_2_3.txt
# acpphint_main version: 0.1.33

0.000103276 67779.5 7 976
0.000101766 88438.2 9 1184
0.000100776 109153 11 1392
0.000101349 128270 13 1600
0.000101297 148079 15 1808
9.8954e-05 192008 19 2224
9.8277e-05 234032 23 2640
0.000102547 282148 28.9334 3264
0.000102026 340878 34.7785 3888
0.000100464 426208 42.8186 4720
0.000103745 509736 52.8825 5760
0.000103016 629164 64.8139 7008
0.000102964 785192 80.8465 8672
0.000104891 960184 100.715 10752
0.000105933 1.19887e+06 127 13456
0.00010536 1.50911e+06 159 16784
0.000108901 1.8232e+06 198.548 20944
0.000111453 2.23115e+06 248.668 26144
0.000111141 2.81057e+06 312.369 32800
0.000113536 3.4559e+06 392.369 41120
0.000120515 4.10063e+06 494.187 51728
0.000119161 5.21464e+06 621.382 65040
0.000129421 6.04195e+06 781.955 81680
0.000139837 7.03102e+06 983.196 102688
0.000148118 8.33871e+06 1235.11 129104
0.00016067 9.69303e+06 1557.38 162384
0.000175409 1.11577e+07 1957.15 204192
0.000194835 1.26285e+07 2460.47 257024
0.000218635 1.41995e+07 3104.51 323376
0.000244572 1.59588e+07 3903.07 406992
0.000280195 1.7505e+07 4904.82 512240
0.00032514 1.90478e+07 6193.19 644736
0.000385086 2.02157e+07 7784.78 811552
0.000452791 2.16057e+07 9782.87 1021632
0.000537682 2.2983e+07 12357.5 1286000
0.000637521 2.436e+07 15530 1618800
0.000762307 2.55952e+07 19511.4 2037712
0.000922715 2.67217e+07 24656.5 2565200
0.00112271 2.75958e+07 30982 3229344
0.00137426 2.8322e+07 38921.7 4065296
0.0016906 2.91036e+07 49202.3 5117776
0.00208079 2.97057e+07 61811.3 6442736
0.00261378 2.97051e+07 77642.6 8110688
0.00321781 3.05061e+07 98162.9 10210656
0.00404933 3.04549e+07 123322 12854336
0.00506335 3.05906e+07 154891 16182544
0.00631042 3.10298e+07 195811 20372496
0.00790581 3.11224e+07 246048 25647376
0.00988743 3.1251e+07 308992 32287984
0.0124778 3.13028e+07 390591 40647920
0.0156706 3.13257e+07 490894 51172512
0.0195736 3.14909e+07 616392 64422320
0.0245697 3.17096e+07 779097 81102672
0.030965 3.16276e+07 979346 102102144
0.0389759 3.1546e+07 1.22953e+06 128538944
0.0489544 3.1742e+07 1.55391e+06 161820816
0.0614966 3.17678e+07 1.95361e+06 203720128
0.0775667 3.16147e+07 2.45225e+06 256468304
0.0973361 3.18355e+07 3.09874e+06 322874384
0.122734 3.17455e+07 3.89624e+06 406474576
0.154134 3.17228e+07 4.88954e+06 511721120
0.194124 3.1821e+07 6.17721e+06 644218576
0.241298 3.21888e+07 7.76712e+06 811022928
0.305933 3.18496e+07 9.74384e+06 1021017232
0.385729 3.19015e+07 1.23053e+07 1285384400
0.485334 3.18747e+07 1.54699e+07 1618202912
0.610752 3.17572e+07 1.93958e+07 2037196656
0.769499 3.18107e+07 2.44783e+07 2564678416
0.968331 3.17629e+07 3.0757e+07 3228738592
1.22017 3.15716e+07 3.85229e+07 4064740928
