# filename: ./acpphint-WDK23_CA78C-32768MiB-threads_8-LP64-FreeBSD_main_n264334_215bab7924f6_64bit-clang++_16_O3lto_CA78C-libc++-DSIZE_ul-ISIZE_ul-using_1_threads.txt
# acpphint_main version: 0.1.35

5.09396e-08 1.96311e+07 1 280
9.17787e-08 2.17916e+07 2 384
1.27311e-07 2.35643e+07 3 488
1.57694e-07 2.53655e+07 4 592
1.84033e-07 2.7169e+07 5 696
2.12346e-07 2.82558e+07 6 800
2.33182e-07 3.00195e+07 7 904
3.06667e-07 2.93478e+07 9 1112
3.542e-07 3.10559e+07 11 1320
4.38333e-07 3.19392e+07 14 1632
5.13e-07 3.31384e+07 17 1944
5.33813e-07 3.93397e+07 21 2360
6.5975e-07 3.94089e+07 26 2880
8.02e-07 3.99002e+07 32 3504
1.20437e-06 3.32122e+07 40 4336
1.24983e-06 4.00053e+07 50 5376
1.862e-06 3.38346e+07 63 6728
2.3175e-06 3.40885e+07 79 8392
2.8775e-06 3.44049e+07 99 10472
3.4895e-06 3.55352e+07 124 13072
4.531e-06 3.44295e+07 156 16400
5.625e-06 3.48444e+07 196 20560
7.031e-06 3.51301e+07 247 25864
9.218e-06 3.37383e+07 311 32520
9.635e-06 4.05812e+07 391 40840
1.4114e-05 3.4859e+07 492 51344
1.8176e-05 3.40559e+07 619 64552
2.2447e-05 3.4704e+07 779 81192
2.9686e-05 3.30122e+07 980 102096
3.7134e-05 3.3231e+07 1234 128512
3.88e-05 4.00258e+07 1553 161688
4.8852e-05 4.00188e+07 1955 203496
6.1508e-05 4.0011e+07 2461 256120
9.135e-05 3.39135e+07 3098 322368
9.7391e-05 4.00447e+07 3900 405776
0.000141452 3.47114e+07 4909.99 510816
0.000184678 3.3469e+07 6180.99 643000
0.000227854 3.4149e+07 7780.99 809400
0.000292799 3.34529e+07 9794.98 1018856
0.000376961 3.27115e+07 12331 1282600
0.000482061 3.22033e+07 15523.9 1614672
0.000599711 3.25872e+07 19542.9 2032648
0.000760381 3.2356e+07 24602.9 2558888
0.000960006 3.22631e+07 30972.8 3221368
0.00120156 3.24509e+07 38991.6 4055344
0.00149279 3.2883e+07 49087.4 5105328
0.00197261 3.13275e+07 61797.1 6427168
0.00246108 3.16111e+07 77797.6 8091272
0.00315662 3.10271e+07 97940.8 10186248
0.00325886 3.78352e+07 123299 12823688
0.00532292 2.91613e+07 155223 16143992
0.00672801 2.90445e+07 195412 20323960
0.00821018 2.99635e+07 246006 25586256
0.00888463 3.48578e+07 309699 32211160
0.0113457 3.43636e+07 389880 40551336
0.0144398 3.39907e+07 490818 51051072
0.018383 3.36117e+07 617885 64269472
0.0233668 3.32883e+07 777842 80910408
0.0295542 3.31323e+07 979199 101860064
0.0374146 3.29461e+07 1.23267e+06 128234152
0.0472217 3.28603e+07 1.55172e+06 161437192
0.076127 2.56586e+07 1.95331e+06 203237288
0.0749446 3.28081e+07 2.45879e+06 255860560
0.113698 2.72209e+07 3.09497e+06 322109288
0.118748 3.28058e+07 3.89561e+06 405511464
0.192358 2.54896e+07 4.90313e+06 510508616
0.226392 2.72574e+07 6.17085e+06 642692200
0.305299 2.54365e+07 7.76575e+06 809101456
0.297671 3.28279e+07 9.77193e+06 1018598328
0.477206 2.57643e+07 1.22949e+07 1282339208
0.47148 3.2805e+07 1.54669e+07 1614369296
0.740421 2.62736e+07 1.94535e+07 2032370464
0.967372 2.52869e+07 2.44618e+07 2558602768
0.940818 3.26846e+07 3.07503e+07 3221089944
1.18466 3.26175e+07 3.86407e+07 4055111912
