# filename: ./acpphint-WDK23_CA78C-32768MiB-threads_8-LP64-FreeBSD_main_n262658_b347c2284603_64bit-clang++_16_O3lto-libc++-cpulockdown-DSIZE_ull-ISIZE_ull-using_2_threads-cpus_2_6.txt
# acpphint_main version: 0.1.33

7.4788e-05 93597.9 7 976
7.2601e-05 123965 9 1184
0.000107756 102082 11 1392
6.932e-05 187536 13 1600
6.9268e-05 216550 15 1808
7.1924e-05 264168 19 2224
7.3486e-05 312985 23 2640
6.8278e-05 423759 28.9334 3264
7.031e-05 494645 34.7785 3888
7.3799e-05 580205 42.8186 4720
7.1715e-05 737398 52.8825 5760
6.5934e-05 983012 64.8139 7008
6.984e-05 1.1576e+06 80.8465 8672
7.0309e-05 1.43246e+06 100.715 10752
6.8695e-05 1.84875e+06 127 13456
7.4319e-05 2.13943e+06 159 16784
7.0309e-05 2.82393e+06 198.548 20944
8.1142e-05 3.06461e+06 248.668 26144
7.2704e-05 4.29645e+06 312.369 32800
8.1558e-05 4.81091e+06 392.369 41120
7.9215e-05 6.23856e+06 494.187 51728
7.76e-05 8.0075e+06 621.382 65040
7.9683e-05 9.81332e+06 781.955 81680
8.3486e-05 1.17768e+07 983.196 102688
8.9267e-05 1.38362e+07 1235.11 129104
9.4215e-05 1.65301e+07 1557.38 162384
0.00010312 1.89794e+07 1957.15 204192
0.000118119 2.08305e+07 2460.47 257024
0.000133171 2.33122e+07 3104.51 323376
0.0001627 2.39894e+07 3903.07 406992
0.000177283 2.76666e+07 4904.82 512240
0.000210511 2.94198e+07 6193.19 644736
0.000253998 3.0649e+07 7784.78 811552
0.000303474 3.22363e+07 9782.87 1021632
0.000367274 3.36466e+07 12357.5 1286000
0.000451697 3.43814e+07 15530 1618800
0.00055638 3.50684e+07 19511.4 2037712
0.000679759 3.62724e+07 24656.5 2565200
0.000847094 3.65745e+07 30982 3229344
0.00104109 3.73853e+07 38921.7 4065296
0.00130494 3.77048e+07 49202.3 5117776
0.0016331 3.78491e+07 61811.3 6442736
0.00205303 3.78186e+07 77642.6 8110688
0.00259326 3.78531e+07 98162.9 10210656
0.00332088 3.71353e+07 123322 12854336
0.00424542 3.64842e+07 154891 16182544
0.00547479 3.5766e+07 195811 20372496
0.00700898 3.51047e+07 246048 25647376
0.00893957 3.45646e+07 308992 32287984
0.0113935 3.42819e+07 390591 40647920
0.0145554 3.37258e+07 490894 51172512
0.0184678 3.33766e+07 616392 64422320
0.0234331 3.32477e+07 779097 81102672
0.0296391 3.30423e+07 979346 102102144
0.0375313 3.27602e+07 1.22953e+06 128538944
0.0474481 3.27497e+07 1.55391e+06 161820816
0.0596952 3.27265e+07 1.95361e+06 203720128
0.0754412 3.25054e+07 2.45225e+06 256468304
0.0947956 3.26887e+07 3.09874e+06 322874384
0.118932 3.27602e+07 3.89624e+06 406474576
0.149517 3.27022e+07 4.88954e+06 511721120
0.188416 3.2785e+07 6.17721e+06 644218576
0.236732 3.28097e+07 7.76712e+06 811022928
0.297237 3.27814e+07 9.74384e+06 1021017232
0.374172 3.28868e+07 1.23053e+07 1285384400
0.471218 3.28296e+07 1.54699e+07 1618202912
0.592789 3.27195e+07 1.93958e+07 2037196656
0.746497 3.27909e+07 2.44783e+07 2564678416
0.93975 3.27289e+07 3.0757e+07 3228738592
1.18196 3.25924e+07 3.85229e+07 4064740928
