# filename: ./acpphint-WDK23_CA78C-32768MiB-threads_8-LP64-FreeBSD_main_n262658_b347c2284603_64bit-g++_13_O3lto_CA78C-libstdc++-cpulockdown-DSIZE_ul-ISIZE_ul-using_4_threads.txt
# acpphint_main version: 0.1.33

0.000135983 110308 15 1952
0.000130567 145519 19 2368
0.000138327 166273 23 2784
0.000141712 190527 27 3200
0.000132858 233332 31 3616
0.000133171 292857 39 4448
0.000128587 365511 47 5280
0.000132025 445371 58.8001 6528
0.000133171 528147 70.3339 7776
0.000130046 664802 86.4548 9440
0.000147076 725092 106.644 11520
0.000131088 995144 130.451 14016
0.000136296 1.1926e+06 162.546 17344
0.000134629 1.50151e+06 202.147 21504
0.000136712 1.86523e+06 255 26912
0.000140253 2.27446e+06 319 33568
0.000140618 2.82791e+06 397.655 41888
0.00014718 3.38357e+06 497.994 52288
0.000144055 4.33902e+06 625.057 65600
0.000153482 5.11544e+06 785.128 82240
0.000150045 6.58828e+06 988.539 103456
0.000158534 7.83444e+06 1242.03 130080
0.000162284 9.63683e+06 1563.9 163360
0.000164784 1.1928e+07 1965.55 205376
0.000170513 1.44685e+07 2467.07 258208
0.000172856 1.80162e+07 3114.2 324768
0.000187074 2.09082e+07 3911.39 408384
0.000198584 2.47395e+07 4912.88 514048
0.00020874 2.97386e+07 6207.63 646752
0.000232176 3.35912e+07 7799.08 813984
0.000265769 3.68415e+07 9791.33 1024480
0.000308631 4.01248e+07 12383.7 1289472
0.000366128 4.24826e+07 15554.1 1623104
0.000426959 4.57336e+07 19526.4 2043264
0.000508465 4.85989e+07 24710.8 2572000
0.000609398 5.0915e+07 31027.5 3237600
0.000735642 5.29327e+07 38939.5 4075424
0.000894071 5.51495e+07 49307.6 5130400
0.00109193 5.66861e+07 61897.1 6458688
0.00134514 5.77409e+07 77669.8 8130592
0.00166424 5.91264e+07 98400.6 10235552
0.0020737 5.95485e+07 123486 12885472
0.00259352 5.97353e+07 154925 16221376
0.00327015 6.00307e+07 196309 20421312
0.0040773 6.04234e+07 246365 25708672
0.0052285 5.91056e+07 309034 32365088
0.00668061 5.86075e+07 391534 40744992
0.00860849 5.70972e+07 491521 51294752
0.0109986 5.60459e+07 616428 64575968
0.0140223 5.56883e+07 780880 81295840
0.0177942 5.51067e+07 980581 102345024
0.0223403 5.50356e+07 1.22951e+06 128844640
0.0278308 5.59552e+07 1.55728e+06 162205344
0.0359288 5.44428e+07 1.95606e+06 204204288
0.0454106 5.3997e+07 2.45204e+06 257077888
0.0573015 5.4189e+07 3.10511e+06 323641632
0.071942 5.42259e+07 3.90112e+06 407440256
0.0903062 5.41359e+07 4.88881e+06 512936608
0.113134 5.47071e+07 6.18922e+06 645748768
0.142125 5.47184e+07 7.77683e+06 812949152
0.178978 5.44301e+07 9.7418e+06 1023442240
0.225019 5.4786e+07 1.23279e+07 1288437152
0.283036 5.47255e+07 1.54893e+07 1622045856
0.356361 5.44128e+07 1.93906e+07 2042034464
0.448247 5.47034e+07 2.45206e+07 2570768800
0.565153 5.44908e+07 3.07956e+07 3236405824
0.710975 5.4166e+07 3.85106e+07 4074393312
0.895226 5.4328e+07 4.86359e+07 5129356832
1.12607 5.41816e+07 6.10123e+07 6457477184
