# filename: ./acpphint-WDK23_CA78C-32768MiB-threads_8-LP64-FreeBSD_main_n273201_e4ac0183a1a8_64bit-g++_14_O3lto_CA76-libstdc++-cpulockdown-DSIZE_ul-ISIZE_ul-using_2_threads_creation_untimed-cpus_2_6.txt
# acpphint_main version: 0.1.41

4.38593e-06 1.59601e+06 7 976
4.32745e-06 2.07974e+06 9 1184
4.43856e-06 2.47828e+06 11 1392
4.21225e-06 3.08624e+06 13 1600
4.07e-06 3.6855e+06 15 1808
4.4166e-06 4.30195e+06 19 2224
4.1275e-06 5.57238e+06 23 2640
4.149e-06 6.97359e+06 28.9334 3264
4.18367e-06 8.31291e+06 34.7785 3888
4.4005e-06 9.73038e+06 42.8186 4720
4.479e-06 1.18068e+07 52.8825 5760
4.609e-06 1.40625e+07 64.8139 7008
5.078e-06 1.59209e+07 80.8465 8672
5.312e-06 1.89598e+07 100.715 10752
5.833e-06 2.17727e+07 127 13456
6.51e-06 2.4424e+07 159 16784
7.031e-06 2.82389e+07 198.548 20944
7.708e-06 3.22611e+07 248.668 26144
8.385e-06 3.72533e+07 312.369 32800
9.531e-06 4.11676e+07 392.369 41120
1.0312e-05 4.79235e+07 494.187 51728
1.1875e-05 5.23269e+07 621.382 65040
1.3854e-05 5.64425e+07 781.955 81680
1.6562e-05 5.93646e+07 983.196 102688
2.0051e-05 6.15986e+07 1235.11 129104
2.5468e-05 6.11504e+07 1557.38 162384
3.1457e-05 6.22168e+07 1957.15 204192
3.88e-05 6.34143e+07 2460.47 257024
4.9686e-05 6.24826e+07 3104.51 323376
6.1247e-05 6.37268e+07 3903.07 406992
7.7965e-05 6.29105e+07 4904.82 512240
9.7704e-05 6.33873e+07 6193.19 644736
0.000123483 6.30433e+07 7784.78 811552
0.000154576 6.32884e+07 9782.87 1021632
0.000194574 6.35107e+07 12357.5 1286000
0.000243062 6.38931e+07 15530 1618800
0.000304933 6.39858e+07 19511.4 2037712
0.000382377 6.44821e+07 24656.5 2565200
0.000482268 6.42423e+07 30982 3229344
0.000604658 6.43698e+07 38921.7 4065296
0.000760171 6.47253e+07 49202.3 5117776
0.000955214 6.47093e+07 61811.3 6442736
0.0011977 6.48263e+07 77642.6 8110688
0.00149248 6.57717e+07 98162.9 10210656
0.00191017 6.45608e+07 123322 12854336
0.00238624 6.49101e+07 154891 16182544
0.00301423 6.49623e+07 195811 20372496
0.00381273 6.45332e+07 246048 25647376
0.00480732 6.42754e+07 308992 32287984
0.0060835 6.42049e+07 390591 40647920
0.00777275 6.31557e+07 490894 51172512
0.00970265 6.35282e+07 616392 64422320
0.0122837 6.34251e+07 779097 81102672
0.0155206 6.30998e+07 979346 102102144
0.0197443 6.22728e+07 1.22953e+06 128538944
0.0247081 6.28909e+07 1.55391e+06 161820816
0.0317524 6.15265e+07 1.95361e+06 203720128
0.0398908 6.1474e+07 2.45225e+06 256468304
0.0499278 6.20645e+07 3.09874e+06 322874384
0.0629775 6.18672e+07 3.89624e+06 406474576
0.0795406 6.14723e+07 4.88954e+06 511721120
0.0997846 6.19055e+07 6.17721e+06 644218576
0.125575 6.18524e+07 7.76712e+06 811022928
0.158031 6.16579e+07 9.74384e+06 1021017232
0.198956 6.18494e+07 1.23053e+07 1285384400
0.25077 6.16896e+07 1.54699e+07 1618202912
0.315916 6.13954e+07 1.93958e+07 2037196656
0.396865 6.16791e+07 2.44783e+07 2564678416
0.498836 6.16575e+07 3.0757e+07 3228738592
0.628445 6.12987e+07 3.85229e+07 4064740928
0.792282 6.12876e+07 4.85571e+07 5117205536
0.994793 6.12548e+07 6.09359e+07 6442179888
1.2526 6.08146e+07 7.61765e+07 8110223824
