# filename: ./acpphint-WDK23_CA78C-32768MiB-threads_8-LP64-FreeBSD_main_n273201_e4ac0183a1a8_64bit-g++_14_O3lto_CA76-libstdc++-cpulockdown-DSIZE_ull-ISIZE_ull-using_7_threads.txt
# acpphint_main version: 0.1.41

0.000110203 245002 27 3416
0.000109994 309108 34 4144
0.00011437 358486 41 4872
0.000109474 438460 48 5600
0.000116922 470399 55 6328
0.000111662 617936 69 7784
0.000110151 753511 83 9240
0.000113172 915421 103.6 11424
0.000109161 1.13289e+06 123.667 13608
0.000108745 1.39693e+06 151.909 16520
0.00011364 1.64805e+06 187.284 20160
0.00011187 2.04623e+06 228.911 24528
0.000111037 2.5676e+06 285.098 30352
0.00011265 3.14512e+06 354.297 37632
0.000112807 3.96252e+06 447 47096
0.000110099 5.07725e+06 559 58744
0.00011213 6.20993e+06 696.319 73304
0.000114474 7.61726e+06 871.978 91504
0.000109109 1.00273e+07 1094.07 114800
0.000112599 1.2205e+07 1374.27 143920
0.000114161 1.51546e+07 1730.06 181048
0.000114057 1.90514e+07 2172.95 227640
0.000116817 2.34285e+07 2736.84 285880
0.00010838 3.17315e+07 3439.06 359408
0.00011463 3.76422e+07 4314.93 451864
0.000121817 4.47349e+07 5449.47 568344
0.000127077 5.3847e+07 6842.71 714672
0.000133588 6.43118e+07 8591.29 899584
0.000143379 7.57597e+07 10862.4 1131816
0.00015343 8.89203e+07 13643 1424472
0.000164262 1.04228e+08 17120.7 1792840
0.000177908 1.21802e+08 21669.6 2256576
0.000201136 1.35271e+08 27207.9 2840432
0.00023202 1.47146e+08 34140.8 3575712
0.000272643 1.58598e+08 43240.7 4501000
0.00032363 1.67702e+08 54273.4 5665800
0.000389668 1.74713e+08 68080 7131992
0.000468414 1.84204e+08 86283.9 8978200
0.000591482 1.83046e+08 108269 11302704
0.000776629 1.74842e+08 135788 14228536
0.0011162 1.5427e+08 172196 17912216
0.00164471 1.31326e+08 215994 22549576
0.00240165 1.12771e+08 270837 28387408
0.00333874 1.02889e+08 343521 35737296
0.00453181 9.50867e+07 430915 44990176
0.00599903 9.00506e+07 540216 56638904
0.00785842 8.71782e+07 685083 71303736
0.0101818 8.44324e+07 859677 89765816
0.0131296 8.20646e+07 1.07748e+06 113007944
0.0167982 8.13284e+07 1.36617e+06 142267720
0.0211325 8.11502e+07 1.7149e+06 179103792
0.0264737 8.11682e+07 2.14882e+06 225478120
0.0330395 8.24469e+07 2.72401e+06 283859352
0.0412423 8.29321e+07 3.42031e+06 357357504
0.0512816 8.35467e+07 4.28441e+06 449886304
0.0642344 8.45305e+07 5.42977e+06 566372856
0.0807166 8.44816e+07 6.81907e+06 713020448
0.101639 8.40059e+07 8.53832e+06 897639064
0.12722 8.50218e+07 1.08165e+07 1130060344
0.159966 8.49218e+07 1.35846e+07 1422661016
0.201445 8.43869e+07 1.69993e+07 1791023920
0.253145 8.50136e+07 2.15208e+07 2254765016
0.318909 8.47281e+07 2.70205e+07 2838580248
0.40165 8.41008e+07 3.3779e+07 3573560312
0.505183 8.45498e+07 4.27131e+07 4498845400
0.636086 8.42331e+07 5.35795e+07 5663710192
0.80134 8.34397e+07 6.68636e+07 7130188296
1.00791 8.37016e+07 8.43633e+07 8976374456
