# filename: ./acpphint-WDK23_CA78C-32768MiB-threads_8-LP64-FreeBSD_main_n264334_215bab7924f6_64bit-clang++_16_O3lto_CA78C-libc++-DSIZE_ul-ISIZE_ul-using_4_threads.txt
# acpphint_main version: 0.1.35

0.0001001 149850 15 1952
9.7235e-05 195403 19 2368
0.000102339 224743 23 2784
0.000100099 269733 27 3200
9.7599e-05 317626 31 3616
9.4527e-05 412581 39 4448
9.1767e-05 512167 47 5280
9.661e-05 608633 58.8001 6528
9.4579e-05 743652 70.3339 7776
9.911e-05 872312 86.4548 9440
9.8173e-05 1.08628e+06 106.644 11520
9.6558e-05 1.35102e+06 130.451 14016
0.00010312 1.57628e+06 162.546 17344
9.9526e-05 2.0311e+06 202.147 21504
0.000101662 2.50831e+06 255 26912
9.7548e-05 3.27018e+06 319 33568
0.000101245 3.92765e+06 397.655 41888
0.000100204 4.9698e+06 497.994 52288
0.000103016 6.06758e+06 625.057 65600
0.000104526 7.51131e+06 785.128 82240
9.4787e-05 1.04291e+07 988.539 103456
8.7079e-05 1.42632e+07 1242.03 130080
9.3016e-05 1.68133e+07 1563.9 163360
9.7131e-05 2.0236e+07 1965.55 205376
9.8173e-05 2.51299e+07 2467.07 258208
0.000114734 2.71428e+07 3114.2 324768
0.000115463 3.38757e+07 3911.39 408384
0.000119787 4.10134e+07 4912.88 514048
0.000136244 4.55626e+07 6207.63 646752
0.000142129 5.48733e+07 7799.08 813984
0.000167752 5.83679e+07 9791.33 1024480
0.000187855 6.59218e+07 12383.7 1289472
0.000224729 6.92126e+07 15554.1 1623104
0.000267436 7.30132e+07 19526.4 2043264
0.000317954 7.77183e+07 24710.8 2572000
0.000372847 8.32177e+07 31027.5 3237600
0.000467322 8.33248e+07 38939.5 4075424
0.0005644 8.73629e+07 49307.6 5130400
0.000691529 8.95075e+07 61897.1 6458688
0.000840949 9.23597e+07 77669.8 8130592
0.00105828 9.29814e+07 98400.6 10235552
0.00134426 9.18616e+07 123486 12885472
0.00170226 9.10111e+07 154925 16221376
0.00215099 9.12647e+07 196309 20421312
0.00276268 8.91759e+07 246365 25708672
0.00353061 8.75297e+07 309034 32365088
0.00448682 8.72632e+07 391534 40744992
0.00567291 8.66436e+07 491521 51294752
0.00722413 8.5329e+07 616428 64575968
0.0091806 8.50576e+07 780880 81295840
0.0116484 8.4182e+07 980581 102345024
0.0147877 8.31442e+07 1.22951e+06 128844640
0.0186402 8.35443e+07 1.55728e+06 162205344
0.0235371 8.31058e+07 1.95606e+06 204204288
0.0297003 8.25595e+07 2.45204e+06 257077888
0.0374849 8.28362e+07 3.10511e+06 323641632
0.047414 8.22778e+07 3.90112e+06 407440256
0.0598565 8.16756e+07 4.88881e+06 512936608
0.0754831 8.19947e+07 6.18922e+06 645748768
0.0954011 8.15172e+07 7.77683e+06 812949152
0.119991 8.1188e+07 9.7418e+06 1023442240
0.151885 8.11663e+07 1.23279e+07 1288437152
0.191476 8.08941e+07 1.54893e+07 1622045856
0.241605 8.02575e+07 1.93906e+07 2042034464
0.303556 8.0778e+07 2.45206e+07 2570768800
0.381261 8.07731e+07 3.07956e+07 3236405824
0.481079 8.00506e+07 3.85106e+07 4074393312
0.605603 8.03099e+07 4.86359e+07 5129356832
0.760682 8.02074e+07 6.10123e+07 6457477184
0.958157 7.94742e+07 7.61488e+07 8129481856
1.19994 7.99503e+07 9.59359e+07 10234411072
