# filename: ./acpphint-WDK23_CA78C-32768MiB-threads_8-LP64-FreeBSD_main_n273201_e4ac0183a1a8_64bit-g++_14_O3lto_CA76-libstdc++-DSIZE_ull-ISIZE_ull-using_2_threads_creation_untimed-cpus_2_3.txt
# acpphint_main version: 0.1.41

1.0625e-05 658824 7 976
1.0572e-05 851305 9 1184
1.0625e-05 1.03529e+06 11 1392
1.052e-05 1.23574e+06 13 1600
1.0728e-05 1.39821e+06 15 1808
1.0833e-05 1.7539e+06 19 2224
1.0676e-05 2.15436e+06 23 2640
1.0937e-05 2.64546e+06 28.9334 3264
1.1041e-05 3.14994e+06 34.7785 3888
1.1302e-05 3.78858e+06 42.8186 4720
1.1354e-05 4.65761e+06 52.8825 5760
1.1666e-05 5.5558e+06 64.8139 7008
1.1823e-05 6.83807e+06 80.8465 8672
1.2344e-05 8.159e+06 100.715 10752
1.2707e-05 9.99449e+06 127 13456
1.3384e-05 1.18799e+07 159 16784
1.4166e-05 1.40158e+07 198.548 20944
1.5104e-05 1.64637e+07 248.668 26144
1.6509e-05 1.89211e+07 312.369 32800
1.7656e-05 2.2223e+07 392.369 41120
1.9947e-05 2.4775e+07 494.187 51728
2.052e-05 3.02818e+07 621.382 65040
2.4165e-05 3.2359e+07 781.955 81680
2.7655e-05 3.55522e+07 983.196 102688
3.229e-05 3.82506e+07 1235.11 129104
3.9582e-05 3.93456e+07 1557.38 162384
4.8019e-05 4.07579e+07 1957.15 204192
5.6456e-05 4.35822e+07 2460.47 257024
6.7341e-05 4.61013e+07 3104.51 323376
8.3017e-05 4.70153e+07 3903.07 406992
9.9735e-05 4.91785e+07 4904.82 512240
0.000120306 5.14787e+07 6193.19 644736
0.000147701 5.27063e+07 7784.78 811552
0.00017921 5.45889e+07 9782.87 1021632
0.000219521 5.62932e+07 12357.5 1286000
0.000266862 5.81948e+07 15530 1618800
0.000326755 5.97125e+07 19511.4 2037712
0.000402324 6.12851e+07 24656.5 2565200
0.000497268 6.23044e+07 30982 3229344
0.000618043 6.29757e+07 38921.7 4065296
0.000774181 6.3554e+07 49202.3 5117776
0.000981619 6.29687e+07 61811.3 6442736
0.00122499 6.33821e+07 77642.6 8110688
0.00153722 6.38576e+07 98162.9 10210656
0.00192282 6.41359e+07 123322 12854336
0.00243165 6.36978e+07 154891 16182544
0.00304657 6.42727e+07 195811 20372496
0.00384169 6.40468e+07 246048 25647376
0.00488283 6.32814e+07 308992 32287984
0.00627896 6.22063e+07 390591 40647920
0.00781759 6.27935e+07 490894 51172512
0.00997623 6.1786e+07 616392 64422320
0.0125548 6.20557e+07 779097 81102672
0.015836 6.18428e+07 979346 102102144
0.0199537 6.16194e+07 1.22953e+06 128538944
0.0250567 6.20158e+07 1.55391e+06 161820816
0.0316394 6.17461e+07 1.95361e+06 203720128
0.039883 6.1486e+07 2.45225e+06 256468304
0.050026 6.19426e+07 3.09874e+06 322874384
0.0629519 6.18923e+07 3.89624e+06 406474576
0.0792905 6.16662e+07 4.88954e+06 511721120
0.0997061 6.19542e+07 6.17721e+06 644218576
0.125174 6.20507e+07 7.76712e+06 811022928
0.157667 6.18e+07 9.74384e+06 1021017232
0.19833 6.20448e+07 1.23053e+07 1285384400
0.249767 6.19372e+07 1.54699e+07 1618202912
0.314148 6.17408e+07 1.93958e+07 2037196656
0.39559 6.1878e+07 2.44783e+07 2564678416
0.49811 6.17474e+07 3.0757e+07 3228738592
0.627735 6.13681e+07 3.85229e+07 4064740928
0.789416 6.15101e+07 4.85571e+07 5117205536
0.992833 6.13758e+07 6.09359e+07 6442179888
1.24917 6.09818e+07 7.61765e+07 8110223824
