# filename: ./acpphint-WDK23_CA78C-32768MiB-threads_8-LP64-FreeBSD_main_n273201_e4ac0183a1a8_64bit-g++_14_O3lto_CA76-libstdc++-cpulockdown-DSIZE_ull-ISIZE_ull-using_8_threads-cpus_0_1_2_3_4_5_6_7.txt
# acpphint_main version: 0.1.41

0.00012114 255902 31 3904
0.000123483 315833 39 4736
0.000126712 370920 47 5568
0.000120255 457361 55 6400
0.000123275 511053 63 7232
0.000122442 645203 79 8896
0.000122963 772590 95 10560
0.000124682 950685 118.533 13056
0.000119161 1.18701e+06 141.445 15552
0.000129525 1.34127e+06 173.727 18880
0.000121193 1.76713e+06 214.164 23040
0.000130463 2.00618e+06 261.732 28032
0.000124004 2.62854e+06 325.949 34688
0.000124213 3.26064e+06 405.014 43008
0.000122755 4.16276e+06 511 53824
0.00012364 5.16823e+06 639 67136
0.000123432 6.44788e+06 795.875 83776
0.00012015 8.29496e+06 996.639 104576
0.000130046 9.61513e+06 1250.41 131200
0.000120984 1.29824e+07 1570.66 164480
0.000120984 1.63429e+07 1977.23 206912
0.000130723 1.89963e+07 2483.26 260160
0.000130515 2.39652e+07 3127.82 326720
0.000131973 2.97805e+07 3930.23 410752
0.000132546 3.72012e+07 4930.87 516416
0.000135306 4.60282e+07 6227.89 649536
0.000138952 5.62771e+07 7819.82 816768
0.000147962 6.63509e+07 9817.41 1028096
0.000160357 7.74143e+07 12413.9 1293504
0.00017145 9.09363e+07 15591 1627968
0.000185512 1.05458e+08 19563.8 2048960
0.000205094 1.20749e+08 24764.9 2578944
0.000222072 1.40011e+08 31092.5 3246208
0.000243739 1.60057e+08 39012.1 4086528
0.000284361 1.73784e+08 49417.3 5144000
0.000328942 1.8855e+08 62022 6475200
0.000396126 1.96385e+08 77793.3 8150848
0.000489299 2.01532e+08 98609.2 10260800
0.000648875 1.90677e+08 123726 12917376
0.000902977 1.71831e+08 155160 16261184
0.00134702 1.46096e+08 196794 20471104
0.00196944 1.2533e+08 246829 25770944
0.00277877 1.1137e+08 309472 32442752
0.00380487 1.03181e+08 392589 40842624
0.00501548 9.81816e+07 492428 51417344
0.00658791 9.36975e+07 617270 64730176
0.00857859 9.12648e+07 782923 81489984
0.0108595 9.04632e+07 982382 102589504
0.013956 8.82156e+07 1.23114e+06 129151936
0.0177859 8.77797e+07 1.56124e+06 162591680
0.0225994 8.67114e+07 1.95962e+06 204690048
0.0286758 8.5618e+07 2.45516e+06 257689280
0.0363238 8.56953e+07 3.11277e+06 324410688
0.045891 8.5162e+07 3.90817e+06 408408576
0.0577815 8.47131e+07 4.89484e+06 514155776
0.0730076 8.49787e+07 6.20409e+06 647283264
0.0921242 8.45688e+07 7.79083e+06 814880512
0.115913 8.41444e+07 9.75343e+06 1025873216
0.145525 8.49116e+07 1.23567e+07 1291497536
0.183249 8.46774e+07 1.5517e+07 1625898304
0.230486 8.42265e+07 1.9413e+07 2046884480
0.289806 8.48026e+07 2.45763e+07 2576874304
0.364645 8.46041e+07 3.08505e+07 3244091712
0.458926 8.40085e+07 3.85537e+07 4084068928
0.578007 8.43292e+07 4.87428e+07 5141537600
0.727831 8.39757e+07 6.11202e+07 6472811648
0.916413 8.31838e+07 7.62307e+07 8148786624
1.1532 8.33675e+07 9.61392e+07 10258713664
