# filename: ./acpphint-WDK23_CA78C-32768MiB-threads_8-LP64-FreeBSD_main_n262658_b347c2284603_64bit-clang++_16_O3lto-libc++-DSIZE_ul-ISIZE_ul-using_2_threads-cpus_2_6.txt
# acpphint_main version: 0.1.33

6.5518e-05 106841 7 976
6.7601e-05 133134 9 1184
6.6507e-05 165396 11 1392
6.5257e-05 199212 13 1600
6.906e-05 217202 15 1808
6.9268e-05 274297 19 2224
7.1715e-05 320714 23 2640
6.6976e-05 431997 28.9334 3264
6.8018e-05 511313 34.7785 3888
6.5413e-05 654588 42.8186 4720
6.6976e-05 789574 52.8825 5760
6.8018e-05 952893 64.8139 7008
7.1351e-05 1.13308e+06 80.8465 8672
6.7653e-05 1.4887e+06 100.715 10752
6.9215e-05 1.83486e+06 127 13456
7.0778e-05 2.24646e+06 159 16784
7.109e-05 2.79291e+06 198.548 20944
7.0778e-05 3.51336e+06 248.668 26144
7.1091e-05 4.39393e+06 312.369 32800
7.208e-05 5.44352e+06 392.369 41120
7.8173e-05 6.32171e+06 494.187 51728
8.385e-05 7.41063e+06 621.382 65040
8.0152e-05 9.7559e+06 781.955 81680
9.0047e-05 1.09187e+07 983.196 102688
9.385e-05 1.31605e+07 1235.11 129104
0.000104474 1.49069e+07 1557.38 162384
0.000112286 1.74301e+07 1957.15 204192
0.000128639 1.9127e+07 2460.47 257024
0.000144264 2.15196e+07 3104.51 323376
0.000164419 2.37386e+07 3903.07 406992
0.000190251 2.57808e+07 4904.82 512240
0.000223271 2.77385e+07 6193.19 644736
0.00026155 2.9764e+07 7784.78 811552
0.000315037 3.10531e+07 9782.87 1021632
0.000381284 3.24103e+07 12357.5 1286000
0.000463988 3.34707e+07 15530 1618800
0.000562629 3.46789e+07 19511.4 2037712
0.000700539 3.51964e+07 24656.5 2565200
0.000860271 3.60142e+07 30982 3229344
0.00106307 3.66124e+07 38921.7 4065296
0.00132999 3.69946e+07 49202.3 5117776
0.00165138 3.74301e+07 61811.3 6442736
0.00207537 3.74115e+07 77642.6 8110688
0.00263841 3.72053e+07 98162.9 10210656
0.00338395 3.64432e+07 123322 12854336
0.00430161 3.60076e+07 154891 16182544
0.00550932 3.55418e+07 195811 20372496
0.00703987 3.49506e+07 246048 25647376
0.00901545 3.42737e+07 308992 32287984
0.0114774 3.40313e+07 390591 40647920
0.0145936 3.36376e+07 490894 51172512
0.0185457 3.32364e+07 616392 64422320
0.0234586 3.32116e+07 779097 81102672
0.0297987 3.28654e+07 979346 102102144
0.0377262 3.25909e+07 1.22953e+06 128538944
0.0473497 3.28178e+07 1.55391e+06 161820816
0.0594682 3.28514e+07 1.95361e+06 203720128
0.0750715 3.26655e+07 2.45225e+06 256468304
0.0947106 3.2718e+07 3.09874e+06 322874384
0.119092 3.27163e+07 3.89624e+06 406474576
0.149858 3.26279e+07 4.88954e+06 511721120
0.188234 3.28167e+07 6.17721e+06 644218576
0.236751 3.28071e+07 7.76712e+06 811022928
0.297649 3.2736e+07 9.74384e+06 1021017232
0.374166 3.28873e+07 1.23053e+07 1285384400
0.470971 3.28468e+07 1.54699e+07 1618202912
0.593335 3.26894e+07 1.93958e+07 2037196656
0.746114 3.28077e+07 2.44783e+07 2564678416
0.938091 3.27868e+07 3.0757e+07 3228738592
1.18303 3.25629e+07 3.85229e+07 4064740928
