# filename: ./acpphint-WDK23_CA78C-32768MiB-threads_8-LP64-FreeBSD_main_n273201_e4ac0183a1a8_64bit-g++_14_O3lto_CA76-libstdc++-cpulockdown-DSIZE_ull-ISIZE_ull-using_4_threads_creation_untimed-cpus_0_1_2_3.txt
# acpphint_main version: 0.1.41

3.2655e-05 459348 15 1952
3.1613e-05 601019 19 2368
3.3748e-05 681522 23 2784
3.0311e-05 890766 27 3200
3.0572e-05 1.014e+06 31 3616
3.1561e-05 1.2357e+06 39 4448
3.1405e-05 1.49658e+06 47 5280
3.0572e-05 1.92333e+06 58.8001 6528
3.1665e-05 2.22119e+06 70.3339 7776
3.0259e-05 2.85716e+06 86.4548 9440
3.3332e-05 3.19944e+06 106.644 11520
3.3123e-05 3.93839e+06 130.451 14016
3.2916e-05 4.93821e+06 162.546 17344
3.1978e-05 6.32145e+06 202.147 21504
3.1666e-05 8.0528e+06 255 26912
3.3435e-05 9.5409e+06 319 33568
3.3904e-05 1.17288e+07 397.655 41888
3.3332e-05 1.49404e+07 497.994 52288
3.4529e-05 1.81024e+07 625.057 65600
3.2759e-05 2.39668e+07 785.128 82240
3.5936e-05 2.75083e+07 988.539 103456
3.7915e-05 3.27582e+07 1242.03 130080
3.8696e-05 4.04151e+07 1563.9 163360
4.2134e-05 4.66499e+07 1965.55 205376
4.6092e-05 5.3525e+07 2467.07 258208
5.3019e-05 5.87375e+07 3114.2 324768
5.7862e-05 6.75986e+07 3911.39 408384
6.9423e-05 7.07673e+07 4912.88 514048
7.7288e-05 8.03182e+07 6207.63 646752
8.8381e-05 8.82439e+07 7799.08 813984
0.000106661 9.17986e+07 9791.33 1024480
0.000126609 9.78109e+07 12383.7 1289472
0.000150461 1.03376e+08 15554.1 1623104
0.000183065 1.06664e+08 19526.4 2043264
0.000221552 1.11535e+08 24710.8 2572000
0.000271914 1.14108e+08 31027.5 3237600
0.000331755 1.17374e+08 38939.5 4075424
0.000409095 1.20529e+08 49307.6 5130400
0.000511069 1.21113e+08 61897.1 6458688
0.000633667 1.22572e+08 77669.8 8130592
0.00079392 1.23943e+08 98400.6 10235552
0.00100292 1.23126e+08 123486 12885472
0.00129301 1.19817e+08 154925 16221376
0.00167757 1.1702e+08 196309 20421312
0.00223593 1.10184e+08 246365 25708672
0.00305115 1.01284e+08 309034 32365088
0.0040334 9.7073e+07 391534 40744992
0.00520886 9.43625e+07 491521 51294752
0.00674097 9.14449e+07 616428 64575968
0.00862578 9.05286e+07 780880 81295840
0.0110461 8.87715e+07 980581 102345024
0.014118 8.70881e+07 1.22951e+06 128844640
0.0179355 8.68264e+07 1.55728e+06 162205344
0.0227483 8.59872e+07 1.95606e+06 204204288
0.0288611 8.49598e+07 2.45204e+06 257077888
0.0364611 8.51622e+07 3.10511e+06 323641632
0.0460004 8.48062e+07 3.90112e+06 407440256
0.0577202 8.46984e+07 4.88881e+06 512936608
0.0725598 8.52981e+07 6.18922e+06 645748768
0.0913522 8.51302e+07 7.77683e+06 812949152
0.115093 8.46432e+07 9.7418e+06 1023442240
0.144843 8.51125e+07 1.23279e+07 1288437152
0.182934 8.46715e+07 1.54893e+07 1622045856
0.230029 8.42966e+07 1.93906e+07 2042034464
0.289905 8.45816e+07 2.45206e+07 2570768800
0.364599 8.44642e+07 3.07956e+07 3236405824
0.458832 8.39319e+07 3.85106e+07 4074393312
0.57819 8.41175e+07 4.86359e+07 5129356832
0.727228 8.38971e+07 6.10123e+07 6457477184
0.91687 8.3053e+07 7.61488e+07 8129481856
1.15504 8.30582e+07 9.59359e+07 10234411072
