# filename: ./acpphint-WDK23_CA78C-32768MiB-threads_8-LP64-FreeBSD_main_n273201_e4ac0183a1a8_64bit-g++_14_O3lto_CA76-libstdc++-cpulockdown-DSIZE_ul-ISIZE_ul-using_1_threads-cpus_1.txt
# acpphint_main version: 0.1.41

5.44234e-08 1.83744e+07 1 280
9.22027e-08 2.16913e+07 2 384
1.28782e-07 2.32952e+07 3 488
1.63341e-07 2.44887e+07 4 592
2.0127e-07 2.48422e+07 5 696
2.36871e-07 2.53302e+07 6 800
2.70074e-07 2.59188e+07 7 904
3.29091e-07 2.73481e+07 9 1112
4.05056e-07 2.71568e+07 11 1320
4.72429e-07 2.96341e+07 14 1632
6.07583e-07 2.79797e+07 17 1944
7.135e-07 2.94324e+07 21 2360
8.20375e-07 3.16928e+07 26 2880
9.54833e-07 3.35137e+07 32 3504
1.1458e-06 3.49101e+07 40 4336
1.367e-06 3.65764e+07 50 5376
1.65783e-06 3.80014e+07 63 6728
2.018e-06 3.91477e+07 79 8392
2.448e-06 4.04412e+07 99 10472
2.995e-06 4.14023e+07 124 13072
3.7495e-06 4.16055e+07 156 16400
4.635e-06 4.22869e+07 196 20560
5.885e-06 4.19711e+07 247 25864
7.604e-06 4.08995e+07 311 32520
1.0104e-05 3.86975e+07 391 40840
1.3437e-05 3.66153e+07 492 51344
1.7238e-05 3.5909e+07 619 64552
2.1874e-05 3.56131e+07 779 81192
2.8228e-05 3.47173e+07 980 102096
3.5936e-05 3.43388e+07 1234 128512
4.6144e-05 3.36555e+07 1553 161688
5.8435e-05 3.3456e+07 1955 203496
7.3226e-05 3.36083e+07 2461 256120
9.2808e-05 3.33807e+07 3098 322368
0.000117599 3.31635e+07 3900 405776
0.000148535 3.30561e+07 4909.99 510816
0.000188532 3.27848e+07 6180.99 643000
0.000235822 3.29952e+07 7780.99 809400
0.000298579 3.28053e+07 9794.98 1018856
0.000375763 3.28158e+07 12331 1282600
0.000471123 3.29509e+07 15523.9 1614672
0.000595857 3.2798e+07 19542.9 2032648
0.000743142 3.31065e+07 24602.9 2558888
0.000935059 3.31239e+07 30972.8 3221368
0.00117822 3.30936e+07 38991.6 4055344
0.00148514 3.30525e+07 49087.4 5105328
0.00187809 3.29043e+07 61797.1 6427168
0.00236473 3.28992e+07 77797.6 8091272
0.0029759 3.29113e+07 97940.8 10186248
0.00371878 3.31559e+07 123299 12823688
0.00472831 3.28285e+07 155223 16143992
0.00596497 3.27599e+07 195412 20323960
0.00753422 3.26518e+07 246006 25586256
0.00950579 3.258e+07 309699 32211160
0.011961 3.2596e+07 389880 40551336
0.0150464 3.26204e+07 490818 51051072
0.0189797 3.2555e+07 617885 64269472
0.0239871 3.24275e+07 777842 80910408
0.0302074 3.24159e+07 979199 101860064
0.0380609 3.23867e+07 1.23267e+06 128234152
0.0478864 3.24042e+07 1.55172e+06 161437192
0.060747 3.21549e+07 1.95331e+06 203237288
0.0764916 3.21446e+07 2.45879e+06 255860560
0.0957586 3.23206e+07 3.09497e+06 322109288
0.120668 3.22836e+07 3.89561e+06 405511464
0.151698 3.23217e+07 4.90313e+06 510508616
0.190824 3.23379e+07 6.17085e+06 642692200
0.240505 3.22894e+07 7.76575e+06 809101456
0.302844 3.22672e+07 9.77193e+06 1018598328
0.381575 3.22214e+07 1.22949e+07 1282339208
0.482301 3.2069e+07 1.54669e+07 1614369296
0.605541 3.21258e+07 1.94535e+07 2032370464
0.762469 3.20824e+07 2.44618e+07 2558602768
0.958935 3.20671e+07 3.07503e+07 3221089944
1.20803 3.19864e+07 3.86407e+07 4055111912
