# filename: ./acpphint-WDK23_CA78C-32768MiB-threads_8-LP64-FreeBSD_main_n273201_e4ac0183a1a8_64bit-g++_14_O3lto_CA76-libstdc++-cpulockdown-DSIZE_ull-ISIZE_ull-using_4_threads-cpus_0_1_2_3.txt
# acpphint_main version: 0.1.41

7.6924e-05 194998 15 1952
7.557e-05 251423 19 2368
7.2809e-05 315895 23 2784
7.6455e-05 353149 27 3200
8.0882e-05 383274 31 3616
7.7288e-05 504606 39 4448
7.7652e-05 605265 47 5280
7.4268e-05 791728 58.8001 6528
7.609e-05 924351 70.3339 7776
7.7913e-05 1.10963e+06 86.4548 9440
7.7288e-05 1.37982e+06 106.644 11520
7.6403e-05 1.70741e+06 130.451 14016
7.7392e-05 2.1003e+06 162.546 17344
7.9319e-05 2.54853e+06 202.147 21504
7.7548e-05 3.28829e+06 255 26912
7.5933e-05 4.20107e+06 319 33568
7.5153e-05 5.29127e+06 397.655 41888
7.9475e-05 6.26604e+06 497.994 52288
7.8694e-05 7.94288e+06 625.057 65600
7.859e-05 9.99017e+06 785.128 82240
7.9684e-05 1.24057e+07 988.539 103456
7.9476e-05 1.56277e+07 1242.03 130080
8.3174e-05 1.88028e+07 1563.9 163360
8.2184e-05 2.39164e+07 1965.55 205376
9.1818e-05 2.68692e+07 2467.07 258208
9.4214e-05 3.30546e+07 3114.2 324768
9.937e-05 3.93619e+07 3911.39 408384
0.000110516 4.4454e+07 4912.88 514048
0.0001164 5.33302e+07 6207.63 646752
0.000129733 6.01164e+07 7799.08 813984
0.000148066 6.61281e+07 9791.33 1024480
0.000165461 7.48439e+07 12383.7 1289472
0.000193741 8.02829e+07 15554.1 1623104
0.00022327 8.74562e+07 19526.4 2043264
0.000266862 9.25978e+07 24710.8 2572000
0.000317536 9.77133e+07 31027.5 3237600
0.000381075 1.02183e+08 38939.5 4075424
0.000460342 1.07111e+08 49307.6 5130400
0.000558046 1.10917e+08 61897.1 6458688
0.000687675 1.12945e+08 77669.8 8130592
0.000852562 1.15418e+08 98400.6 10235552
0.001065 1.15949e+08 123486 12885472
0.00135999 1.13916e+08 154925 16221376
0.0017733 1.10703e+08 196309 20421312
0.00235489 1.04618e+08 246365 25708672
0.00315104 9.80734e+07 309034 32365088
0.00415954 9.41292e+07 391534 40744992
0.00521579 9.42371e+07 491521 51294752
0.00672212 9.17014e+07 616428 64575968
0.00865348 9.02388e+07 780880 81295840
0.0110621 8.86436e+07 980581 102345024
0.0140946 8.72326e+07 1.22951e+06 128844640
0.0179348 8.68302e+07 1.55728e+06 162205344
0.022789 8.58336e+07 1.95606e+06 204204288
0.0288272 8.50597e+07 2.45204e+06 257077888
0.0364688 8.51441e+07 3.10511e+06 323641632
0.0459368 8.49236e+07 3.90112e+06 407440256
0.0576907 8.47418e+07 4.88881e+06 512936608
0.0724663 8.54082e+07 6.18922e+06 645748768
0.091455 8.50345e+07 7.77683e+06 812949152
0.115078 8.46535e+07 9.7418e+06 1023442240
0.144986 8.50283e+07 1.23279e+07 1288437152
0.182885 8.4694e+07 1.54893e+07 1622045856
0.230183 8.42399e+07 1.93906e+07 2042034464
0.290038 8.45427e+07 2.45206e+07 2570768800
0.36498 8.43761e+07 3.07956e+07 3236405824
0.458866 8.39258e+07 3.85106e+07 4074393312
0.577761 8.41799e+07 4.86359e+07 5129356832
0.727801 8.3831e+07 6.10123e+07 6457477184
0.917566 8.299e+07 7.61488e+07 8129481856
1.15497 8.30633e+07 9.59359e+07 10234411072
