# filename: ./acpphint-WDK23_CA78C-32768MiB-threads_8-LP64-FreeBSD_main_n273201_e4ac0183a1a8_64bit-clang++_19_O3lto_CA76-libc++-DSIZE_ul-ISIZE_ul-using_1_threads-cpus_4.txt
# acpphint_main version: 0.1.41

4.00921e-08 2.49426e+07 1 280
5.77624e-08 3.46246e+07 2 384
7.46974e-08 4.01621e+07 3 488
9.28667e-08 4.30725e+07 4 592
1.1042e-07 4.52817e+07 5 696
1.25977e-07 4.76278e+07 6 800
1.42553e-07 4.91047e+07 7 904
1.77067e-07 5.08283e+07 9 1112
2.1044e-07 5.22714e+07 11 1320
2.63e-07 5.32319e+07 14 1632
3.125e-07 5.44e+07 17 1944
3.80577e-07 5.51794e+07 21 2360
4.73545e-07 5.4905e+07 26 2880
5.84444e-07 5.47529e+07 32 3504
7.18e-07 5.57103e+07 40 4336
8.906e-07 5.61419e+07 50 5376
1.11325e-06 5.65911e+07 63 6728
1.38883e-06 5.68823e+07 79 8392
1.736e-06 5.70276e+07 99 10472
2.1485e-06 5.77147e+07 124 13072
2.6825e-06 5.81547e+07 156 16400
3.3595e-06 5.8342e+07 196 20560
4.2445e-06 5.8193e+07 247 25864
5.312e-06 5.85467e+07 311 32520
6.718e-06 5.82018e+07 391 40840
8.438e-06 5.83076e+07 492 51344
1.0677e-05 5.79751e+07 619 64552
1.3541e-05 5.7529e+07 779 81192
1.7031e-05 5.75421e+07 980 102096
2.1457e-05 5.75104e+07 1234 128512
2.7134e-05 5.72344e+07 1553 161688
3.4061e-05 5.7397e+07 1955 203496
4.2915e-05 5.73459e+07 2461 256120
5.406e-05 5.73067e+07 3098 322368
6.8174e-05 5.72065e+07 3900 405776
8.5569e-05 5.73805e+07 4909.99 510816
0.000107911 5.72786e+07 6180.99 643000
0.000136712 5.69152e+07 7780.99 809400
0.00017171 5.70437e+07 9794.98 1018856
0.000215354 5.7259e+07 12331 1282600
0.000271914 5.70914e+07 15523.9 1614672
0.000342379 5.70798e+07 19542.9 2032648
0.000431073 5.70735e+07 24602.9 2558888
0.000544192 5.69152e+07 30972.8 3221368
0.000683613 5.70376e+07 38991.6 4055344
0.000864854 5.67581e+07 49087.4 5105328
0.00108615 5.68958e+07 61797.1 6427168
0.0013804 5.63586e+07 77797.6 8091272
0.00176908 5.53625e+07 97940.8 10186248
0.002289 5.3866e+07 123299 12823688
0.00294116 5.27763e+07 155223 16143992
0.00381554 5.12147e+07 195412 20323960
0.00492018 4.99994e+07 246006 25586256
0.00634667 4.8797e+07 309699 32211160
0.00813648 4.79175e+07 389880 40551336
0.0103778 4.72948e+07 490818 51051072
0.0132387 4.66725e+07 617885 64269472
0.0168522 4.61568e+07 777842 80910408
0.0214023 4.57519e+07 979199 101860064
0.0271469 4.54072e+07 1.23267e+06 128234152
0.03426 4.52924e+07 1.55172e+06 161437192
0.0434447 4.4961e+07 1.95331e+06 203237288
0.0548051 4.48642e+07 2.45879e+06 255860560
0.0696636 4.44274e+07 3.09497e+06 322109288
0.0872061 4.46713e+07 3.89561e+06 405511464
0.109799 4.46554e+07 4.90313e+06 510508616
0.138681 4.44966e+07 6.17085e+06 642692200
0.174789 4.44294e+07 7.76575e+06 809101456
0.220888 4.42393e+07 9.77193e+06 1018598328
0.277691 4.42755e+07 1.22949e+07 1282339208
0.350824 4.40873e+07 1.54669e+07 1614369296
0.441529 4.40594e+07 1.94535e+07 2032370464
0.557602 4.38697e+07 2.44618e+07 2558602768
0.701622 4.38274e+07 3.07503e+07 3221089944
0.883494 4.37362e+07 3.86407e+07 4055111912
1.11249 4.36253e+07 4.85327e+07 5105083328
