# filename: ./acpphint-WDK23_CA78C-32768MiB-threads_8-LP64-FreeBSD_main_n273201_e4ac0183a1a8_64bit-clang++_19_O3lto_CA76-libc++-cpulockdown-DSIZE_ull-ISIZE_ull-using_3_threads_creation_untimed.txt
# acpphint_main version: 0.1.41

1.4844e-05 741040 11 1464
1.4426e-05 970470 14 1776
1.4427e-05 1.17835e+06 17 2088
1.5312e-05 1.30617e+06 20 2400
1.5104e-05 1.52278e+06 23 2712
1.4531e-05 1.99573e+06 29 3336
1.4583e-05 2.40005e+06 35 3960
1.5677e-05 2.79816e+06 43.8667 4896
1.6093e-05 3.26578e+06 52.5562 5832
1.5728e-05 4.10966e+06 64.6367 7080
1.5572e-05 5.12223e+06 79.7633 8640
1.5208e-05 6.41978e+06 97.6321 10512
1.6041e-05 7.58655e+06 121.696 13008
1.4999e-05 1.00961e+07 151.431 16128
1.5416e-05 1.23897e+07 191 20184
1.7655e-05 1.35372e+07 239 25176
1.7448e-05 1.70851e+07 298.101 31416
1.8489e-05 2.01921e+07 373.332 39216
1.9687e-05 2.38084e+07 468.716 49200
2.026e-05 2.90596e+07 588.747 61680
2.0884e-05 3.54992e+07 741.364 77592
2.0937e-05 4.45007e+07 931.71 97560
2.2291e-05 5.26189e+07 1172.93 122520
2.4062e-05 6.12739e+07 1474.37 154032
2.6925e-05 6.87505e+07 1851.11 193656
2.7551e-05 8.47805e+07 2335.79 243576
3.2291e-05 9.08697e+07 2934.27 306288
3.7551e-05 9.81786e+07 3686.7 385536
4.505e-05 1.03353e+08 4656.07 485064
5.4841e-05 1.06692e+08 5851.08 610488
6.6404e-05 1.10658e+08 7348.13 768360
8.4423e-05 1.10023e+08 9288.46 967104
0.000103329 1.12935e+08 11669.4 1217328
0.000128223 1.14291e+08 14654.7 1532448
0.000157596 1.17606e+08 18534.2 1929000
0.000196553 1.18435e+08 23278.8 2428200
0.000243634 1.19957e+08 29225.7 3056568
0.000303267 1.21946e+08 36982.1 3847800
0.000378159 1.22804e+08 46439.6 4844016
0.000472894 1.23276e+08 58296.3 6097944
0.00059419 1.24205e+08 73801.6 7676664
0.000755848 1.22576e+08 92648.8 9664104
0.000971463 1.19701e+08 116285 12166032
0.0012591 1.16938e+08 147237 15315984
0.00163117 1.1332e+08 184844 19281504
0.00222296 1.0435e+08 231965 24273816
0.00297657 9.86621e+07 293675 30558744
0.00398866 9.24591e+07 368788 38471064
0.00522756 8.85154e+07 462719 48431976
0.00678504 8.6329e+07 585745 60971880
0.00875786 8.40105e+07 735751 76758768
0.0112545 8.20102e+07 922980 96633480
0.0143096 8.16392e+07 1.16823e+06 121654008
0.0183705 7.98977e+07 1.46776e+06 153153216
0.0227094 8.10628e+07 1.84089e+06 192808416
0.0279543 8.33381e+07 2.32966e+06 242731224
0.034808 8.41067e+07 2.92759e+06 305580192
0.0423592 8.66613e+07 3.6709e+06 384702456
0.054456 8.52899e+07 4.64455e+06 484311576
0.0668551 8.73143e+07 5.83741e+06 609711864
0.086071 8.50123e+07 7.31709e+06 767581680
0.108568 8.52443e+07 9.2548e+06 966327864
0.136443 8.52491e+07 1.16317e+07 1216534392
0.171653 8.48966e+07 1.45728e+07 1531525848
0.216501 8.50886e+07 1.84218e+07 1928076600
0.272738 8.48669e+07 2.31465e+07 2427304368
0.343915 8.42498e+07 2.89748e+07 3055794984
0.432793 8.45474e+07 3.65915e+07 3847017624
0.544292 8.44004e+07 4.59385e+07 4843107888
0.68513 8.38084e+07 5.74197e+07 6097111392
0.863308 8.38399e+07 7.23796e+07 7675808304
1.08604 8.3512e+07 9.06976e+07 9663269832
