# filename: ./acpphint-WDK23_CA78C-32768MiB-threads_8-LP64-FreeBSD_main_n262658_b347c2284603_64bit-clang++_16_O3lto_CA78C-libc++-cpulockdown-DSIZE_ull-ISIZE_ull-using_2_threads-cpus_2_3.txt
# acpphint_main version: 0.1.33

9.0517e-05 77333.5 7 976
9.4318e-05 95421.9 9 1184
9.4006e-05 117014 11 1392
9.2079e-05 141183 13 1600
9.0776e-05 165242 15 1808
9.1246e-05 208228 19 2224
9.1714e-05 250780 23 2640
9.1715e-05 315471 28.9334 3264
8.9111e-05 390282 34.7785 3888
9.1923e-05 465809 42.8186 4720
8.8537e-05 597293 52.8825 5760
8.8694e-05 730759 64.8139 7008
9.1714e-05 881506 80.8465 8672
9.0881e-05 1.1082e+06 100.715 10752
9.8121e-05 1.29432e+06 127 13456
9.3537e-05 1.69986e+06 159 16784
9.1871e-05 2.16116e+06 198.548 20944
9.4787e-05 2.62344e+06 248.668 26144
9.4943e-05 3.29007e+06 312.369 32800
9.6558e-05 4.06355e+06 392.369 41120
9.8016e-05 5.0419e+06 494.187 51728
0.00010536 5.8977e+06 621.382 65040
0.000107651 7.26379e+06 781.955 81680
0.000113796 8.63999e+06 983.196 102688
0.000118275 1.04427e+07 1235.11 129104
0.000126087 1.23516e+07 1557.38 162384
0.000139889 1.39908e+07 1957.15 204192
0.000152492 1.61351e+07 2460.47 257024
0.000168169 1.84607e+07 3104.51 323376
0.000187908 2.07712e+07 3903.07 406992
0.000216135 2.26933e+07 4904.82 512240
0.000248478 2.49245e+07 6193.19 644736
0.000288424 2.69907e+07 7784.78 811552
0.000340088 2.87657e+07 9782.87 1021632
0.000409303 3.01917e+07 12357.5 1286000
0.000494768 3.13884e+07 15530 1618800
0.000595804 3.2748e+07 19511.4 2037712
0.000727465 3.38937e+07 24656.5 2565200
0.000886468 3.49499e+07 30982 3229344
0.00110057 3.5365e+07 38921.7 4065296
0.0013454 3.65707e+07 49202.3 5117776
0.00168299 3.67271e+07 61811.3 6442736
0.00208297 3.72749e+07 77642.6 8110688
0.00264779 3.70735e+07 98162.9 10210656
0.00338275 3.64561e+07 123322 12854336
0.00432739 3.57931e+07 154891 16182544
0.00550306 3.55822e+07 195811 20372496
0.00707882 3.47583e+07 246048 25647376
0.00903857 3.4186e+07 308992 32287984
0.011469 3.40563e+07 390591 40647920
0.0146178 3.35818e+07 490894 51172512
0.0185597 3.32113e+07 616392 64422320
0.0235209 3.31236e+07 779097 81102672
0.0297296 3.29417e+07 979346 102102144
0.0375771 3.27203e+07 1.22953e+06 128538944
0.0473374 3.28263e+07 1.55391e+06 161820816
0.0596932 3.27276e+07 1.95361e+06 203720128
0.0751865 3.26155e+07 2.45225e+06 256468304
0.0945338 3.27792e+07 3.09874e+06 322874384
0.119026 3.27343e+07 3.89624e+06 406474576
0.149536 3.2698e+07 4.88954e+06 511721120
0.187928 3.287e+07 6.17721e+06 644218576
0.236602 3.28277e+07 7.76712e+06 811022928
0.297374 3.27663e+07 9.74384e+06 1021017232
0.374252 3.28798e+07 1.23053e+07 1285384400
0.470931 3.28496e+07 1.54699e+07 1618202912
0.592588 3.27306e+07 1.93958e+07 2037196656
0.746075 3.28094e+07 2.44783e+07 2564678416
0.939449 3.27394e+07 3.0757e+07 3228738592
1.18157 3.2603e+07 3.85229e+07 4064740928
