# filename: ./acpphint-WDK23_CA78C-32768MiB-threads_8-LP64-FreeBSD_main_n262658_b347c2284603_64bit-clang++_16_O3lto-libc++-DSIZE_ull-ISIZE_ull-using_6_threads.txt
# acpphint_main version: 0.1.33

0.000138743 165774 23 2928
0.000155096 186981 29 3552
0.000142702 245266 35 4176
0.000153066 267858 41 4800
0.000149993 313348 47 5424
0.000155096 380410 59 6672
0.000146139 485839 71 7920
0.000155982 568442 88.6667 9792
0.000154056 687343 105.889 11664
0.000146139 890188 130.091 14160
0.000154211 1.04016e+06 160.404 17280
0.000154315 1.27072e+06 196.091 21024
0.000149732 1.63123e+06 244.247 26016
0.000149316 2.03314e+06 303.581 32256
0.000150774 2.54023e+06 383 40368
0.000152388 3.14329e+06 479 50352
0.000154316 3.86716e+06 596.764 62832
0.000148743 5.02421e+06 747.317 78432
0.000164107 5.71416e+06 937.734 98400
0.000151191 7.79075e+06 1177.89 123360
0.000159159 9.31701e+06 1482.89 155184
0.000161659 1.15221e+07 1862.64 195120
0.000162804 1.44091e+07 2345.86 245040
0.000177596 1.65988e+07 2947.89 308064
0.000182074 2.03158e+07 3698.98 387312
0.0001777 2.62861e+07 4671.04 487152
0.000185252 3.16628e+07 5865.6 612576
0.00020098 3.66462e+07 7365.16 771072
0.000206813 4.50203e+07 9310.78 970128
0.000229989 5.08505e+07 11695.1 1220976
0.000268321 5.47016e+07 14677.6 1536720
0.000288007 6.44926e+07 18574.3 1934208
0.000330245 7.06243e+07 23323.3 2434656
0.000398887 7.33775e+07 29269.3 3064896
0.000473676 7.82478e+07 37064.1 3858000
0.000570076 8.16116e+07 46524.8 4856400
0.00068028 8.57979e+07 58366.6 6113136
0.000871156 8.4897e+07 73958.5 7695600
0.00110422 8.40518e+07 92811.6 9688032
0.00141269 8.24067e+07 116415 12195888
0.0018696 7.89463e+07 147598 15353328
0.0025168 7.35688e+07 185158 19328208
0.00335692 6.91706e+07 232200 24332064
0.00447723 6.57664e+07 294451 30631968
0.0058254 6.3412e+07 369400 38563008
0.00757463 6.1146e+07 463158 48547632
0.00979525 5.99512e+07 587238 61117488
0.0122722 6.00515e+07 736966 76942128
0.0155879 5.92643e+07 923806 96863952
0.0204454 5.72792e+07 1.17109e+06 121943760
0.0257073 5.71883e+07 1.47016e+06 153517536
0.0328256 5.61278e+07 1.84243e+06 193266960
0.0412477 5.66133e+07 2.33517e+06 243308016
0.0521872 5.61889e+07 2.93234e+06 306306432
0.0654766 5.61085e+07 3.67379e+06 385616832
0.0831459 5.59879e+07 4.65516e+06 485462448
0.104579 5.59083e+07 5.84686e+06 611160384
0.131375 5.57376e+07 7.32251e+06 769404912
0.165973 5.58837e+07 9.27519e+06 968623152
0.209167 5.56992e+07 1.16504e+07 1219423728
0.262334 5.5589e+07 1.45829e+07 1535163360
0.331064 5.57623e+07 1.84609e+07 1932655728
0.416409 5.56752e+07 2.31837e+07 2433068784
0.526482 5.50706e+07 2.89937e+07 3063051696
0.662305 5.53615e+07 3.66662e+07 3856153200
0.83325 5.52199e+07 4.6012e+07 4854608736
1.04922 5.47594e+07 5.74547e+07 6111589968
