# filename: ./acpphint-WDK23_CA78C-32768MiB-threads_8-LP64-FreeBSD_main_n264334_215bab7924f6_64bit-clang++_16_O3lto_CA78C-libc++-cpulockdown-DSIZE_ull-ISIZE_ull-using_2_threads-cpus_5_7.txt
# acpphint_main version: 0.1.35

6.5883e-05 106249 7 976
6.2393e-05 144247 9 1184
6.5101e-05 168968 11 1392
6.682e-05 194553 13 1600
6.6456e-05 225713 15 1808
6.6612e-05 285234 19 2224
6.6038e-05 348284 23 2640
6.6768e-05 433342 28.9334 3264
6.6143e-05 525807 34.7785 3888
6.505e-05 658241 42.8186 4720
6.6976e-05 789574 52.8825 5760
6.7809e-05 955830 64.8139 7008
6.7445e-05 1.1987e+06 80.8465 8672
6.8435e-05 1.47168e+06 100.715 10752
6.833e-05 1.85863e+06 127 13456
6.9841e-05 2.2766e+06 159 16784
6.9268e-05 2.86637e+06 198.548 20944
7.0622e-05 3.52112e+06 248.668 26144
7.2028e-05 4.33677e+06 312.369 32800
7.333e-05 5.35072e+06 392.369 41120
7.5153e-05 6.57575e+06 494.187 51728
7.7288e-05 8.03982e+06 621.382 65040
8.0361e-05 9.73052e+06 781.955 81680
8.5361e-05 1.15181e+07 983.196 102688
8.8902e-05 1.3893e+07 1235.11 129104
9.5725e-05 1.62693e+07 1557.38 162384
0.000103537 1.89029e+07 1957.15 204192
0.000112547 2.18618e+07 2460.47 257024
0.000123797 2.50774e+07 3104.51 323376
0.000139368 2.80055e+07 3903.07 406992
0.000159941 3.06664e+07 4904.82 512240
0.000183429 3.37634e+07 6193.19 644736
0.000213636 3.64394e+07 7784.78 811552
0.000251082 3.89629e+07 9782.87 1021632
0.000303424 4.0727e+07 12357.5 1286000
0.000364201 4.26412e+07 15530 1618800
0.000441646 4.41788e+07 19511.4 2037712
0.000537683 4.58569e+07 24656.5 2565200
0.000662521 4.67638e+07 30982 3229344
0.000817097 4.76341e+07 38921.7 4065296
0.00101063 4.86848e+07 49202.3 5117776
0.001244 4.96874e+07 61811.3 6442736
0.00156091 4.97417e+07 77642.6 8110688
0.00198131 4.95444e+07 98162.9 10210656
0.00254649 4.84282e+07 123322 12854336
0.0032761 4.72791e+07 154891 16182544
0.00420418 4.65754e+07 195811 20372496
0.0053975 4.55855e+07 246048 25647376
0.00692488 4.46206e+07 308992 32287984
0.0088525 4.41221e+07 390591 40647920
0.011285 4.34997e+07 490894 51172512
0.0143566 4.29344e+07 616392 64422320
0.018139 4.29514e+07 779097 81102672
0.0230284 4.25277e+07 979346 102102144
0.029134 4.22026e+07 1.22953e+06 128538944
0.0368 4.22258e+07 1.55391e+06 161820816
0.0461749 4.23089e+07 1.95361e+06 203720128
0.0582529 4.20965e+07 2.45225e+06 256468304
0.0734986 4.21606e+07 3.09874e+06 322874384
0.092531 4.21074e+07 3.89624e+06 406474576
0.115843 4.22084e+07 4.88954e+06 511721120
0.145895 4.23401e+07 6.17721e+06 644218576
0.183369 4.23579e+07 7.76712e+06 811022928
0.231045 4.2173e+07 9.74384e+06 1021017232
0.290799 4.23155e+07 1.23053e+07 1285384400
0.365494 4.2326e+07 1.54699e+07 1618202912
0.460202 4.21462e+07 1.93958e+07 2037196656
0.579096 4.22699e+07 2.44783e+07 2564678416
0.72849 4.22203e+07 3.0757e+07 3228738592
0.916601 4.2028e+07 3.85229e+07 4064740928
1.1549 4.20445e+07 4.85571e+07 5117205536
