# filename: ./acpphint-WDK23_CA78C-32768MiB-threads_8-LP64-FreeBSD_main_n262658_b347c2284603_64bit-g++_13_O3lto_CA78C-libstdc++-DSIZE_ull-ISIZE_ull-using_4_threads.txt
# acpphint_main version: 0.1.33

0.000133744 112155 15 1952
0.000133275 142562 19 2368
0.000133588 172171 23 2784
0.000135723 198935 27 3200
0.000128223 241766 31 3616
0.000134108 290810 39 4448
0.000131556 357262 47 5280
0.000129734 453236 58.8001 6528
0.000128952 545427 70.3339 7776
0.000140879 613681 86.4548 9440
0.000129629 822684 106.644 11520
0.000131973 988470 130.451 14016
0.000134681 1.2069e+06 162.546 17344
0.000140306 1.44076e+06 202.147 21504
0.00013666 1.86594e+06 255 26912
0.000143014 2.23055e+06 319 33568
0.000133639 2.97559e+06 397.655 41888
0.000139004 3.58259e+06 497.994 52288
0.000145045 4.3094e+06 625.057 65600
0.000142128 5.52409e+06 785.128 82240
0.00014916 6.62737e+06 988.539 103456
0.000154211 8.05407e+06 1242.03 130080
0.000152805 1.02346e+07 1563.9 163360
0.000166138 1.18308e+07 1965.55 205376
0.00017046 1.4473e+07 2467.07 258208
0.000181241 1.71827e+07 3114.2 324768
0.000189938 2.0593e+07 3911.39 408384
0.000209313 2.34714e+07 4912.88 514048
0.000231395 2.6827e+07 6207.63 646752
0.000257852 3.02463e+07 7799.08 813984
0.00028983 3.3783e+07 9791.33 1024480
0.000334516 3.70199e+07 12383.7 1289472
0.000396439 3.92345e+07 15554.1 1623104
0.000466748 4.18349e+07 19526.4 2043264
0.000566848 4.35934e+07 24710.8 2572000
0.000673144 4.60934e+07 31027.5 3237600
0.000786368 4.95182e+07 38939.5 4075424
0.000966672 5.10076e+07 49307.6 5130400
0.00116083 5.33214e+07 61897.1 6458688
0.00142431 5.45317e+07 77669.8 8130592
0.00172299 5.71104e+07 98400.6 10235552
0.00213771 5.77655e+07 123486 12885472
0.00263133 5.88769e+07 154925 16221376
0.00326942 6.00441e+07 196309 20421312
0.00410642 5.9995e+07 246365 25708672
0.00520235 5.94027e+07 309034 32365088
0.00663442 5.90156e+07 391534 40744992
0.00853172 5.7611e+07 491521 51294752
0.0110186 5.59442e+07 616428 64575968
0.0140061 5.57529e+07 780880 81295840
0.0176788 5.54664e+07 980581 102345024
0.0223676 5.49683e+07 1.22951e+06 128844640
0.0282665 5.50927e+07 1.55728e+06 162205344
0.0354635 5.51572e+07 1.95606e+06 204204288
0.0449357 5.45676e+07 2.45204e+06 257077888
0.0566152 5.48459e+07 3.10511e+06 323641632
0.0711511 5.48286e+07 3.90112e+06 407440256
0.0897004 5.45015e+07 4.88881e+06 512936608
0.112535 5.49979e+07 6.18922e+06 645748768
0.140602 5.5311e+07 7.77683e+06 812949152
0.178441 5.45938e+07 9.7418e+06 1023442240
0.224687 5.48669e+07 1.23279e+07 1288437152
0.281834 5.49588e+07 1.54893e+07 1622045856
0.357637 5.42186e+07 1.93906e+07 2042034464
0.448727 5.46449e+07 2.45206e+07 2570768800
0.56411 5.45914e+07 3.07956e+07 3236405824
0.70458 5.46576e+07 3.85106e+07 4074393312
0.888311 5.4751e+07 4.86359e+07 5129356832
1.12793 5.40922e+07 6.10123e+07 6457477184
