# filename: ./acpphint-WDK23_CA78C-32768MiB-threads_8-LP64-FreeBSD_main_n273201_e4ac0183a1a8_64bit-clang++_19_O3lto_CA76-libc++-cpulockdown-DSIZE_ull-ISIZE_ull-using_2_threads_creation_untimed-cpus_5_7.txt
# acpphint_main version: 0.1.41

6.406e-06 1.09273e+06 7 976
6.562e-06 1.37153e+06 9 1184
6.51e-06 1.68971e+06 11 1392
6.145e-06 2.11554e+06 13 1600
6.094e-06 2.46144e+06 15 1808
6.146e-06 3.09144e+06 19 2224
6.198e-06 3.71087e+06 23 2640
6.771e-06 4.27314e+06 28.9334 3264
6.718e-06 5.17691e+06 34.7785 3888
6.771e-06 6.32382e+06 42.8186 4720
6.823e-06 7.75063e+06 52.8825 5760
6.979e-06 9.28699e+06 64.8139 7008
7.083e-06 1.14142e+07 80.8465 8672
7.396e-06 1.36175e+07 100.715 10752
7.5e-06 1.69333e+07 127 13456
7.865e-06 2.02161e+07 159 16784
8.125e-06 2.44367e+07 198.548 20944
8.073e-06 3.08025e+07 248.668 26144
8.593e-06 3.63516e+07 312.369 32800
1.1146e-05 3.52026e+07 392.369 41120
1.0676e-05 4.62896e+07 494.187 51728
1.125e-05 5.52339e+07 621.382 65040
1.2708e-05 6.15325e+07 781.955 81680
1.4478e-05 6.79097e+07 983.196 102688
1.6666e-05 7.41097e+07 1235.11 129104
1.9478e-05 7.99558e+07 1557.38 162384
2.3124e-05 8.46373e+07 1957.15 204192
2.7603e-05 8.91379e+07 2460.47 257024
3.3227e-05 9.34333e+07 3104.51 323376
4.0362e-05 9.67017e+07 3903.07 406992
4.9217e-05 9.96569e+07 4904.82 512240
6.0883e-05 1.01723e+08 6193.19 644736
7.5569e-05 1.03015e+08 7784.78 811552
9.3277e-05 1.0488e+08 9782.87 1021632
0.000115828 1.06689e+08 12357.5 1286000
0.000144316 1.07611e+08 15530 1618800
0.000180617 1.08026e+08 19511.4 2037712
0.000226239 1.08984e+08 24656.5 2565200
0.000282591 1.09635e+08 30982 3229344
0.000353316 1.10161e+08 38921.7 4065296
0.000446645 1.1016e+08 49202.3 5117776
0.000567785 1.08864e+08 61811.3 6442736
0.000707621 1.09723e+08 77642.6 8110688
0.000907143 1.08211e+08 98162.9 10210656
0.00117432 1.05016e+08 123322 12854336
0.0015117 1.02462e+08 154891 16182544
0.00195376 1.00223e+08 195811 20372496
0.00252534 9.74314e+07 246048 25647376
0.00326296 9.46969e+07 308992 32287984
0.00417729 9.35033e+07 390591 40647920
0.00535395 9.1688e+07 490894 51172512
0.00683779 9.01449e+07 616392 64422320
0.00873233 8.92198e+07 779097 81102672
0.0110357 8.87438e+07 979346 102102144
0.0138211 8.89606e+07 1.22953e+06 128538944
0.017501 8.87901e+07 1.55391e+06 161820816
0.0231357 8.44416e+07 1.95361e+06 203720128
0.0289767 8.46281e+07 2.45225e+06 256468304
0.0366096 8.46429e+07 3.09874e+06 322874384
0.0453246 8.59629e+07 3.89624e+06 406474576
0.057335 8.52803e+07 4.88954e+06 511721120
0.0727985 8.48536e+07 6.17721e+06 644218576
0.0917944 8.46142e+07 7.76712e+06 811022928
0.115801 8.41432e+07 9.74384e+06 1021017232
0.147158 8.362e+07 1.23053e+07 1285384400
0.186519 8.294e+07 1.54699e+07 1618202912
0.233103 8.3207e+07 1.93958e+07 2037196656
0.294333 8.31653e+07 2.44783e+07 2564678416
0.370748 8.29593e+07 3.0757e+07 3228738592
0.465783 8.27056e+07 3.85229e+07 4064740928
0.587024 8.27173e+07 4.85571e+07 5117205536
0.739984 8.23475e+07 6.09359e+07 6442179888
0.93163 8.17669e+07 7.61765e+07 8110223824
1.1721 8.17259e+07 9.57909e+07 10210166656
