# filename: ./acpphint-WDK23_CA78C-32768MiB-threads_8-LP64-FreeBSD_main_n273201_e4ac0183a1a8_64bit-g++_14_O3lto_CA76-libstdc++-cpulockdown-DSIZE_ull-ISIZE_ull-using_4_threads-cpus_1_3_4_6.txt
# acpphint_main version: 0.1.41

7.1924e-05 208553 15 1952
6.7809e-05 280199 19 2368
6.8591e-05 335321 23 2784
6.833e-05 395141 27 3200
6.7862e-05 456809 31 3616
6.9737e-05 559244 39 4448
7.4164e-05 633731 47 5280
7.0101e-05 838791 58.8001 6528
6.9111e-05 1.01769e+06 70.3339 7776
7.0674e-05 1.22329e+06 86.4548 9440
7.2548e-05 1.46997e+06 106.644 11520
6.8903e-05 1.89326e+06 130.451 14016
7.1819e-05 2.26328e+06 162.546 17344
7.0466e-05 2.86872e+06 202.147 21504
7.4892e-05 3.4049e+06 255 26912
6.9111e-05 4.61576e+06 319 33568
7.0882e-05 5.61009e+06 397.655 41888
7.0309e-05 7.08293e+06 497.994 52288
7.5622e-05 8.26555e+06 625.057 65600
6.9685e-05 1.12668e+07 785.128 82240
6.8851e-05 1.43577e+07 988.539 103456
7.4788e-05 1.66073e+07 1242.03 130080
7.4163e-05 2.10874e+07 1563.9 163360
8.0934e-05 2.42858e+07 1965.55 205376
8.2183e-05 3.00193e+07 2467.07 258208
8.9475e-05 3.48053e+07 3114.2 324768
9.1714e-05 4.26477e+07 3911.39 408384
9.7859e-05 5.02036e+07 4912.88 514048
0.000105829 5.86572e+07 6207.63 646752
0.000113536 6.86926e+07 7799.08 813984
0.000126921 7.71451e+07 9791.33 1024480
0.00014291 8.66541e+07 12383.7 1289472
0.000155878 9.97837e+07 15554.1 1623104
0.000202022 9.66546e+07 19526.4 2043264
0.000241551 1.02301e+08 24710.8 2572000
0.00029259 1.06044e+08 31027.5 3237600
0.000349098 1.11543e+08 38939.5 4075424
0.000430448 1.1455e+08 49307.6 5130400
0.000532839 1.16165e+08 61897.1 6458688
0.000643666 1.20668e+08 77669.8 8130592
0.000817981 1.20297e+08 98400.6 10235552
0.00100901 1.22383e+08 123486 12885472
0.00130613 1.18613e+08 154925 16221376
0.00168705 1.16362e+08 196309 20421312
0.00224531 1.09724e+08 246365 25708672
0.00301694 1.02433e+08 309034 32365088
0.00397528 9.84923e+07 391534 40744992
0.0051311 9.57924e+07 491521 51294752
0.00665733 9.25939e+07 616428 64575968
0.00862359 9.05516e+07 780880 81295840
0.0110268 8.8927e+07 980581 102345024
0.0140762 8.73468e+07 1.22951e+06 128844640
0.0178828 8.70826e+07 1.55728e+06 162205344
0.0227387 8.60237e+07 1.95606e+06 204204288
0.0287227 8.53694e+07 2.45204e+06 257077888
0.0363186 8.54964e+07 3.10511e+06 323641632
0.045886 8.50176e+07 3.90112e+06 407440256
0.0576311 8.48293e+07 4.88881e+06 512936608
0.0724035 8.54823e+07 6.18922e+06 645748768
0.0912617 8.52146e+07 7.77683e+06 812949152
0.114892 8.4791e+07 9.7418e+06 1023442240
0.144498 8.53152e+07 1.23279e+07 1288437152
0.182059 8.50782e+07 1.54893e+07 1622045856
0.229527 8.44807e+07 1.93906e+07 2042034464
0.288887 8.48796e+07 2.45206e+07 2570768800
0.364189 8.45595e+07 3.07956e+07 3236405824
0.458421 8.40071e+07 3.85106e+07 4074393312
0.576901 8.43054e+07 4.86359e+07 5129356832
0.725675 8.40767e+07 6.10123e+07 6457477184
0.913601 8.33502e+07 7.61488e+07 8129481856
1.15053 8.33844e+07 9.59359e+07 10234411072
