# filename: ./acpphint-WDK23_CA78C-32768MiB-threads_8-LP64-FreeBSD_main_n264334_215bab7924f6_64bit-clang++_16_O3lto_CA78C-libc++-cpulockdown-DSIZE_ul-ISIZE_ul-using_2_threads-cpus_5_7.txt
# acpphint_main version: 0.1.35

6.6664e-05 105004 7 976
6.7028e-05 134272 9 1184
6.6195e-05 166176 11 1392
6.781e-05 191712 13 1600
6.6612e-05 225185 15 1808
6.7184e-05 282805 19 2224
6.6351e-05 346641 23 2640
6.5934e-05 438824 28.9334 3264
6.6091e-05 526221 34.7785 3888
6.6195e-05 646855 42.8186 4720
6.7237e-05 786509 52.8825 5760
6.8538e-05 945664 64.8139 7008
6.7914e-05 1.19042e+06 80.8465 8672
6.8955e-05 1.46059e+06 100.715 10752
6.9268e-05 1.83346e+06 127 13456
6.8903e-05 2.30759e+06 159 16784
6.9476e-05 2.85779e+06 198.548 20944
7.0934e-05 3.50563e+06 248.668 26144
7.1872e-05 4.34619e+06 312.369 32800
7.2757e-05 5.39286e+06 392.369 41120
7.6559e-05 6.45499e+06 494.187 51728
7.6923e-05 8.07797e+06 621.382 65040
8.0413e-05 9.72423e+06 781.955 81680
8.4059e-05 1.16965e+07 983.196 102688
8.9631e-05 1.378e+07 1235.11 129104
9.5412e-05 1.63227e+07 1557.38 162384
0.000102808 1.9037e+07 1957.15 204192
0.000112495 2.18719e+07 2460.47 257024
0.000125723 2.46932e+07 3104.51 323376
0.000141295 2.76236e+07 3903.07 406992
0.000159836 3.06866e+07 4904.82 512240
0.000184106 3.36393e+07 6193.19 644736
0.00021426 3.63333e+07 7784.78 811552
0.000253321 3.86185e+07 9782.87 1021632
0.000301132 4.10369e+07 12357.5 1286000
0.000363473 4.27266e+07 15530 1618800
0.000442635 4.408e+07 19511.4 2037712
0.000541433 4.55393e+07 24656.5 2565200
0.000665333 4.65662e+07 30982 3229344
0.000816628 4.76615e+07 38921.7 4065296
0.00101329 4.85572e+07 49202.3 5117776
0.00124166 4.97812e+07 61811.3 6442736
0.00156008 4.97683e+07 77642.6 8110688
0.00197954 4.95887e+07 98162.9 10210656
0.00254795 4.84004e+07 123322 12854336
0.00325948 4.75201e+07 154891 16182544
0.00420725 4.65414e+07 195811 20372496
0.00539094 4.5641e+07 246048 25647376
0.00692743 4.46042e+07 308992 32287984
0.00885109 4.41291e+07 390591 40647920
0.0112939 4.34652e+07 490894 51172512
0.0143658 4.29068e+07 616392 64422320
0.0182078 4.27891e+07 779097 81102672
0.0230182 4.25465e+07 979346 102102144
0.0291054 4.22441e+07 1.22953e+06 128538944
0.0367817 4.22469e+07 1.55391e+06 161820816
0.046232 4.22567e+07 1.95361e+06 203720128
0.0583132 4.2053e+07 2.45225e+06 256468304
0.073272 4.22909e+07 3.09874e+06 322874384
0.0923361 4.21963e+07 3.89624e+06 406474576
0.115964 4.21642e+07 4.88954e+06 511721120
0.145833 4.23581e+07 6.17721e+06 644218576
0.18349 4.23298e+07 7.76712e+06 811022928
0.230766 4.22239e+07 9.74384e+06 1021017232
0.290483 4.23616e+07 1.23053e+07 1285384400
0.365599 4.23138e+07 1.54699e+07 1618202912
0.459848 4.21787e+07 1.93958e+07 2037196656
0.579745 4.22225e+07 2.44783e+07 2564678416
0.728404 4.22252e+07 3.0757e+07 3228738592
0.916593 4.20283e+07 3.85229e+07 4064740928
1.15429 4.20665e+07 4.85571e+07 5117205536
