# filename: ./acpphint-WDK23_CA78C-32768MiB-threads_8-LP64-FreeBSD_main_n262658_b347c2284603_64bit-clang++_16_O3lto_CA78C-libc++-DSIZE_ull-ISIZE_ull-using_2_threads-cpus_5_7.txt
# acpphint_main version: 0.1.33

6.8695e-05 101900 7 976
7.2809e-05 123611 9 1184
7.2392e-05 151950 11 1392
7.2653e-05 178933 13 1600
7.4059e-05 202541 15 1808
7.0101e-05 271038 19 2224
7.2236e-05 318401 23 2640
7.6246e-05 379474 28.9334 3264
7.3121e-05 475629 34.7785 3888
7.3122e-05 585577 42.8186 4720
6.958e-05 760025 52.8825 5760
7.3954e-05 876408 64.8139 7008
7.4789e-05 1.08099e+06 80.8465 8672
7.4788e-05 1.34667e+06 100.715 10752
7.4892e-05 1.69578e+06 127 13456
7.3329e-05 2.16831e+06 159 16784
7.2445e-05 2.74067e+06 198.548 20944
5.9112e-05 4.20673e+06 248.668 26144
6.307e-05 4.95274e+06 312.369 32800
7.7288e-05 5.07671e+06 392.369 41120
8.2808e-05 5.96787e+06 494.187 51728
8.3538e-05 7.43831e+06 621.382 65040
8.984e-05 8.70386e+06 781.955 81680
8.0569e-05 1.22032e+07 983.196 102688
0.000100464 1.22941e+07 1235.11 129104
0.000104474 1.49069e+07 1557.38 162384
0.00011364 1.72224e+07 1957.15 204192
0.000125254 1.96439e+07 2460.47 257024
0.000136556 2.27343e+07 3104.51 323376
0.000152493 2.55951e+07 3903.07 406992
0.000174054 2.81799e+07 4904.82 512240
0.000196084 3.15844e+07 6193.19 644736
0.000227749 3.41814e+07 7784.78 811552
0.000267539 3.65662e+07 9782.87 1021632
0.000315506 3.91674e+07 12357.5 1286000
0.00038118 4.07419e+07 15530 1618800
0.000457426 4.26547e+07 19511.4 2037712
0.000554765 4.44449e+07 24656.5 2565200
0.000674811 4.59121e+07 30982 3229344
0.000825064 4.71742e+07 38921.7 4065296
0.00101677 4.83907e+07 49202.3 5117776
0.00126931 4.86966e+07 61811.3 6442736
0.00158617 4.89497e+07 77642.6 8110688
0.00199917 4.91017e+07 98162.9 10210656
0.00256118 4.81505e+07 123322 12854336
0.00326802 4.73959e+07 154891 16182544
0.0042024 4.65951e+07 195811 20372496
0.0053813 4.57228e+07 246048 25647376
0.00688966 4.48487e+07 308992 32287984
0.00878436 4.44643e+07 390591 40647920
0.0111727 4.39369e+07 490894 51172512
0.0142222 4.33402e+07 616392 64422320
0.0180693 4.31171e+07 779097 81102672
0.0228661 4.28296e+07 979346 102102144
0.0289371 4.24898e+07 1.22953e+06 128538944
0.0365731 4.24879e+07 1.55391e+06 161820816
0.0460857 4.23909e+07 1.95361e+06 203720128
0.0578681 4.23765e+07 2.45225e+06 256468304
0.0729335 4.24872e+07 3.09874e+06 322874384
0.0916289 4.2522e+07 3.89624e+06 406474576
0.115315 4.24016e+07 4.88954e+06 511721120
0.145078 4.25786e+07 6.17721e+06 644218576
0.182033 4.26688e+07 7.76712e+06 811022928
0.229166 4.25187e+07 9.74384e+06 1021017232
0.288331 4.26778e+07 1.23053e+07 1285384400
0.363128 4.26018e+07 1.54699e+07 1618202912
0.456537 4.24846e+07 1.93958e+07 2037196656
0.574088 4.26386e+07 2.44783e+07 2564678416
0.722492 4.25707e+07 3.0757e+07 3228738592
0.910722 4.22993e+07 3.85229e+07 4064740928
1.14582 4.23776e+07 4.85571e+07 5117205536
