# filename: ./acpphint-WDK23_CA78C-32768MiB-threads_8-LP64-FreeBSD_main_n273201_e4ac0183a1a8_64bit-clang++_19_O3lto_CA76-libc++-DSIZE_ull-ISIZE_ull-using_8_threads_creation_untimed-cpus_0_1_2_3_4_5_6_7.txt
# acpphint_main version: 0.1.41

8.3694e-05 370397 31 3904
8.2184e-05 474545 39 4736
8.0048e-05 587148 47 5568
8.109e-05 678259 55 6400
8.0726e-05 780418 63 7232
8.0986e-05 975477 79 8896
7.9996e-05 1.18756e+06 95 10560
8.1611e-05 1.45242e+06 118.533 13056
8.1298e-05 1.73983e+06 141.445 15552
8.109e-05 2.1424e+06 173.727 18880
7.9996e-05 2.67719e+06 214.164 23040
8.3069e-05 3.15077e+06 261.732 28032
8.1194e-05 4.01445e+06 325.949 34688
8.2131e-05 4.93132e+06 405.014 43008
8.0725e-05 6.33013e+06 511 53824
8.4788e-05 7.53644e+06 639 67136
8.5413e-05 9.31796e+06 795.875 83776
8.4163e-05 1.18418e+07 996.639 104576
8.7808e-05 1.42403e+07 1250.41 131200
9.0048e-05 1.74424e+07 1570.66 164480
8.8745e-05 2.22799e+07 1977.23 206912
9.0256e-05 2.75135e+07 2483.26 260160
9.0568e-05 3.45356e+07 3127.82 326720
9.2079e-05 4.26832e+07 3930.23 410752
9.8224e-05 5.02003e+07 4930.87 516416
9.6975e-05 6.42216e+07 6227.89 649536
0.000108016 7.2395e+07 7819.82 816768
0.000110984 8.84579e+07 9817.41 1028096
0.000118953 1.0436e+08 12413.9 1293504
0.000135359 1.15183e+08 15591 1627968
0.000157857 1.23934e+08 19563.8 2048960
0.000163742 1.51243e+08 24764.9 2578944
0.000178221 1.7446e+08 31092.5 3246208
0.000215614 1.80935e+08 39012.1 4086528
0.000243739 2.02747e+08 49417.3 5144000
0.000305402 2.03083e+08 62022 6475200
0.000378419 2.05574e+08 77793.3 8150848
0.000504559 1.95436e+08 98609.2 10260800
0.000669187 1.84889e+08 123726 12917376
0.000907768 1.70924e+08 155160 16261184
0.00135046 1.45724e+08 196794 20471104
0.00201886 1.22262e+08 246829 25770944
0.00291965 1.05996e+08 309472 32442752
0.00406225 9.66431e+07 392589 40842624
0.00542255 9.08112e+07 492428 51417344
0.00711637 8.67395e+07 617270 64730176
0.00920742 8.50318e+07 782923 81489984
0.0118402 8.29704e+07 982382 102589504
0.01524 8.0783e+07 1.23114e+06 129151936
0.0192854 8.09542e+07 1.56124e+06 162591680
0.0235994 8.30368e+07 1.95962e+06 204690048
0.0294997 8.32267e+07 2.45516e+06 257689280
0.0372549 8.35535e+07 3.11277e+06 324410688
0.0463031 8.44041e+07 3.90817e+06 408408576
0.0577042 8.48264e+07 4.89484e+06 514155776
0.0727589 8.52692e+07 6.20409e+06 647283264
0.0916359 8.50194e+07 7.79083e+06 814880512
0.115512 8.44368e+07 9.75343e+06 1025873216
0.145451 8.49546e+07 1.23567e+07 1291497536
0.183371 8.46208e+07 1.5517e+07 1625898304
0.230719 8.41414e+07 1.9413e+07 2046884480
0.290497 8.46008e+07 2.45763e+07 2576874304
0.366607 8.41512e+07 3.08505e+07 3244091712
0.461297 8.35767e+07 3.85537e+07 4084068928
0.581218 8.38633e+07 4.87428e+07 5141537600
0.73141 8.35648e+07 6.11202e+07 6472811648
0.920342 8.28287e+07 7.62307e+07 8148786624
1.16043 8.28482e+07 9.61392e+07 10258713664
