# filename: ./acpphint-WDK23_CA78C-32768MiB-threads_8-LP64-FreeBSD_main_n262658_b347c2284603_64bit-g++_13_O3lto_CA78C-libc++-cpulockdown-DSIZE_ull-ISIZE_ull-using_7_threads.txt
# acpphint_main version: 0.1.33

0.000176762 152748 27 3416
0.000182596 186203 34 4144
0.000182856 224220 41 4872
0.000175981 272757 48 5600
0.000177023 310694 55 6328
0.000175825 392436 69 7784
0.000177283 468178 83 9240
0.000179627 576751 103.6 11424
0.000177439 696955 123.667 13608
0.000177595 855369 151.909 16520
0.000175148 1.06929e+06 187.284 20160
0.000176606 1.29617e+06 228.911 24528
0.000180668 1.57802e+06 285.098 30352
0.000179106 1.97814e+06 354.297 37632
0.000176606 2.53106e+06 447 47096
0.000183324 3.04925e+06 559 58744
0.000181137 3.84416e+06 696.319 73304
0.000185981 4.68853e+06 871.978 91504
0.00018848 5.80471e+06 1094.07 114800
0.000188585 7.2873e+06 1374.27 143920
0.000191345 9.04157e+06 1730.06 181048
0.000190929 1.13809e+07 2172.95 227640
0.000192856 1.41911e+07 2736.84 285880
0.000204365 1.6828e+07 3439.06 359408
0.000185564 2.3253e+07 4314.93 451864
0.000196188 2.77768e+07 5449.47 568344
0.000208271 3.28548e+07 6842.71 714672
0.000226656 3.79045e+07 8591.29 899584
0.000249624 4.35149e+07 10862.4 1131816
0.000272591 5.00495e+07 13643 1424472
0.000296444 5.77536e+07 17120.7 1792840
0.000338682 6.39821e+07 21669.6 2256576
0.000384148 7.08267e+07 27207.9 2840432
0.000442062 7.72307e+07 34140.8 3575712
0.000514142 8.41027e+07 43240.7 4501000
0.000616168 8.80821e+07 54273.4 5665800
0.000737569 9.23032e+07 68080 7131992
0.000905998 9.52363e+07 86283.9 8978200
0.00115255 9.39384e+07 108269 11302704
0.00153404 8.85163e+07 135788 14228536
0.00208693 8.25116e+07 172196 17912216
0.00283872 7.60885e+07 215994 22549576
0.0038331 7.06574e+07 270837 28387408
0.00517657 6.63606e+07 343521 35737296
0.00678826 6.34794e+07 430915 44990176
0.00887238 6.08874e+07 540216 56638904
0.0114385 5.98927e+07 685083 71303736
0.0146557 5.86582e+07 859677 89765816
0.0188308 5.7219e+07 1.07748e+06 113007944
0.0239183 5.71183e+07 1.36617e+06 142267720
0.0305016 5.62233e+07 1.7149e+06 179103792
0.0386327 5.56217e+07 2.14882e+06 225478120
0.0489838 5.56104e+07 2.72401e+06 283859352
0.0619452 5.52151e+07 3.42031e+06 357357504
0.0782551 5.47493e+07 4.28441e+06 449886304
0.0987437 5.49885e+07 5.42977e+06 566372856
0.124091 5.4952e+07 6.81907e+06 713020448
0.155812 5.47987e+07 8.53832e+06 897639064
0.195391 5.53582e+07 1.08165e+07 1130060344
0.245808 5.5265e+07 1.35846e+07 1422661016
0.309504 5.49244e+07 1.69993e+07 1791023920
0.388458 5.54005e+07 2.15208e+07 2254765016
0.489114 5.52438e+07 2.70205e+07 2838580248
0.616509 5.47908e+07 3.3779e+07 3573560312
0.775394 5.50856e+07 4.27131e+07 4498845400
0.976031 5.48953e+07 5.35795e+07 5663710192
1.22949 5.4383e+07 6.68636e+07 7130188296
