# filename: ./acpphint-WDK23_CA78C-32768MiB-threads_8-LP64-FreeBSD_main_n273201_e4ac0183a1a8_64bit-g++_14_O3lto_CA76-libstdc++-cpulockdown-DSIZE_ull-ISIZE_ull-using_8_threads_creation_untimed.txt
# acpphint_main version: 0.1.41

7.2549e-05 427297 31 3904
7.6195e-05 511845 39 4736
7.307e-05 643219 47 5568
7.2288e-05 760845 55 6400
7.208e-05 874029 63 7232
7.135e-05 1.10722e+06 79 8896
7.359e-05 1.29094e+06 95 10560
7.3539e-05 1.61184e+06 118.533 13056
7.5673e-05 1.86916e+06 141.445 15552
7.4892e-05 2.31971e+06 173.727 18880
7.1715e-05 2.98632e+06 214.164 23040
7.458e-05 3.50941e+06 261.732 28032
7.307e-05 4.46078e+06 325.949 34688
7.135e-05 5.67644e+06 405.014 43008
7.5101e-05 6.80417e+06 511 53824
7.1039e-05 8.99506e+06 639 67136
7.1819e-05 1.10817e+07 795.875 83776
7.3851e-05 1.34953e+07 996.639 104576
7.4215e-05 1.68485e+07 1250.41 131200
7.4996e-05 2.09432e+07 1570.66 164480
7.7131e-05 2.56347e+07 1977.23 206912
7.6611e-05 3.24138e+07 2483.26 260160
7.8538e-05 3.98256e+07 3127.82 326720
8.0205e-05 4.90023e+07 3930.23 410752
8.2965e-05 5.94331e+07 4930.87 516416
8.5986e-05 7.24291e+07 6227.89 649536
8.7496e-05 8.93734e+07 7819.82 816768
9.6922e-05 1.01292e+08 9817.41 1028096
0.000103328 1.20141e+08 12413.9 1293504
0.000110672 1.40876e+08 15591 1627968
0.000123067 1.58969e+08 19563.8 2048960
0.000143118 1.73038e+08 24764.9 2578944
0.000161034 1.9308e+08 31092.5 3246208
0.000192491 2.0267e+08 39012.1 4086528
0.000230874 2.14045e+08 49417.3 5144000
0.000280872 2.20819e+08 62022 6475200
0.000349306 2.22708e+08 77793.3 8150848
0.000442062 2.23066e+08 98609.2 10260800
0.000591585 2.09143e+08 123726 12917376
0.000839855 1.84746e+08 155160 16261184
0.00125442 1.56881e+08 196794 20471104
0.00186579 1.32292e+08 246829 25770944
0.00265518 1.16554e+08 309472 32442752
0.0036655 1.07104e+08 392589 40842624
0.00490466 1.004e+08 492428 51417344
0.00645807 9.55812e+07 617270 64730176
0.00838995 9.33168e+07 782923 81489984
0.0107915 9.10334e+07 982382 102589504
0.0138296 8.90219e+07 1.23114e+06 129151936
0.0176984 8.82137e+07 1.56124e+06 162591680
0.0225525 8.68916e+07 1.95962e+06 204690048
0.028638 8.57309e+07 2.45516e+06 257689280
0.0362277 8.59225e+07 3.11277e+06 324410688
0.0458314 8.52729e+07 3.90817e+06 408408576
0.0579702 8.44373e+07 4.89484e+06 514155776
0.0731262 8.48408e+07 6.20409e+06 647283264
0.0921401 8.45542e+07 7.79083e+06 814880512
0.115949 8.41185e+07 9.75343e+06 1025873216
0.145512 8.49187e+07 1.23567e+07 1291497536
0.183161 8.47178e+07 1.5517e+07 1625898304
0.230325 8.42854e+07 1.9413e+07 2046884480
0.289482 8.48973e+07 2.45763e+07 2576874304
0.364505 8.46366e+07 3.08505e+07 3244091712
0.458821 8.40277e+07 3.85537e+07 4084068928
0.577956 8.43366e+07 4.87428e+07 5141537600
0.727378 8.4028e+07 6.11202e+07 6472811648
0.91553 8.32641e+07 7.62307e+07 8148786624
1.1527 8.34032e+07 9.61392e+07 10258713664
