# filename: ./acpphint-WDK23_CA78C-32768MiB-threads_8-LP64-FreeBSD_main_n273201_e4ac0183a1a8_64bit-clang++_19_O3lto_CA76-libc++-cpulockdown-DSIZE_ull-ISIZE_ull-using_2_threads-cpus_2_3.txt
# acpphint_main version: 0.1.41

4.9841e-05 140447 7 976
5.1924e-05 173330 9 1184
5.156e-05 213344 11 1392
5.156e-05 252133 13 1600
5.2133e-05 287726 15 1808
5.1977e-05 365546 19 2224
5.2133e-05 441179 23 2640
5.0727e-05 570375 28.9334 3264
5.0622e-05 687023 34.7785 3888
5.1196e-05 836365 42.8186 4720
5.2081e-05 1.01539e+06 52.8825 5760
5.2654e-05 1.23094e+06 64.8139 7008
5.3279e-05 1.51742e+06 80.8465 8672
5.3539e-05 1.88115e+06 100.715 10752
5.2862e-05 2.40248e+06 127 13456
5.4217e-05 2.93266e+06 159 16784
5.4059e-05 3.6728e+06 198.548 20944
5.4216e-05 4.58662e+06 248.668 26144
5.5206e-05 5.65825e+06 312.369 32800
5.5779e-05 7.03434e+06 392.369 41120
5.6873e-05 8.68931e+06 494.187 51728
5.9164e-05 1.05027e+07 621.382 65040
6.0309e-05 1.29658e+07 781.955 81680
6.2289e-05 1.57844e+07 983.196 102688
6.6663e-05 1.85277e+07 1235.11 129104
6.9841e-05 2.22989e+07 1557.38 162384
7.4684e-05 2.62058e+07 1957.15 204192
8.083e-05 3.04401e+07 2460.47 257024
8.8589e-05 3.5044e+07 3104.51 323376
9.9058e-05 3.94019e+07 3903.07 406992
0.00011088 4.42354e+07 4904.82 512240
0.000126452 4.89766e+07 6193.19 644736
0.000146503 5.31373e+07 7784.78 811552
0.000170409 5.74082e+07 9782.87 1021632
0.000201761 6.12484e+07 12357.5 1286000
0.000242124 6.41406e+07 15530 1618800
0.000290246 6.72236e+07 19511.4 2037712
0.00035066 7.03145e+07 24656.5 2565200
0.000426333 7.26709e+07 30982 3229344
0.000521433 7.46437e+07 38921.7 4065296
0.000640854 7.67762e+07 49202.3 5117776
0.000783034 7.89382e+07 61811.3 6442736
0.00100313 7.74006e+07 77642.6 8110688
0.0012528 7.83546e+07 98162.9 10210656
0.00161008 7.65939e+07 123322 12854336
0.00206224 7.5108e+07 154891 16182544
0.00263674 7.42625e+07 195811 20372496
0.00337087 7.29923e+07 246048 25647376
0.00429807 7.1891e+07 308992 32287984
0.00550848 7.09073e+07 390591 40647920
0.00702569 6.98712e+07 490894 51172512
0.00894523 6.89073e+07 616392 64422320
0.0113449 6.86737e+07 779097 81102672
0.0143795 6.81069e+07 979346 102102144
0.0181363 6.77941e+07 1.22953e+06 128538944
0.0228806 6.7914e+07 1.55391e+06 161820816
0.028822 6.7782e+07 1.95361e+06 203720128
0.0363501 6.74619e+07 2.45225e+06 256468304
0.0458345 6.76072e+07 3.09874e+06 322874384
0.0573739 6.79096e+07 3.89624e+06 406474576
0.0723565 6.75757e+07 4.88954e+06 511721120
0.09125 6.76955e+07 6.17721e+06 644218576
0.115029 6.75232e+07 7.76712e+06 811022928
0.144969 6.72134e+07 9.74384e+06 1021017232
0.182669 6.73641e+07 1.23053e+07 1285384400
0.230646 6.7072e+07 1.54699e+07 1618202912
0.290717 6.67169e+07 1.93958e+07 2037196656
0.366531 6.67836e+07 2.44783e+07 2564678416
0.461335 6.66695e+07 3.0757e+07 3228738592
0.58089 6.6317e+07 3.85229e+07 4064740928
0.731774 6.63552e+07 4.85571e+07 5117205536
0.921544 6.61237e+07 6.09359e+07 6442179888
1.16118 6.56028e+07 7.61765e+07 8110223824
