# filename: ./acpphint-WDK23_CA78C-32768MiB-threads_8-LP64-FreeBSD_main_n273201_e4ac0183a1a8_64bit-clang++_19_O3lto_CA76-libc++-DSIZE_ull-ISIZE_ull-using_4_threads-cpus_4_5_6_7.txt
# acpphint_main version: 0.1.41

6.682e-05 224484 15 1952
6.8018e-05 279338 19 2368
6.8591e-05 335321 23 2784
6.8747e-05 392744 27 3200
6.734e-05 460350 31 3616
6.9633e-05 560079 39 4448
7.1455e-05 657757 47 5280
7.1611e-05 821104 58.8001 6528
7.1559e-05 982879 70.3339 7776
6.8747e-05 1.25758e+06 86.4548 9440
6.7236e-05 1.58611e+06 106.644 11520
7.1298e-05 1.82966e+06 130.451 14016
6.8798e-05 2.36266e+06 162.546 17344
6.8278e-05 2.96065e+06 202.147 21504
7.1611e-05 3.56091e+06 255 26912
7.0517e-05 4.52373e+06 319 33568
7.0361e-05 5.65163e+06 397.655 41888
7.3069e-05 6.81539e+06 497.994 52288
7.4215e-05 8.42225e+06 625.057 65600
7.5414e-05 1.04109e+07 785.128 82240
7.8694e-05 1.25618e+07 988.539 103456
8.0673e-05 1.53958e+07 1242.03 130080
7.8017e-05 2.00457e+07 1563.9 163360
6.5882e-05 2.98343e+07 1965.55 205376
7.1455e-05 3.45263e+07 2467.07 258208
7.5934e-05 4.1012e+07 3114.2 324768
7.3122e-05 5.34913e+07 3911.39 408384
8.3746e-05 5.8664e+07 4912.88 514048
8.9943e-05 6.90174e+07 6207.63 646752
9.3954e-05 8.30096e+07 7799.08 813984
0.00010713 9.13967e+07 9791.33 1024480
0.000121244 1.02139e+08 12383.7 1289472
0.000136609 1.13858e+08 15554.1 1623104
0.00015869 1.23047e+08 19526.4 2043264
0.000178481 1.38451e+08 24710.8 2572000
0.000213115 1.4559e+08 31027.5 3237600
0.000253478 1.53621e+08 38939.5 4075424
0.000299517 1.64624e+08 49307.6 5130400
0.000361233 1.71349e+08 61897.1 6458688
0.000454145 1.71024e+08 77669.8 8130592
0.000581951 1.69087e+08 98400.6 10235552
0.000764182 1.61592e+08 123486 12885472
0.00105912 1.46277e+08 154925 16221376
0.0014879 1.31938e+08 196309 20421312
0.0020824 1.18308e+08 246365 25708672
0.00291929 1.05859e+08 309034 32365088
0.00398361 9.82862e+07 391534 40744992
0.00525792 9.3482e+07 491521 51294752
0.00688347 8.95519e+07 616428 64575968
0.00892853 8.7459e+07 780880 81295840
0.0115103 8.51914e+07 980581 102345024
0.0147207 8.35223e+07 1.22951e+06 128844640
0.0188389 8.26628e+07 1.55728e+06 162205344
0.0236159 8.28282e+07 1.95606e+06 204204288
0.0286119 8.56998e+07 2.45204e+06 257077888
0.0344429 9.01524e+07 3.10511e+06 323641632
0.0436053 8.94642e+07 3.90112e+06 407440256
0.0554271 8.82026e+07 4.88881e+06 512936608
0.070028 8.83821e+07 6.18922e+06 645748768
0.0897081 8.66905e+07 7.77683e+06 812949152
0.113094 8.61386e+07 9.7418e+06 1023442240
0.142352 8.66018e+07 1.23279e+07 1288437152
0.179516 8.62836e+07 1.54893e+07 1622045856
0.226087 8.57661e+07 1.93906e+07 2042034464
0.285091 8.60097e+07 2.45206e+07 2570768800
0.358982 8.57859e+07 3.07956e+07 3236405824
0.452122 8.51776e+07 3.85106e+07 4074393312
0.569783 8.53586e+07 4.86359e+07 5129356832
0.717227 8.5067e+07 6.10123e+07 6457477184
0.902792 8.43482e+07 7.61488e+07 8129481856
1.13714 8.43657e+07 9.59359e+07 10234411072
