# filename: ./acpphint-WDK23_CA78C-32768MiB-threads_8-LP64-FreeBSD_main_n273201_e4ac0183a1a8_64bit-clang++_19_O3lto_CA76-libc++-DSIZE_ul-ISIZE_ul-using_2_threads-cpus_2_3.txt
# acpphint_main version: 0.1.41

6.5778e-05 106419 7 976
6.583e-05 136716 9 1184
6.5778e-05 167229 11 1392
6.5674e-05 197947 13 1600
6.5101e-05 230411 15 1808
6.583e-05 288622 19 2224
6.557e-05 350770 23 2640
6.4841e-05 446221 28.9334 3264
6.4892e-05 535944 34.7785 3888
6.4216e-05 666790 42.8186 4720
6.2393e-05 847571 52.8825 5760
5.9216e-05 1.09453e+06 64.8139 7008
5.8382e-05 1.38478e+06 80.8465 8672
5.1925e-05 1.93962e+06 100.715 10752
3.8749e-05 3.2775e+06 127 13456
3.604e-05 4.41176e+06 159 16784
3.7915e-05 5.23666e+06 198.548 20944
4.0362e-05 6.16095e+06 248.668 26144
3.9425e-05 7.92312e+06 312.369 32800
4.0467e-05 9.69601e+06 392.369 41120
4.255e-05 1.16143e+07 494.187 51728
4.3591e-05 1.42548e+07 621.382 65040
4.3643e-05 1.79171e+07 781.955 81680
4.7497e-05 2.07002e+07 983.196 102688
5.0987e-05 2.42241e+07 1235.11 129104
5.5726e-05 2.79471e+07 1557.38 162384
6.7393e-05 2.90409e+07 1957.15 204192
9.0464e-05 2.71984e+07 2460.47 257024
7.7496e-05 4.00603e+07 3104.51 323376
8.6402e-05 4.51734e+07 3903.07 406992
0.000103433 4.74202e+07 4904.82 512240
0.000115619 5.35655e+07 6193.19 644736
0.000138483 5.62147e+07 7784.78 811552
0.00016369 5.97646e+07 9782.87 1021632
0.000208688 5.92154e+07 12357.5 1286000
0.000251446 6.17627e+07 15530 1618800
0.00030436 6.41062e+07 19511.4 2037712
0.000362639 6.79918e+07 24656.5 2565200
0.000438364 7.06764e+07 30982 3229344
0.0005306 7.33541e+07 38921.7 4065296
0.000651011 7.55783e+07 49202.3 5117776
0.000797149 7.75404e+07 61811.3 6442736
0.000988129 7.85754e+07 77642.6 8110688
0.00124905 7.85898e+07 98162.9 10210656
0.00159831 7.71578e+07 123322 12854336
0.00204641 7.5689e+07 154891 16182544
0.00260956 7.50361e+07 195811 20372496
0.00333354 7.38099e+07 246048 25647376
0.00425745 7.25769e+07 308992 32287984
0.0054313 7.19148e+07 390591 40647920
0.00690128 7.11308e+07 490894 51172512
0.00876202 7.03481e+07 616392 64422320
0.011125 7.00313e+07 779097 81102672
0.0141111 6.94023e+07 979346 102102144
0.0177986 6.90802e+07 1.22953e+06 128538944
0.0224589 6.91892e+07 1.55391e+06 161820816
0.0284195 6.87421e+07 1.95361e+06 203720128
0.0358887 6.83293e+07 2.45225e+06 256468304
0.0452997 6.84054e+07 3.09874e+06 322874384
0.0576488 6.75858e+07 3.89624e+06 406474576
0.0720216 6.789e+07 4.88954e+06 511721120
0.090873 6.79763e+07 6.17721e+06 644218576
0.11467 6.77348e+07 7.76712e+06 811022928
0.144537 6.74142e+07 9.74384e+06 1021017232
0.182065 6.75876e+07 1.23053e+07 1285384400
0.230879 6.70045e+07 1.54699e+07 1618202912
0.289221 6.7062e+07 1.93958e+07 2037196656
0.363999 6.72482e+07 2.44783e+07 2564678416
0.460124 6.68451e+07 3.0757e+07 3228738592
0.577886 6.66617e+07 3.85229e+07 4064740928
0.728572 6.66469e+07 4.85571e+07 5117205536
0.916455 6.64909e+07 6.09359e+07 6442179888
1.15438 6.59892e+07 7.61765e+07 8110223824
