# filename: ./acpphint-WDK23_CA78C-32768MiB-threads_8-LP64-FreeBSD_main_n262658_b347c2284603_64bit-g++_13_O3lto_CA78C-libc++-cpulockdown-DSIZE_ull-ISIZE_ull-using_2_threads-cpus_5_7.txt
# acpphint_main version: 0.1.33

4.3956e-05 159250 7 976
4.5259e-05 198855 9 1184
4.8019e-05 229076 11 1392
4.2498e-05 305897 13 1600
3.8956e-05 385050 15 1808
3.9634e-05 479386 19 2224
4.7914e-05 480027 23 2640
4.1769e-05 692700 28.9334 3264
4.2706e-05 814369 34.7785 3888
4.2967e-05 996545 42.8186 4720
4.755e-05 1.11215e+06 52.8825 5760
4.4998e-05 1.44037e+06 64.8139 7008
5.1143e-05 1.58079e+06 80.8465 8672
4.0155e-05 2.50815e+06 100.715 10752
4.4894e-05 2.82889e+06 127 13456
4.1769e-05 3.80665e+06 159 16784
4.3176e-05 4.59857e+06 198.548 20944
4.3852e-05 5.67063e+06 248.668 26144
5.8695e-05 5.3219e+06 312.369 32800
5.5466e-05 7.07404e+06 392.369 41120
5.9685e-05 8.27992e+06 494.187 51728
6.031e-05 1.03031e+07 621.382 65040
6.3591e-05 1.22966e+07 781.955 81680
7.0257e-05 1.39943e+07 983.196 102688
7.0517e-05 1.75151e+07 1235.11 129104
7.3017e-05 2.1329e+07 1557.38 162384
8.708e-05 2.24754e+07 1957.15 204192
0.00010161 2.42149e+07 2460.47 257024
0.000114265 2.71694e+07 3104.51 323376
0.000132806 2.93893e+07 3903.07 406992
0.000160148 3.06268e+07 4904.82 512240
0.000188325 3.28857e+07 6193.19 644736
0.000227801 3.41736e+07 7784.78 811552
0.000279361 3.50188e+07 9782.87 1021632
0.000348108 3.54991e+07 12357.5 1286000
0.000420917 3.68956e+07 15530 1618800
0.000522266 3.73591e+07 19511.4 2037712
0.00064549 3.81981e+07 24656.5 2565200
0.000792774 3.90805e+07 30982 3229344
0.000990212 3.93064e+07 38921.7 4065296
0.00125025 3.93539e+07 49202.3 5117776
0.00156623 3.94651e+07 61811.3 6442736
0.00196667 3.94791e+07 77642.6 8110688
0.0024992 3.92777e+07 98162.9 10210656
0.00313865 3.92914e+07 123322 12854336
0.00395153 3.91977e+07 154891 16182544
0.00500523 3.91214e+07 195811 20372496
0.00630647 3.90152e+07 246048 25647376
0.00794816 3.8876e+07 308992 32287984
0.0100307 3.89397e+07 390591 40647920
0.0126353 3.8851e+07 490894 51172512
0.0158236 3.89539e+07 616392 64422320
0.0199509 3.90507e+07 779097 81102672
0.0252441 3.8795e+07 979346 102102144
0.0315508 3.89699e+07 1.22953e+06 128538944
0.0397609 3.90814e+07 1.55391e+06 161820816
0.0500067 3.9067e+07 1.95361e+06 203720128
0.063316 3.87303e+07 2.45225e+06 256468304
0.0798666 3.8799e+07 3.09874e+06 322874384
0.0997771 3.90494e+07 3.89624e+06 406474576
0.125026 3.91082e+07 4.88954e+06 511721120
0.157185 3.92991e+07 6.17721e+06 644218576
0.198172 3.91938e+07 7.76712e+06 811022928
0.248623 3.91912e+07 9.74384e+06 1021017232
0.313239 3.92841e+07 1.23053e+07 1285384400
0.393231 3.93405e+07 1.54699e+07 1618202912
0.496175 3.90906e+07 1.93958e+07 2037196656
0.624497 3.91968e+07 2.44783e+07 2564678416
0.786775 3.90925e+07 3.0757e+07 3228738592
0.991143 3.88671e+07 3.85229e+07 4064740928
1.24629 3.89613e+07 4.85571e+07 5117205536
