# filename: ./acpphint-WDK23_CA78C-32768MiB-threads_8-LP64-FreeBSD_main_n262658_b347c2284603_64bit-g++_13_O3lto_CA78C-libstdc++-cpulockdown-DSIZE_ull-ISIZE_ull-using_1_threads.txt
# acpphint_main version: 0.1.33

9.58889e-08 1.04287e+07 1 280
1.55e-07 1.29032e+07 2 384
2.13355e-07 1.40611e+07 3 488
2.9164e-07 1.37155e+07 4 592
3.5219e-07 1.41969e+07 5 696
3.935e-07 1.52478e+07 6 800
4.618e-07 1.51581e+07 7 904
5.85917e-07 1.53605e+07 9 1112
7.187e-07 1.53054e+07 11 1320
8.3325e-07 1.68017e+07 14 1632
1.06386e-06 1.59796e+07 17 1944
1.2604e-06 1.66614e+07 21 2360
1.44525e-06 1.799e+07 26 2880
1.69267e-06 1.89051e+07 32 3504
2.01367e-06 1.98643e+07 40 4336
2.33075e-06 2.14523e+07 50 5376
2.9165e-06 2.16012e+07 63 6728
3.672e-06 2.15142e+07 79 8392
4.4005e-06 2.24974e+07 99 10472
5.52e-06 2.24638e+07 124 13072
6.666e-06 2.34023e+07 156 16400
8.176e-06 2.39726e+07 196 20560
1.0156e-05 2.43206e+07 247 25864
1.3333e-05 2.33256e+07 311 32520
1.7551e-05 2.22779e+07 391 40840
2.3905e-05 2.05815e+07 492 51344
3.1509e-05 1.96452e+07 619 64552
3.8852e-05 2.00504e+07 779 81192
5.0675e-05 1.93389e+07 980 102096
6.5153e-05 1.894e+07 1234 128512
8.2235e-05 1.88849e+07 1553 161688
0.000105412 1.85463e+07 1955 203496
0.000132858 1.85235e+07 2461 256120
0.000168117 1.84276e+07 3098 322368
0.000213532 1.82642e+07 3900 405776
0.000272695 1.80054e+07 4909.99 510816
0.0003479 1.77666e+07 6180.99 643000
0.000448415 1.73522e+07 7780.99 809400
0.000563931 1.73691e+07 9794.98 1018856
0.000711684 1.73265e+07 12331 1282600
0.000895009 1.7345e+07 15523.9 1614672
0.00114302 1.70977e+07 19542.9 2032648
0.00144764 1.69952e+07 24602.9 2558888
0.00182548 1.69669e+07 30972.8 3221368
0.00230952 1.6883e+07 38991.6 4055344
0.00290684 1.68869e+07 49087.4 5105328
0.00369518 1.67237e+07 61797.1 6427168
0.00466045 1.66931e+07 77797.6 8091272
0.00588794 1.66341e+07 97940.8 10186248
0.00745891 1.65305e+07 123299 12823688
0.00936699 1.65713e+07 155223 16143992
0.0118538 1.64852e+07 195412 20323960
0.0149479 1.64575e+07 246006 25586256
0.0188919 1.63932e+07 309699 32211160
0.0238141 1.63718e+07 389880 40551336
0.0300014 1.63598e+07 490818 51051072
0.0380098 1.62559e+07 617885 64269472
0.0478495 1.6256e+07 777842 80910408
0.0602134 1.62621e+07 979199 101860064
0.0757295 1.62772e+07 1.23267e+06 128234152
0.0949591 1.63409e+07 1.55172e+06 161437192
0.120104 1.62636e+07 1.95331e+06 203237288
0.151088 1.62739e+07 2.45879e+06 255860560
0.190013 1.62882e+07 3.09497e+06 322109288
0.239396 1.62727e+07 3.89561e+06 405511464
0.30104 1.62873e+07 4.90313e+06 510508616
0.378641 1.62974e+07 6.17085e+06 642692200
0.476037 1.63134e+07 7.76575e+06 809101456
0.599434 1.63019e+07 9.77193e+06 1018598328
0.754831 1.62883e+07 1.22949e+07 1282339208
0.947859 1.63177e+07 1.54669e+07 1614369296
1.19514 1.62772e+07 1.94535e+07 2032370464
