# filename: ./acpphint-WDK23_CA78C-32768MiB-threads_8-LP64-FreeBSD_main_n273201_e4ac0183a1a8_64bit-g++_14_O3lto_CA76-libstdc++-DSIZE_ull-ISIZE_ull-using_8_threads_creation_untimed.txt
# acpphint_main version: 0.1.41

7.5048e-05 413069 31 3904
7.5101e-05 519301 39 4736
7.5465e-05 622805 47 5568
7.734e-05 711146 55 6400
7.4475e-05 845921 63 7232
7.5986e-05 1.03967e+06 79 8896
7.6402e-05 1.24342e+06 95 10560
7.661e-05 1.54723e+06 118.533 13056
7.8226e-05 1.80816e+06 141.445 15552
7.7444e-05 2.24327e+06 173.727 18880
7.5778e-05 2.82621e+06 214.164 23040
8.0829e-05 3.23809e+06 261.732 28032
7.7548e-05 4.20319e+06 325.949 34688
7.7028e-05 5.25801e+06 405.014 43008
7.8382e-05 6.51935e+06 511 53824
7.8538e-05 8.13619e+06 639 67136
7.9215e-05 1.0047e+07 795.875 83776
8.0726e-05 1.23459e+07 996.639 104576
8.083e-05 1.54696e+07 1250.41 131200
8.234e-05 1.90753e+07 1570.66 164480
8.6923e-05 2.27469e+07 1977.23 206912
9.0152e-05 2.75452e+07 2483.26 260160
8.9266e-05 3.50393e+07 3127.82 326720
9.1662e-05 4.28774e+07 3930.23 410752
9.3746e-05 5.25982e+07 4930.87 516416
0.000105724 5.8907e+07 6227.89 649536
0.00010135 7.71566e+07 7819.82 816768
0.000111401 8.81268e+07 9817.41 1028096
0.00012838 9.66968e+07 12413.9 1293504
0.000136556 1.14173e+08 15591 1627968
0.000154941 1.26266e+08 19563.8 2048960
0.000164003 1.51003e+08 24764.9 2578944
0.000190459 1.6325e+08 31092.5 3246208
0.000231707 1.68368e+08 39012.1 4086528
0.000270039 1.83001e+08 49417.3 5144000
0.000345244 1.79647e+08 62022 6475200
0.000421125 1.84727e+08 77793.3 8150848
0.000544662 1.81047e+08 98609.2 10260800
0.000710487 1.74142e+08 123726 12917376
0.000952871 1.62834e+08 155160 16261184
0.00134035 1.46823e+08 196794 20471104
0.0018885 1.30701e+08 246829 25770944
0.00260477 1.1881e+08 309472 32442752
0.0036431 1.07762e+08 392589 40842624
0.00497257 9.90289e+07 492428 51417344
0.00642198 9.61184e+07 617270 64730176
0.00817216 9.58038e+07 782923 81489984
0.0107033 9.17833e+07 982382 102589504
0.0137278 8.96822e+07 1.23114e+06 129151936
0.0174565 8.94359e+07 1.56124e+06 162591680
0.0221734 8.83771e+07 1.95962e+06 204690048
0.0281146 8.7327e+07 2.45516e+06 257689280
0.0356385 8.73431e+07 3.11277e+06 324410688
0.0448424 8.71536e+07 3.90817e+06 408408576
0.0570075 8.58632e+07 4.89484e+06 514155776
0.0720013 8.61664e+07 6.20409e+06 647283264
0.0909225 8.56865e+07 7.79083e+06 814880512
0.114805 8.49567e+07 9.75343e+06 1025873216
0.144712 8.53883e+07 1.23567e+07 1291497536
0.182347 8.50961e+07 1.5517e+07 1625898304
0.229826 8.44684e+07 1.9413e+07 2046884480
0.289247 8.49665e+07 2.45763e+07 2576874304
0.364264 8.46926e+07 3.08505e+07 3244091712
0.458542 8.40788e+07 3.85537e+07 4084068928
0.577537 8.43977e+07 4.87428e+07 5141537600
0.72674 8.41018e+07 6.11202e+07 6472811648
0.915629 8.3255e+07 7.62307e+07 8148786624
1.15324 8.33643e+07 9.61392e+07 10258713664
