# filename: ./acpphint-WDK23_CA78C-32768MiB-threads_8-LP64-FreeBSD_main_n273201_e4ac0183a1a8_64bit-g++_14_O3lto_CA76-libstdc++-cpulockdown-DSIZE_ul-ISIZE_ul-using_1_threads-cpus_4.txt
# acpphint_main version: 0.1.41

4.26443e-08 2.34498e+07 1 280
7.31212e-08 2.73518e+07 2 384
9.99459e-08 3.00162e+07 3 488
1.28e-07 3.125e+07 4 592
1.6049e-07 3.11546e+07 5 696
1.89714e-07 3.16265e+07 6 800
2.19595e-07 3.18769e+07 7 904
2.69379e-07 3.34101e+07 9 1112
3.32e-07 3.31325e+07 11 1320
3.83789e-07 3.64783e+07 14 1632
4.85e-07 3.50515e+07 17 1944
5.76923e-07 3.64e+07 21 2360
6.72364e-07 3.86696e+07 26 2880
7.69667e-07 4.15764e+07 32 3504
9.07571e-07 4.40737e+07 40 4336
1.073e-06 4.65983e+07 50 5376
1.302e-06 4.83871e+07 63 6728
1.57967e-06 5.00105e+07 79 8392
1.914e-06 5.17241e+07 99 10472
2.33075e-06 5.32018e+07 124 13072
2.8645e-06 5.44598e+07 156 16400
3.5415e-06 5.53438e+07 196 20560
4.401e-06 5.61236e+07 247 25864
5.521e-06 5.63304e+07 311 32520
6.875e-06 5.68727e+07 391 40840
8.541e-06 5.76045e+07 492 51344
1.1093e-05 5.58009e+07 619 64552
1.5416e-05 5.05319e+07 779 81192
2.0415e-05 4.80039e+07 980 102096
2.6249e-05 4.70113e+07 1234 128512
3.479e-05 4.46392e+07 1553 161688
4.4165e-05 4.42658e+07 1955 203496
5.6091e-05 4.38751e+07 2461 256120
7.234e-05 4.28255e+07 3098 322368
9.0412e-05 4.31358e+07 3900 405776
0.000116661 4.20877e+07 4909.99 510816
0.000147545 4.18922e+07 6180.99 643000
0.000187439 4.15121e+07 7780.99 809400
0.000237124 4.13074e+07 9794.98 1018856
0.000301756 4.0864e+07 12331 1282600
0.000379409 4.09161e+07 15523.9 1614672
0.000474092 4.12218e+07 19542.9 2032648
0.000592523 4.15222e+07 24602.9 2558888
0.000752151 4.11789e+07 30972.8 3221368
0.000936725 4.16255e+07 38991.6 4055344
0.00118437 4.1446e+07 49087.4 5105328
0.00148383 4.16469e+07 61797.1 6427168
0.00188455 4.12819e+07 77797.6 8091272
0.00236322 4.14438e+07 97940.8 10186248
0.00297751 4.14102e+07 123299 12823688
0.0037569 4.13169e+07 155223 16143992
0.00478024 4.08792e+07 195412 20323960
0.00606257 4.05778e+07 246006 25586256
0.00762796 4.06004e+07 309699 32211160
0.00968094 4.02729e+07 389880 40551336
0.0122138 4.01856e+07 490818 51051072
0.0154251 4.0057e+07 617885 64269472
0.0195418 3.98041e+07 777842 80910408
0.0246302 3.97561e+07 979199 101860064
0.0310289 3.97264e+07 1.23267e+06 128234152
0.0391619 3.96232e+07 1.55172e+06 161437192
0.0494966 3.94636e+07 1.95331e+06 203237288
0.0624665 3.93617e+07 2.45879e+06 255860560
0.0781717 3.95919e+07 3.09497e+06 322109288
0.098215 3.96641e+07 3.89561e+06 405511464
0.123463 3.97133e+07 4.90313e+06 510508616
0.15597 3.95643e+07 6.17085e+06 642692200
0.195018 3.98207e+07 7.76575e+06 809101456
0.245009 3.98839e+07 9.77193e+06 1018598328
0.310576 3.95873e+07 1.22949e+07 1282339208
0.389234 3.97367e+07 1.54669e+07 1614369296
0.490649 3.96485e+07 1.94535e+07 2032370464
0.617724 3.95999e+07 2.44618e+07 2558602768
0.776013 3.9626e+07 3.07503e+07 3221089944
0.975392 3.96155e+07 3.86407e+07 4055111912
1.23362 3.93418e+07 4.85327e+07 5105083328
