# filename: ./acpphint-WDK23_CA78C-32768MiB-threads_8-LP64-FreeBSD_main_n262658_b347c2284603_64bit-clang++_16_O3lto-libc++-cpulockdown-DSIZE_ull-ISIZE_ull-using_1_threads-cpus_4.txt
# acpphint_main version: 0.1.33

6.72043e-08 1.488e+07 1 280
9.40806e-08 2.12584e+07 2 384
1.23413e-07 2.43086e+07 3 488
1.57649e-07 2.53729e+07 4 592
1.88161e-07 2.65729e+07 5 696
2.08308e-07 2.88035e+07 6 800
2.5587e-07 2.73577e+07 7 904
2.95111e-07 3.0497e+07 9 1112
3.576e-07 3.07606e+07 11 1320
4.34042e-07 3.2255e+07 14 1632
5.182e-07 3.28059e+07 17 1944
6.34687e-07 3.30871e+07 21 2360
7.76833e-07 3.34692e+07 26 2880
9.479e-07 3.37588e+07 32 3504
1.17175e-06 3.4137e+07 40 4336
1.50167e-06 3.32963e+07 50 5376
1.83575e-06 3.43184e+07 63 6728
2.2525e-06 3.50721e+07 79 8392
2.8125e-06 3.52e+07 99 10472
3.5155e-06 3.52724e+07 124 13072
4.401e-06 3.54465e+07 156 16400
5.468e-06 3.58449e+07 196 20560
7.03e-06 3.51351e+07 247 25864
8.958e-06 3.47176e+07 311 32520
1.125e-05 3.47556e+07 391 40840
1.4218e-05 3.4604e+07 492 51344
1.7863e-05 3.46526e+07 619 64552
2.2342e-05 3.48671e+07 779 81192
2.802e-05 3.4975e+07 980 102096
3.578e-05 3.44885e+07 1234 128512
4.4685e-05 3.47544e+07 1553 161688
5.6768e-05 3.44384e+07 1955 203496
7.083e-05 3.47451e+07 2461 256120
8.9944e-05 3.44436e+07 3098 322368
0.000112963 3.45245e+07 3900 405776
0.000143899 3.41211e+07 4909.99 510816
0.000181085 3.41331e+07 6180.99 643000
0.000231656 3.35885e+07 7780.99 809400
0.000289673 3.38139e+07 9794.98 1018856
0.00036467 3.3814e+07 12331 1282600
0.000455811 3.40579e+07 15523.9 1614672
0.000570025 3.42843e+07 19542.9 2032648
0.0007246 3.39537e+07 24602.9 2558888
0.000898342 3.44777e+07 30972.8 3221368
0.00115031 3.38967e+07 38991.6 4055344
0.00144884 3.38806e+07 49087.4 5105328
0.00183585 3.36613e+07 61797.1 6427168
0.00231978 3.35366e+07 77797.6 8091272
0.00297725 3.28964e+07 97940.8 10186248
0.00382987 3.21942e+07 123299 12823688
0.00499143 3.1098e+07 155223 16143992
0.00639459 3.0559e+07 195412 20323960
0.00831579 2.9583e+07 246006 25586256
0.0106046 2.92041e+07 309699 32211160
0.0136807 2.84985e+07 389880 40551336
0.0175252 2.80063e+07 490818 51051072
0.022163 2.78791e+07 617885 64269472
0.028263 2.75216e+07 777842 80910408
0.0361368 2.7097e+07 979199 101860064
0.0457374 2.69509e+07 1.23267e+06 128234152
0.0575946 2.69421e+07 1.55172e+06 161437192
0.0729475 2.6777e+07 1.95331e+06 203237288
0.0913735 2.69092e+07 2.45879e+06 255860560
0.115673 2.67562e+07 3.09497e+06 322109288
0.145368 2.67983e+07 3.89561e+06 405511464
0.183471 2.67243e+07 4.90313e+06 510508616
0.229393 2.69008e+07 6.17085e+06 642692200
0.288424 2.69248e+07 7.76575e+06 809101456
0.362943 2.69241e+07 9.77193e+06 1018598328
0.456675 2.69226e+07 1.22949e+07 1282339208
0.576057 2.68496e+07 1.54669e+07 1614369296
0.72358 2.68851e+07 1.94535e+07 2032370464
0.91522 2.67278e+07 2.44618e+07 2558602768
1.15499 2.66239e+07 3.07503e+07 3221089944
