# filename: ./acpphint-WDK23_CA78C-32768MiB-threads_8-LP64-FreeBSD_main_n262658_b347c2284603_64bit-g++_13_O3lto_CA78C-libstdc++-cpulockdown-DSIZE_ul-ISIZE_ul-using_2_threads-cpus_6_7.txt
# acpphint_main version: 0.1.33

7.5934e-05 92185.3 7 976
7.2184e-05 124681 9 1184
6.9736e-05 157738 11 1392
7.2757e-05 178677 13 1600
7.2028e-05 208252 15 1808
6.4892e-05 292794 19 2224
7.1091e-05 323529 23 2640
7.0413e-05 410910 28.9334 3264
6.708e-05 518462 34.7785 3888
7.1507e-05 598802 42.8186 4720
7.2861e-05 725800 52.8825 5760
6.6976e-05 967718 64.8139 7008
6.4684e-05 1.24987e+06 80.8465 8672
6.6507e-05 1.51435e+06 100.715 10752
7.1871e-05 1.76705e+06 127 13456
7.8225e-05 2.0326e+06 159 16784
7.8538e-05 2.52805e+06 198.548 20944
8.0621e-05 3.08441e+06 248.668 26144
8.0048e-05 3.90227e+06 312.369 32800
8.1767e-05 4.79862e+06 392.369 41120
8.3746e-05 5.90103e+06 494.187 51728
8.4319e-05 7.36942e+06 621.382 65040
9.1402e-05 8.55512e+06 781.955 81680
9.4319e-05 1.04242e+07 983.196 102688
9.7808e-05 1.26279e+07 1235.11 129104
0.000101974 1.52723e+07 1557.38 162384
0.000104735 1.86867e+07 1957.15 204192
0.000119943 2.05137e+07 2460.47 257024
0.000136035 2.28214e+07 3104.51 323376
0.000159316 2.44989e+07 3903.07 406992
0.00017171 2.85645e+07 4904.82 512240
0.000212073 2.92031e+07 6193.19 644736
0.000252019 3.08896e+07 7784.78 811552
0.00029858 3.27647e+07 9782.87 1021632
0.000357483 3.45682e+07 12357.5 1286000
0.000437062 3.55327e+07 15530 1618800
0.000526277 3.70743e+07 19511.4 2037712
0.000649083 3.79866e+07 24656.5 2565200
0.000799388 3.87571e+07 30982 3229344
0.0009849 3.95184e+07 38921.7 4065296
0.0012176 4.04094e+07 49202.3 5117776
0.00152237 4.06019e+07 61811.3 6442736
0.00189324 4.10104e+07 77642.6 8110688
0.00237176 4.13882e+07 98162.9 10210656
0.00301063 4.09621e+07 123322 12854336
0.00377716 4.10072e+07 154891 16182544
0.00474243 4.12893e+07 195811 20372496
0.00596518 4.12474e+07 246048 25647376
0.00745589 4.14427e+07 308992 32287984
0.00942824 4.14278e+07 390591 40647920
0.0119999 4.0908e+07 490894 51172512
0.0150167 4.10472e+07 616392 64422320
0.0188578 4.13143e+07 779097 81102672
0.0236204 4.14618e+07 979346 102102144
0.0299596 4.10396e+07 1.22953e+06 128538944
0.0380388 4.08507e+07 1.55391e+06 161820816
0.0473629 4.12477e+07 1.95361e+06 203720128
0.0600308 4.08498e+07 2.45225e+06 256468304
0.074972 4.1332e+07 3.09874e+06 322874384
0.0942342 4.13463e+07 3.89624e+06 406474576
0.117686 4.15472e+07 4.88954e+06 511721120
0.148485 4.16016e+07 6.17721e+06 644218576
0.185927 4.17751e+07 7.76712e+06 811022928
0.233083 4.18042e+07 9.74384e+06 1021017232
0.293722 4.18945e+07 1.23053e+07 1285384400
0.369839 4.18287e+07 1.54699e+07 1618202912
0.465384 4.1677e+07 1.93958e+07 2037196656
0.585008 4.18427e+07 2.44783e+07 2564678416
0.73732 4.17146e+07 3.0757e+07 3228738592
0.927829 4.15194e+07 3.85229e+07 4064740928
1.16881 4.15441e+07 4.85571e+07 5117205536
