# filename: ./acpphint-WDK23_CA78C-32768MiB-threads_8-LP64-FreeBSD_main_n262658_b347c2284603_64bit-g++_13_O3lto_CA78C-libstdc++-DSIZE_ul-ISIZE_ul-using_2_threads-cpus_1_3.txt
# acpphint_main version: 0.1.33

0.000101349 69068.3 7 976
9.6245e-05 93511.4 9 1184
9.7391e-05 112947 11 1392
9.7392e-05 133481 13 1600
0.000100881 148690 15 1808
9.7652e-05 194568 19 2224
9.6558e-05 238199 23 2640
0.000100672 287403 28.9334 3264
0.000100204 347077 34.7785 3888
9.8381e-05 435232 42.8186 4720
9.7912e-05 540103 52.8825 5760
0.000102703 631081 64.8139 7008
9.9058e-05 816153 80.8465 8672
9.9475e-05 1.01246e+06 100.715 10752
0.000104005 1.2211e+06 127 13456
0.000104422 1.52267e+06 159 16784
0.000102964 1.92832e+06 198.548 20944
0.000108224 2.29772e+06 248.668 26144
0.000110984 2.81454e+06 312.369 32800
0.000111973 3.50414e+06 392.369 41120
0.00011588 4.26465e+06 494.187 51728
0.000123015 5.05127e+06 621.382 65040
0.000124577 6.27688e+06 781.955 81680
0.000135983 7.23029e+06 983.196 102688
0.000144889 8.52454e+06 1235.11 129104
0.000159575 9.75955e+06 1557.38 162384
0.000173064 1.13088e+07 1957.15 204192
0.000191397 1.28553e+07 2460.47 257024
0.000211709 1.4664e+07 3104.51 323376
0.000240561 1.62249e+07 3903.07 406992
0.000280612 1.7479e+07 4904.82 512240
0.000320297 1.93358e+07 6193.19 644736
0.000374877 2.07662e+07 7784.78 811552
0.000446228 2.19235e+07 9782.87 1021632
0.00053112 2.32669e+07 12357.5 1286000
0.000631897 2.45768e+07 15530 1618800
0.000761838 2.56109e+07 19511.4 2037712
0.000918132 2.6855e+07 24656.5 2565200
0.00112031 2.76548e+07 30982 3229344
0.00135046 2.88212e+07 38921.7 4065296
0.00168627 2.91782e+07 49202.3 5117776
0.00208615 2.96294e+07 61811.3 6442736
0.00257123 3.01967e+07 77642.6 8110688
0.00322786 3.04111e+07 98162.9 10210656
0.00401517 3.0714e+07 123322 12854336
0.00501304 3.08976e+07 154891 16182544
0.00626287 3.12654e+07 195811 20372496
0.0078229 3.14523e+07 246048 25647376
0.0098316 3.14285e+07 308992 32287984
0.0123045 3.17439e+07 390591 40647920
0.0154725 3.17268e+07 490894 51172512
0.0194525 3.1687e+07 616392 64422320
0.0243401 3.20088e+07 779097 81102672
0.030733 3.18662e+07 979346 102102144
0.0384726 3.19586e+07 1.22953e+06 128538944
0.0485354 3.2016e+07 1.55391e+06 161820816
0.0611867 3.19287e+07 1.95361e+06 203720128
0.0772115 3.17601e+07 2.45225e+06 256468304
0.0969428 3.19647e+07 3.09874e+06 322874384
0.121678 3.20209e+07 3.89624e+06 406474576
0.152606 3.20402e+07 4.88954e+06 511721120
0.19088 3.23617e+07 6.17721e+06 644218576
0.239308 3.24566e+07 7.76712e+06 811022928
0.303828 3.20702e+07 9.74384e+06 1021017232
0.380654 3.23268e+07 1.23053e+07 1285384400
0.480946 3.21656e+07 1.54699e+07 1618202912
0.603594 3.21338e+07 1.93958e+07 2037196656
0.762 3.21237e+07 2.44783e+07 2564678416
0.956833 3.21446e+07 3.0757e+07 3228738592
1.20632 3.19343e+07 3.85229e+07 4064740928
