# filename: ./acpphint-WDK23_CA78C-32768MiB-threads_8-LP64-FreeBSD_main_n262658_b347c2284603_64bit-g++_13_O3lto_CA78C-libc++-DSIZE_ull-ISIZE_ull-using_6_threads.txt
# acpphint_main version: 0.1.33

0.00014666 156825 23 2928
0.000148795 194899 29 3552
0.00013541 258474 35 4176
0.000142181 288365 41 4800
0.000144056 326262 47 5424
0.000146659 402294 59 6672
0.000145462 488100 71 7920
0.000146191 606513 88.6667 9792
0.000142337 743934 105.889 11664
0.000144576 899811 130.091 14160
0.00014218 1.12818e+06 160.404 17280
0.000141503 1.38577e+06 196.091 21024
0.000140254 1.74147e+06 244.247 26016
0.000150409 2.01837e+06 303.581 32256
0.000145931 2.62453e+06 383 40368
0.000147857 3.23962e+06 479 50352
0.000151607 3.93626e+06 596.764 62832
0.000156087 4.78782e+06 747.317 78432
0.000149107 6.289e+06 937.734 98400
0.000157804 7.46427e+06 1177.89 123360
0.000161034 9.20853e+06 1482.89 155184
0.000167648 1.11104e+07 1862.64 195120
0.000174366 1.34537e+07 2345.86 245040
0.000162857 1.81011e+07 2947.89 308064
0.000172283 2.14704e+07 3698.98 387312
0.000169627 2.75372e+07 4671.04 487152
0.000187803 3.12328e+07 5865.6 612576
0.00019697 3.73923e+07 7365.16 771072
0.000223167 4.17211e+07 9310.78 970128
0.000244779 4.7778e+07 11695.1 1220976
0.000289152 5.07608e+07 14677.6 1536720
0.000333942 5.56214e+07 18574.3 1934208
0.000395346 5.89947e+07 23323.3 2434656
0.000472112 6.19966e+07 29269.3 3064896
0.00056966 6.50636e+07 37064.1 3858000
0.000669603 6.94812e+07 46524.8 4856400
0.000811106 7.19593e+07 58366.6 6113136
0.000986462 7.49735e+07 73958.5 7695600
0.00120437 7.70625e+07 92811.6 9688032
0.00152347 7.64147e+07 116415 12195888
0.00194907 7.57273e+07 147598 15353328
0.00255826 7.23766e+07 185158 19328208
0.00335447 6.92211e+07 232200 24332064
0.00438697 6.71195e+07 294451 30631968
0.00559582 6.60135e+07 369400 38563008
0.00736131 6.2918e+07 463158 48547632
0.00972265 6.03989e+07 587238 61117488
0.0126065 5.84591e+07 736966 76942128
0.0161664 5.71436e+07 923806 96863952
0.0204066 5.7388e+07 1.17109e+06 121943760
0.0257245 5.71502e+07 1.47016e+06 153517536
0.0327114 5.63238e+07 1.84243e+06 193266960
0.0411864 5.66975e+07 2.33517e+06 243308016
0.052217 5.61568e+07 2.93234e+06 306306432
0.065589 5.60124e+07 3.67379e+06 385616832
0.0829254 5.61367e+07 4.65516e+06 485462448
0.103899 5.62742e+07 5.84686e+06 611160384
0.132313 5.53422e+07 7.32251e+06 769404912
0.166093 5.58432e+07 9.27519e+06 968623152
0.210017 5.54738e+07 1.16504e+07 1219423728
0.265041 5.50214e+07 1.45829e+07 1535163360
0.329623 5.6006e+07 1.84609e+07 1932655728
0.416647 5.56434e+07 2.31837e+07 2433068784
0.525268 5.51979e+07 2.89937e+07 3063051696
0.665758 5.50744e+07 3.66662e+07 3856153200
0.837369 5.49482e+07 4.6012e+07 4854608736
1.04398 5.50341e+07 5.74547e+07 6111589968
