# filename: ./acpphint-WDK23_CA78C-32768MiB-threads_8-LP64-FreeBSD_main_n273201_e4ac0183a1a8_64bit-clang++_19_O3lto_CA76-libc++-DSIZE_ull-ISIZE_ull-using_4_threads_creation_untimed-cpus_1_3_4_6.txt
# acpphint_main version: 0.1.41

3.0051e-05 499151 15 1952
3.2029e-05 593212 19 2368
3.1249e-05 736024 23 2784
3.0624e-05 881661 27 3200
3.1353e-05 988741 31 3616
3.078e-05 1.26706e+06 39 4448
3.1249e-05 1.50405e+06 47 5280
3.177e-05 1.8508e+06 58.8001 6528
2.9374e-05 2.39443e+06 70.3339 7776
3.1873e-05 2.71248e+06 86.4548 9440
3.1666e-05 3.36777e+06 106.644 11520
3.1092e-05 4.19566e+06 130.451 14016
3.1093e-05 5.22774e+06 162.546 17344
3.1509e-05 6.41554e+06 202.147 21504
3.1561e-05 8.07959e+06 255 26912
3.177e-05 1.00409e+07 319 33568
3.2863e-05 1.21004e+07 397.655 41888
3.3175e-05 1.50111e+07 497.994 52288
3.5363e-05 1.76755e+07 625.057 65600
3.3436e-05 2.34815e+07 785.128 82240
3.604e-05 2.74289e+07 988.539 103456
3.6508e-05 3.40206e+07 1242.03 130080
3.6613e-05 4.27144e+07 1563.9 163360
3.9842e-05 4.93335e+07 1965.55 205376
3.8384e-05 6.42735e+07 2467.07 258208
4.3071e-05 7.2304e+07 3114.2 324768
4.8696e-05 8.03226e+07 3911.39 408384
4.9009e-05 1.00244e+08 4912.88 514048
5.7028e-05 1.08852e+08 6207.63 646752
6.609e-05 1.18007e+08 7799.08 813984
7.609e-05 1.28681e+08 9791.33 1024480
9.2339e-05 1.34112e+08 12383.7 1289472
0.000112651 1.38073e+08 15554.1 1623104
0.000138587 1.40896e+08 19526.4 2043264
0.000169003 1.46215e+08 24710.8 2572000
0.000206292 1.50406e+08 31027.5 3237600
0.000255873 1.52183e+08 38939.5 4075424
0.000313474 1.57294e+08 49307.6 5130400
0.000388002 1.59528e+08 61897.1 6458688
0.000489769 1.58585e+08 77669.8 8130592
0.000621793 1.58253e+08 98400.6 10235552
0.000803659 1.53654e+08 123486 12885472
0.00107578 1.44011e+08 154925 16221376
0.00149842 1.31011e+08 196309 20421312
0.00214677 1.1476e+08 246365 25708672
0.0030448 1.01496e+08 309034 32365088
0.00415417 9.42507e+07 391534 40744992
0.00549885 8.93862e+07 491521 51294752
0.0071407 8.6326e+07 616428 64575968
0.00923533 8.45535e+07 780880 81295840
0.0118295 8.2893e+07 980581 102345024
0.0151578 8.11143e+07 1.22951e+06 128844640
0.0192995 8.06899e+07 1.55728e+06 162205344
0.0242082 8.08019e+07 1.95606e+06 204204288
0.0292925 8.37086e+07 2.45204e+06 257077888
0.0365128 8.50416e+07 3.10511e+06 323641632
0.0458126 8.51538e+07 3.90112e+06 407440256
0.0578187 8.45541e+07 4.88881e+06 512936608
0.0723164 8.55852e+07 6.18922e+06 645748768
0.0911419 8.53266e+07 7.77683e+06 812949152
0.114783 8.48713e+07 9.7418e+06 1023442240
0.144624 8.52413e+07 1.23279e+07 1288437152
0.182028 8.50929e+07 1.54893e+07 1622045856
0.229533 8.44786e+07 1.93906e+07 2042034464
0.288882 8.48811e+07 2.45206e+07 2570768800
0.364264 8.45419e+07 3.07956e+07 3236405824
0.458514 8.39902e+07 3.85106e+07 4074393312
0.577604 8.42028e+07 4.86359e+07 5129356832
0.726461 8.39856e+07 6.10123e+07 6457477184
0.914532 8.32653e+07 7.61488e+07 8129481856
1.15288 8.32144e+07 9.59359e+07 10234411072
