# filename: ./acpphint-WDK23_CA78C-32768MiB-threads_8-LP64-FreeBSD_main_n273201_e4ac0183a1a8_64bit-clang++_19_O3lto_CA76-libc++-cpulockdown-DSIZE_ul-ISIZE_ul-using_8_threads_creation_untimed-cpus_0_1_2_3_4_5_6_7.txt
# acpphint_main version: 0.1.41

8.1038e-05 382537 31 3904
8.0361e-05 485310 39 4736
8.1298e-05 578120 47 5568
8.1246e-05 676956 55 6400
8.0881e-05 778922 63 7232
7.8486e-05 1.00655e+06 79 8896
7.8017e-05 1.21768e+06 95 10560
7.4215e-05 1.59716e+06 118.533 13056
7.4059e-05 1.90989e+06 141.445 15552
7.6715e-05 2.26458e+06 173.727 18880
8.0569e-05 2.65815e+06 214.164 23040
7.9319e-05 3.29973e+06 261.732 28032
7.4893e-05 4.3522e+06 325.949 34688
8.0153e-05 5.05302e+06 405.014 43008
8.2288e-05 6.2099e+06 511 53824
8.286e-05 7.7118e+06 639 67136
8.3589e-05 9.52128e+06 795.875 83776
8.109e-05 1.22905e+07 996.639 104576
8.2809e-05 1.50999e+07 1250.41 131200
8.1559e-05 1.92579e+07 1570.66 164480
8.4475e-05 2.34061e+07 1977.23 206912
8.5516e-05 2.90385e+07 2483.26 260160
8.5464e-05 3.65981e+07 3127.82 326720
8.7548e-05 4.48922e+07 3930.23 410752
8.9371e-05 5.5173e+07 4930.87 516416
9.1402e-05 6.81373e+07 6227.89 649536
9.3901e-05 8.32772e+07 7819.82 816768
9.7443e-05 1.0075e+08 9817.41 1028096
0.000105932 1.17188e+08 12413.9 1293504
0.000111453 1.39889e+08 15591 1627968
0.000114891 1.70281e+08 19563.8 2048960
0.000130618 1.89598e+08 24764.9 2578944
0.00014791 2.10212e+08 31092.5 3246208
0.000167701 2.32629e+08 39012.1 4086528
0.000191605 2.57913e+08 49417.3 5144000
0.000227853 2.72202e+08 62022 6475200
0.000286549 2.71483e+08 77793.3 8150848
0.000394668 2.49853e+08 98609.2 10260800
0.000559973 2.20949e+08 123726 12917376
0.000825532 1.87951e+08 155160 16261184
0.00129895 1.51503e+08 196794 20471104
0.00202818 1.217e+08 246829 25770944
0.00287923 1.07484e+08 309472 32442752
0.00398543 9.8506e+07 392589 40842624
0.00538213 9.14932e+07 492428 51417344
0.00708174 8.71637e+07 617270 64730176
0.00921674 8.49458e+07 782923 81489984
0.0119151 8.24482e+07 982382 102589504
0.0152911 8.05131e+07 1.23114e+06 129151936
0.0194516 8.02624e+07 1.56124e+06 162591680
0.0241951 8.09926e+07 1.95962e+06 204690048
0.0299306 8.20286e+07 2.45516e+06 257689280
0.0375799 8.28309e+07 3.11277e+06 324410688
0.0469275 8.32811e+07 3.90817e+06 408408576
0.0583635 8.38682e+07 4.89484e+06 514155776
0.0735145 8.43927e+07 6.20409e+06 647283264
0.0924614 8.42604e+07 7.79083e+06 814880512
0.116403 8.37906e+07 9.75343e+06 1025873216
0.145965 8.46553e+07 1.23567e+07 1291497536
0.183623 8.4505e+07 1.5517e+07 1625898304
0.231314 8.39251e+07 1.9413e+07 2046884480
0.29108 8.44312e+07 2.45763e+07 2576874304
0.366796 8.4108e+07 3.08505e+07 3244091712
0.461388 8.35602e+07 3.85537e+07 4084068928
0.581088 8.3882e+07 4.87428e+07 5141537600
0.732218 8.34726e+07 6.11202e+07 6472811648
0.920943 8.27746e+07 7.62307e+07 8148786624
1.16042 8.28489e+07 9.61392e+07 10258713664
