# filename: ./acpphint-WDK23_CA78C-32768MiB-threads_8-LP64-FreeBSD_main_n273201_e4ac0183a1a8_64bit-clang++_19_O3lto_CA76-libc++-cpulockdown-DSIZE_ul-ISIZE_ul-using_4_threads_creation_untimed-cpus_1_3_4_6.txt
# acpphint_main version: 0.1.41

2.4634e-05 608915 15 1952
2.4114e-05 787924 19 2368
2.4843e-05 925814 23 2784
2.3384e-05 1.15464e+06 27 3200
2.4582e-05 1.26109e+06 31 3616
2.328e-05 1.67526e+06 39 4448
2.3436e-05 2.00546e+06 47 5280
2.6926e-05 2.18376e+06 58.8001 6528
2.5103e-05 2.80181e+06 70.3339 7776
2.3957e-05 3.60875e+06 86.4548 9440
2.6717e-05 3.9916e+06 106.644 11520
2.4269e-05 5.37523e+06 130.451 14016
2.4426e-05 6.65464e+06 162.546 17344
2.8072e-05 7.20103e+06 202.147 21504
2.6718e-05 9.54413e+06 255 26912
3.2498e-05 9.81599e+06 319 33568
3.2811e-05 1.21196e+07 397.655 41888
3.3176e-05 1.50107e+07 497.994 52288
3.3228e-05 1.88112e+07 625.057 65600
3.1977e-05 2.45529e+07 785.128 82240
3.4894e-05 2.83298e+07 988.539 103456
3.5571e-05 3.49168e+07 1242.03 130080
3.755e-05 4.16486e+07 1563.9 163360
3.5988e-05 5.46167e+07 1965.55 205376
4.1925e-05 5.88449e+07 2467.07 258208
4.104e-05 7.58822e+07 3114.2 324768
4.0571e-05 9.64085e+07 3911.39 408384
4.8383e-05 1.01541e+08 4912.88 514048
5.5205e-05 1.12447e+08 6207.63 646752
5.6456e-05 1.38144e+08 7799.08 813984
6.9216e-05 1.4146e+08 9791.33 1024480
8.4267e-05 1.46958e+08 12383.7 1289472
0.00010213 1.52297e+08 15554.1 1623104
0.000126869 1.5391e+08 19526.4 2043264
0.000157857 1.56539e+08 24710.8 2572000
0.000195355 1.58826e+08 31027.5 3237600
0.00024254 1.60549e+08 38939.5 4075424
0.000302277 1.63121e+08 49307.6 5130400
0.000377533 1.63951e+08 61897.1 6458688
0.000474925 1.63541e+08 77669.8 8130592
0.000604136 1.62878e+08 98400.6 10235552
0.000788137 1.56681e+08 123486 12885472
0.00109979 1.40868e+08 154925 16221376
0.00156487 1.25448e+08 196309 20421312
0.00222749 1.10602e+08 246365 25708672
0.00308761 1.00088e+08 309034 32365088
0.00417177 9.38532e+07 391534 40744992
0.00551832 8.90708e+07 491521 51294752
0.00719578 8.56652e+07 616428 64575968
0.00930495 8.39209e+07 780880 81295840
0.011979 8.18585e+07 980581 102345024
0.0153219 8.02451e+07 1.22951e+06 128844640
0.019532 7.97296e+07 1.55728e+06 162205344
0.0246375 7.93938e+07 1.95606e+06 204204288
0.0298676 8.2097e+07 2.45204e+06 257077888
0.0370987 8.36985e+07 3.10511e+06 323641632
0.0455896 8.55702e+07 3.90112e+06 407440256
0.0582184 8.39737e+07 4.88881e+06 512936608
0.0724855 8.53856e+07 6.18922e+06 645748768
0.0911902 8.52815e+07 7.77683e+06 812949152
0.115003 8.47089e+07 9.7418e+06 1023442240
0.144731 8.5178e+07 1.23279e+07 1288437152
0.182352 8.49414e+07 1.54893e+07 1622045856
0.229524 8.44817e+07 1.93906e+07 2042034464
0.28918 8.47938e+07 2.45206e+07 2570768800
0.364203 8.45562e+07 3.07956e+07 3236405824
0.458709 8.39543e+07 3.85106e+07 4074393312
0.577194 8.42626e+07 4.86359e+07 5129356832
0.726725 8.39552e+07 6.10123e+07 6457477184
0.915465 8.31804e+07 7.61488e+07 8129481856
1.15418 8.31201e+07 9.59359e+07 10234411072
