# filename: ./acpphint-WDK23_CA78C-32768MiB-threads_8-LP64-FreeBSD_main_n273201_e4ac0183a1a8_64bit-clang++_19_O3lto_CA76-libc++-cpulockdown-DSIZE_ul-ISIZE_ul-using_2_threads-cpus_2_3.txt
# acpphint_main version: 0.1.41

5.2497e-05 133341 7 976
5.3018e-05 169754 9 1184
5.1143e-05 215083 11 1392
5.1195e-05 253931 13 1600
5.2341e-05 286582 15 1808
5.1352e-05 369995 19 2224
5.1456e-05 446984 23 2640
5.1664e-05 560030 28.9334 3264
5.1612e-05 673844 34.7785 3888
5.2497e-05 815638 42.8186 4720
5.2706e-05 1.00335e+06 52.8825 5760
5.1821e-05 1.25073e+06 64.8139 7008
5.2081e-05 1.55232e+06 80.8465 8672
5.2133e-05 1.93188e+06 100.715 10752
5.2446e-05 2.42154e+06 127 13456
5.3279e-05 2.98429e+06 159 16784
5.3383e-05 3.71931e+06 198.548 20944
5.4268e-05 4.58223e+06 248.668 26144
5.5101e-05 5.66903e+06 312.369 32800
5.8174e-05 6.74474e+06 392.369 41120
5.7029e-05 8.66554e+06 494.187 51728
5.8903e-05 1.05492e+07 621.382 65040
5.9007e-05 1.32519e+07 781.955 81680
6.2601e-05 1.57058e+07 983.196 102688
6.4997e-05 1.90026e+07 1235.11 129104
6.9163e-05 2.25175e+07 1557.38 162384
7.3695e-05 2.65575e+07 1957.15 204192
7.9996e-05 3.07575e+07 2460.47 257024
8.8589e-05 3.5044e+07 3104.51 323376
9.8068e-05 3.97997e+07 3903.07 406992
0.000109786 4.46762e+07 4904.82 512240
0.000125098 4.95067e+07 6193.19 644736
0.000144888 5.37296e+07 7784.78 811552
0.000169575 5.76905e+07 9782.87 1021632
0.000200459 6.16462e+07 12357.5 1286000
0.000239884 6.47396e+07 15530 1618800
0.000288996 6.75143e+07 19511.4 2037712
0.000350452 7.03562e+07 24656.5 2565200
0.00042602 7.27243e+07 30982 3229344
0.000520443 7.47857e+07 38921.7 4065296
0.000641218 7.67326e+07 49202.3 5117776
0.000795117 7.77386e+07 61811.3 6442736
0.00100443 7.73003e+07 77642.6 8110688
0.00124811 7.86489e+07 98162.9 10210656
0.00159914 7.71177e+07 123322 12854336
0.00204724 7.56583e+07 154891 16182544
0.00261987 7.47409e+07 195811 20372496
0.00336463 7.31279e+07 246048 25647376
0.00429098 7.20097e+07 308992 32287984
0.00551025 7.08845e+07 390591 40647920
0.00702996 6.98288e+07 490894 51172512
0.00893086 6.90182e+07 616392 64422320
0.0113407 6.8699e+07 779097 81102672
0.014376 6.81237e+07 979346 102102144
0.0181376 6.77892e+07 1.22953e+06 128538944
0.0228546 6.79912e+07 1.55391e+06 161820816
0.0288043 6.78235e+07 1.95361e+06 203720128
0.0363404 6.74799e+07 2.45225e+06 256468304
0.0454984 6.81066e+07 3.09874e+06 322874384
0.0573458 6.79429e+07 3.89624e+06 406474576
0.0723055 6.76234e+07 4.88954e+06 511721120
0.0912501 6.76954e+07 6.17721e+06 644218576
0.114922 6.75857e+07 7.76712e+06 811022928
0.145405 6.70119e+07 9.74384e+06 1021017232
0.18288 6.72863e+07 1.23053e+07 1285384400
0.23042 6.71378e+07 1.54699e+07 1618202912
0.290759 6.67073e+07 1.93958e+07 2037196656
0.366561 6.67782e+07 2.44783e+07 2564678416
0.460801 6.67468e+07 3.0757e+07 3228738592
0.581505 6.62468e+07 3.85229e+07 4064740928
0.731326 6.63959e+07 4.85571e+07 5117205536
0.92126 6.61441e+07 6.09359e+07 6442179888
1.16038 6.56479e+07 7.61765e+07 8110223824
