# filename: ./acpphint-WDK23_CA78C-32768MiB-threads_8-LP64-FreeBSD_main_n264334_215bab7924f6_64bit-clang++_16_O3lto_CA78C-libc++-cpulockdown-DSIZE_ul-ISIZE_ul-using_8_threads-cpus_0_1_2_3_4_5_6_7.txt
# acpphint_main version: 0.1.35

0.000157024 197422 31 3904
0.000151086 258131 39 4736
0.000158586 296369 47 5568
0.000163898 335575 55 6400
0.00016468 382560 63 7232
0.000159472 495385 79 8896
0.000152285 623830 95 10560
0.000157597 752130 118.533 13056
0.000166346 850304 141.445 15552
0.000161086 1.07848e+06 173.727 18880
0.000160514 1.33424e+06 214.164 23040
0.000163951 1.5964e+06 261.732 28032
0.000160513 2.03067e+06 325.949 34688
0.000163378 2.479e+06 405.014 43008
0.000161607 3.16199e+06 511 53824
0.00016093 3.97067e+06 639 67136
0.000160722 4.95187e+06 795.875 83776
0.000163743 6.0866e+06 996.639 104576
0.000165774 7.54285e+06 1250.41 131200
0.000162128 9.68776e+06 1570.66 164480
0.000164575 1.20142e+07 1977.23 206912
0.000172284 1.44137e+07 2483.26 260160
0.000175773 1.77947e+07 3127.82 326720
0.000177544 2.21366e+07 3930.23 410752
0.000179367 2.74904e+07 4930.87 516416
0.000182075 3.42051e+07 6227.89 649536
0.000181658 4.30469e+07 7819.82 816768
0.000184419 5.32343e+07 9817.41 1028096
0.000183168 6.77735e+07 12413.9 1293504
0.000203115 7.67596e+07 15591 1627968
0.000218948 8.93537e+07 19563.8 2048960
0.000241082 1.02724e+08 24764.9 2578944
0.000264467 1.17567e+08 31092.5 3246208
0.00031436 1.241e+08 39012.1 4086528
0.00036316 1.36076e+08 49417.3 5144000
0.000420501 1.47495e+08 62022 6475200
0.000513673 1.51445e+08 77793.3 8150848
0.000616273 1.60009e+08 98609.2 10260800
0.000772359 1.60192e+08 123726 12917376
0.000963236 1.61082e+08 155160 16261184
0.00138384 1.42208e+08 196794 20471104
0.00197975 1.24677e+08 246829 25770944
0.00276612 1.1188e+08 309472 32442752
0.00376925 1.04156e+08 392589 40842624
0.00503033 9.78917e+07 492428 51417344
0.00664672 9.28685e+07 617270 64730176
0.00864787 9.05336e+07 782923 81489984
0.0110867 8.86094e+07 982382 102589504
0.0142897 8.61553e+07 1.23114e+06 129151936
0.018216 8.57071e+07 1.56124e+06 162591680
0.022911 8.55317e+07 1.95962e+06 204690048
0.0290568 8.44953e+07 2.45516e+06 257689280
0.0368362 8.45031e+07 3.11277e+06 324410688
0.0464527 8.41323e+07 3.90817e+06 408408576
0.0589705 8.30049e+07 4.89484e+06 514155776
0.0741598 8.36584e+07 6.20409e+06 647283264
0.0933167 8.34881e+07 7.79083e+06 814880512
0.117553 8.29707e+07 9.75343e+06 1025873216
0.147522 8.37617e+07 1.23567e+07 1291497536
0.185678 8.35695e+07 1.5517e+07 1625898304
0.23333 8.31998e+07 1.9413e+07 2046884480
0.29433 8.34991e+07 2.45763e+07 2576874304
0.369987 8.33825e+07 3.08505e+07 3244091712
0.464702 8.29643e+07 3.85537e+07 4084068928
0.584637 8.33728e+07 4.87428e+07 5141537600
0.7359 8.3055e+07 6.11202e+07 6472811648
0.926073 8.23161e+07 7.62307e+07 8148786624
1.16568 8.24748e+07 9.61392e+07 10258713664
