# filename: ./acpphint-WDK23_CA78C-32768MiB-threads_8-LP64-FreeBSD_main_n273201_e4ac0183a1a8_64bit-clang++_19_O3lto_CA76-libc++-DSIZE_ull-ISIZE_ull-using_8_threads_creation_untimed.txt
# acpphint_main version: 0.1.41

7.6975e-05 402728 31 3904
7.7653e-05 502234 39 4736
7.9059e-05 594493 47 5568
8.0777e-05 680887 55 6400
7.9892e-05 788565 63 7232
8.1195e-05 972966 79 8896
7.8902e-05 1.20403e+06 95 10560
7.8746e-05 1.50526e+06 118.533 13056
7.6715e-05 1.84377e+06 141.445 15552
8.1506e-05 2.13147e+06 173.727 18880
7.8017e-05 2.7451e+06 214.164 23040
8.161e-05 3.2071e+06 261.732 28032
8.3017e-05 3.92629e+06 325.949 34688
8.1455e-05 4.97225e+06 405.014 43008
8.2079e-05 6.22571e+06 511 53824
8.2131e-05 7.78025e+06 639 67136
8.2965e-05 9.5929e+06 795.875 83776
8.0986e-05 1.23063e+07 996.639 104576
8.4736e-05 1.47565e+07 1250.41 131200
8.3017e-05 1.89197e+07 1570.66 164480
8.5725e-05 2.30648e+07 1977.23 206912
9.0934e-05 2.73083e+07 2483.26 260160
9.3016e-05 3.36267e+07 3127.82 326720
9.2079e-05 4.26832e+07 3930.23 410752
9.562e-05 5.15673e+07 4930.87 516416
9.7287e-05 6.40156e+07 6227.89 649536
0.000108433 7.21166e+07 7819.82 816768
0.000109005 9.00639e+07 9817.41 1028096
0.000120567 1.02963e+08 12413.9 1293504
0.000132494 1.17673e+08 15591 1627968
0.000139212 1.40532e+08 19563.8 2048960
0.000154316 1.60482e+08 24764.9 2578944
0.000179054 1.73649e+08 31092.5 3246208
0.000198428 1.96606e+08 39012.1 4086528
0.000247905 1.9934e+08 49417.3 5144000
0.000303996 2.04022e+08 62022 6475200
0.000387012 2.0101e+08 77793.3 8150848
0.000506174 1.94813e+08 98609.2 10260800
0.000668093 1.85192e+08 123726 12917376
0.000927039 1.67371e+08 155160 16261184
0.00136785 1.43871e+08 196794 20471104
0.00202053 1.22161e+08 246829 25770944
0.0029346 1.05456e+08 309472 32442752
0.00405345 9.6853e+07 392589 40842624
0.00543625 9.05823e+07 492428 51417344
0.00710263 8.69073e+07 617270 64730176
0.00924497 8.46864e+07 782923 81489984
0.011869 8.27686e+07 982382 102589504
0.0150675 8.1708e+07 1.23114e+06 129151936
0.0192303 8.11862e+07 1.56124e+06 162591680
0.0237987 8.23417e+07 1.95962e+06 204690048
0.0294805 8.32809e+07 2.45516e+06 257689280
0.0371227 8.38509e+07 3.11277e+06 324410688
0.0462934 8.44219e+07 3.90817e+06 408408576
0.0575698 8.50245e+07 4.89484e+06 514155776
0.0727961 8.52256e+07 6.20409e+06 647283264
0.0916027 8.50503e+07 7.79083e+06 814880512
0.115671 8.43201e+07 9.75343e+06 1025873216
0.145511 8.49196e+07 1.23567e+07 1291497536
0.183119 8.47376e+07 1.5517e+07 1625898304
0.230751 8.41299e+07 1.9413e+07 2046884480
0.290574 8.45785e+07 2.45763e+07 2576874304
0.366473 8.41821e+07 3.08505e+07 3244091712
0.461361 8.35651e+07 3.85537e+07 4084068928
0.580695 8.39388e+07 4.87428e+07 5141537600
0.731316 8.35756e+07 6.11202e+07 6472811648
0.920562 8.28089e+07 7.62307e+07 8148786624
1.15834 8.29975e+07 9.61392e+07 10258713664
