# filename: ./acpphint-WDK23_CA78C-32768MiB-threads_8-LP64-FreeBSD_main_n262658_b347c2284603_64bit-g++_13_O3lto_CA78C-libc++-cpulockdown-DSIZE_ul-ISIZE_ul-using_2_threads-cpus_2_6.txt
# acpphint_main version: 0.1.33

5.7446e-05 121854 7 976
5.4216e-05 166003 9 1184
5.5466e-05 198320 11 1392
5.2186e-05 249109 13 1600
5.9059e-05 253983 15 1808
5.4633e-05 347775 19 2224
5.682e-05 404787 23 2640
4.7342e-05 611157 28.9334 3264
5.6352e-05 617165 34.7785 3888
4.7393e-05 903478 42.8186 4720
5.9581e-05 887574 52.8825 5760
5.3018e-05 1.22249e+06 64.8139 7008
5.6143e-05 1.44001e+06 80.8465 8672
5.6299e-05 1.78893e+06 100.715 10752
4.9268e-05 2.57774e+06 127 13456
5.6507e-05 2.81381e+06 159 16784
5.4477e-05 3.64462e+06 198.548 20944
4.2914e-05 5.79458e+06 248.668 26144
4.3435e-05 7.19165e+06 312.369 32800
5.6299e-05 6.96937e+06 392.369 41120
5.104e-05 9.68235e+06 494.187 51728
6.2133e-05 1.00008e+07 621.382 65040
6.5674e-05 1.19066e+07 781.955 81680
7.4631e-05 1.31741e+07 983.196 102688
7.8382e-05 1.57576e+07 1235.11 129104
8.6454e-05 1.8014e+07 1557.38 162384
9.3224e-05 2.09941e+07 1957.15 204192
0.000100308 2.45292e+07 2460.47 257024
0.000120098 2.58498e+07 3104.51 323376
0.000145775 2.67746e+07 3903.07 406992
0.000176242 2.783e+07 4904.82 512240
0.000212906 2.90889e+07 6193.19 644736
0.000263164 2.95815e+07 7784.78 811552
0.000329203 2.97168e+07 9782.87 1021632
0.000400814 3.08311e+07 12357.5 1286000
0.000504142 3.08048e+07 15530 1618800
0.000633512 3.07987e+07 19511.4 2037712
0.000780587 3.15871e+07 24656.5 2565200
0.000972609 3.18545e+07 30982 3229344
0.00124723 3.12065e+07 38921.7 4065296
0.00156524 3.14344e+07 49202.3 5117776
0.00196459 3.14626e+07 61811.3 6442736
0.0024866 3.12244e+07 77642.6 8110688
0.00313266 3.13353e+07 98162.9 10210656
0.00392893 3.13882e+07 123322 12854336
0.00494841 3.13011e+07 154891 16182544
0.00621324 3.15152e+07 195811 20372496
0.00781796 3.14722e+07 246048 25647376
0.00985869 3.13421e+07 308992 32287984
0.0124046 3.14876e+07 390591 40647920
0.0155344 3.16004e+07 490894 51172512
0.019474 3.1652e+07 616392 64422320
0.0242466 3.21322e+07 779097 81102672
0.0306932 3.19076e+07 979346 102102144
0.0386712 3.17945e+07 1.22953e+06 128538944
0.0486927 3.19126e+07 1.55391e+06 161820816
0.0619317 3.15446e+07 1.95361e+06 203720128
0.0777338 3.15467e+07 2.45225e+06 256468304
0.0967381 3.20323e+07 3.09874e+06 322874384
0.121643 3.20301e+07 3.89624e+06 406474576
0.152855 3.19882e+07 4.88954e+06 511721120
0.194204 3.18079e+07 6.17721e+06 644218576
0.244066 3.18239e+07 7.76712e+06 811022928
0.307205 3.17177e+07 9.74384e+06 1021017232
0.38674 3.18181e+07 1.23053e+07 1285384400
0.486377 3.18064e+07 1.54699e+07 1618202912
0.609767 3.18085e+07 1.93958e+07 2037196656
0.769422 3.18139e+07 2.44783e+07 2564678416
0.960426 3.20244e+07 3.0757e+07 3228738592
1.21966 3.1585e+07 3.85229e+07 4064740928
