# filename: ./acpphint-WDK23_CA78C-32768MiB-threads_8-LP64-FreeBSD_main_n273201_e4ac0183a1a8_64bit-clang++_19_O3lto_CA76-libc++-cpulockdown-DSIZE_ul-ISIZE_ul-using_8_threads-cpus_0_1_2_3_4_5_6_7.txt
# acpphint_main version: 0.1.41

0.000133795 231698 31 3904
0.000129577 300979 39 4736
0.000131504 357404 47 5568
0.000138899 395971 55 6400
0.000138066 456304 63 7232
0.000132963 594150 79 8896
0.000131452 722697 95 10560
0.000135358 875703 118.533 13056
0.000133327 1.06089e+06 141.445 15552
0.000134785 1.28892e+06 173.727 18880
0.00013291 1.61135e+06 214.164 23040
0.000133587 1.95926e+06 261.732 28032
0.000133222 2.44666e+06 325.949 34688
0.000139472 2.90391e+06 405.014 43008
0.000136087 3.75495e+06 511 53824
0.000135878 4.70275e+06 639 67136
0.000135462 5.87526e+06 795.875 83776
0.000133171 7.4839e+06 996.639 104576
0.000137024 9.12547e+06 1250.41 131200
0.000134629 1.16666e+07 1570.66 164480
0.000140045 1.41185e+07 1977.23 206912
0.000136608 1.8178e+07 2483.26 260160
0.000142649 2.19267e+07 3127.82 326720
0.000146138 2.68939e+07 3930.23 410752
0.000153169 3.21923e+07 4930.87 516416
0.000152493 4.08405e+07 6227.89 649536
0.000154315 5.06744e+07 7819.82 816768
0.000160357 6.12222e+07 9817.41 1028096
0.000162856 7.62264e+07 12413.9 1293504
0.000174522 8.93356e+07 15591 1627968
0.000187543 1.04316e+08 19563.8 2048960
0.000202282 1.22428e+08 24764.9 2578944
0.000218063 1.42585e+08 31092.5 3246208
0.000233738 1.66905e+08 39012.1 4086528
0.000257331 1.92038e+08 49417.3 5144000
0.000298423 2.07832e+08 62022 6475200
0.000346337 2.24617e+08 77793.3 8150848
0.000448571 2.1983e+08 98609.2 10260800
0.000642313 1.92625e+08 123726 12917376
0.000907716 1.70934e+08 155160 16261184
0.00138134 1.42466e+08 196794 20471104
0.00209464 1.17839e+08 246829 25770944
0.0029498 1.04913e+08 309472 32442752
0.00407194 9.64133e+07 392589 40842624
0.00545374 9.02918e+07 492428 51417344
0.00715454 8.62767e+07 617270 64730176
0.00930282 8.41597e+07 782923 81489984
0.011982 8.19884e+07 982382 102589504
0.0154083 7.99008e+07 1.23114e+06 129151936
0.0195324 7.99305e+07 1.56124e+06 162591680
0.0242277 8.08835e+07 1.95962e+06 204690048
0.0299332 8.20215e+07 2.45516e+06 257689280
0.0376701 8.26324e+07 3.11277e+06 324410688
0.0470287 8.31018e+07 3.90817e+06 408408576
0.058387 8.38344e+07 4.89484e+06 514155776
0.073715 8.41632e+07 6.20409e+06 647283264
0.0924129 8.43046e+07 7.79083e+06 814880512
0.116501 8.37197e+07 9.75343e+06 1025873216
0.145937 8.46717e+07 1.23567e+07 1291497536
0.183843 8.44039e+07 1.5517e+07 1625898304
0.231503 8.38564e+07 1.9413e+07 2046884480
0.291211 8.43933e+07 2.45763e+07 2576874304
0.366776 8.41125e+07 3.08505e+07 3244091712
0.461331 8.35705e+07 3.85537e+07 4084068928
0.581184 8.38682e+07 4.87428e+07 5141537600
0.732451 8.34461e+07 6.11202e+07 6472811648
0.921165 8.27547e+07 7.62307e+07 8148786624
1.16039 8.28506e+07 9.61392e+07 10258713664
