# filename: ./acpphint-WDK23_CA78C-32768MiB-threads_8-LP64-FreeBSD_main_n262658_b347c2284603_64bit-g++_13_O3lto_CA78C-libstdc++-DSIZE_ul-ISIZE_ul-using_4_threads-cpus_0_1_2_3.txt
# acpphint_main version: 0.1.33

0.000151451 99041.9 15 1952
0.000147545 128774 19 2368
0.000151451 151864 23 2784
0.000146556 184230 27 3200
0.000148691 208486 31 3616
0.000146555 266112 39 4448
0.000148951 315540 47 5280
0.000147545 398523 58.8001 6528
0.000145513 483351 70.3339 7776
0.000152962 565205 86.4548 9440
0.000149732 712230 106.644 11520
0.000156087 835761 130.451 14016
0.000148847 1.09204e+06 162.546 17344
0.000160878 1.25652e+06 202.147 21504
0.00015567 1.63808e+06 255 26912
0.000156191 2.04237e+06 319 33568
0.000158794 2.50422e+06 397.655 41888
0.000156867 3.17462e+06 497.994 52288
0.000163638 3.81976e+06 625.057 65600
0.000164315 4.77819e+06 785.128 82240
0.00016619 5.94825e+06 988.539 103456
0.00016869 7.36277e+06 1242.03 130080
0.000181918 8.59675e+06 1563.9 163360
0.000188064 1.04515e+07 1965.55 205376
0.000198064 1.24559e+07 2467.07 258208
0.000212438 1.46594e+07 3114.2 324768
0.000227177 1.72174e+07 3911.39 408384
0.000243686 2.01607e+07 4912.88 514048
0.000264935 2.34308e+07 6207.63 646752
0.000293996 2.65278e+07 7799.08 813984
0.000332015 2.94906e+07 9791.33 1024480
0.000366805 3.37611e+07 12383.7 1289472
0.000422271 3.68344e+07 15554.1 1623104
0.000490132 3.9839e+07 19526.4 2043264
0.000574608 4.30047e+07 24710.8 2572000
0.000678613 4.57219e+07 31027.5 3237600
0.000807878 4.81998e+07 38939.5 4075424
0.000972297 5.07125e+07 49307.6 5130400
0.00117057 5.28778e+07 61897.1 6458688
0.00143238 5.42244e+07 77669.8 8130592
0.00175293 5.61348e+07 98400.6 10235552
0.00216745 5.69729e+07 123486 12885472
0.00269096 5.75722e+07 154925 16221376
0.00338713 5.79575e+07 196309 20421312
0.00425594 5.78873e+07 246365 25708672
0.00536713 5.75789e+07 309034 32365088
0.00668332 5.85838e+07 391534 40744992
0.00872921 5.63076e+07 491521 51294752
0.0110737 5.56658e+07 616428 64575968
0.0140728 5.54888e+07 780880 81295840
0.0178505 5.49329e+07 980581 102345024
0.022525 5.45843e+07 1.22951e+06 128844640
0.0284059 5.48224e+07 1.55728e+06 162205344
0.0349731 5.59305e+07 1.95606e+06 204204288
0.044127 5.55678e+07 2.45204e+06 257077888
0.0562532 5.51987e+07 3.10511e+06 323641632
0.0715357 5.45339e+07 3.90112e+06 407440256
0.0901075 5.42553e+07 4.88881e+06 512936608
0.11347 5.45448e+07 6.18922e+06 645748768
0.142672 5.45084e+07 7.77683e+06 812949152
0.179611 5.42382e+07 9.7418e+06 1023442240
0.226032 5.45405e+07 1.23279e+07 1288437152
0.284492 5.44454e+07 1.54893e+07 1622045856
0.358222 5.41302e+07 1.93906e+07 2042034464
0.451405 5.43206e+07 2.45206e+07 2570768800
0.567906 5.42265e+07 3.07956e+07 3236405824
0.714878 5.38703e+07 3.85106e+07 4074393312
0.900172 5.40295e+07 4.86359e+07 5129356832
1.13349 5.38269e+07 6.10123e+07 6457477184
