# filename: ./acpphint-WDK23_CA78C-32768MiB-threads_8-LP64-FreeBSD_main_n262658_b347c2284603_64bit-clang++_16_O3lto-libc++-cpulockdown-DSIZE_ull-ISIZE_ull-using_4_threads-cpus_1_3_4_6.txt
# acpphint_main version: 0.1.33

9.8068e-05 152955 15 1952
0.000112286 169211 19 2368
0.000110256 208605 23 2784
0.000105725 255380 27 3200
0.000128275 241668 31 3616
0.000115828 336706 39 4448
0.00012963 362570 47 5280
0.000112703 521726 58.8001 6528
0.000116557 603429 70.3339 7776
0.000109839 787105 86.4548 9440
0.000104058 1.02485e+06 106.644 11520
0.000119421 1.09237e+06 130.451 14016
0.00011213 1.44962e+06 162.546 17344
0.000103797 1.94752e+06 202.147 21504
0.000116348 2.1917e+06 255 26912
0.00010562 3.02026e+06 319 33568
0.000102704 3.87185e+06 397.655 41888
0.000132233 3.76603e+06 497.994 52288
0.000112338 5.56408e+06 625.057 65600
0.000106714 7.35731e+06 785.128 82240
0.000106974 9.24093e+06 988.539 103456
0.000128796 9.64336e+06 1242.03 130080
0.000117234 1.334e+07 1563.9 163360
0.000122338 1.60665e+07 1965.55 205376
0.000125879 1.95988e+07 2467.07 258208
0.000143586 2.16888e+07 3114.2 324768
0.000143118 2.73298e+07 3911.39 408384
0.000156503 3.13916e+07 4912.88 514048
0.000170044 3.65061e+07 6207.63 646752
0.000177647 4.39021e+07 7799.08 813984
0.000199938 4.89718e+07 9791.33 1024480
0.000250926 4.93522e+07 12383.7 1289472
0.000289257 5.37725e+07 15554.1 1623104
0.000338734 5.76451e+07 19526.4 2043264
0.000404668 6.10645e+07 24710.8 2572000
0.00048706 6.37036e+07 31027.5 3237600
0.00058466 6.6602e+07 38939.5 4075424
0.000706685 6.97731e+07 49307.6 5130400
0.000871156 7.10516e+07 61897.1 6458688
0.00108057 7.18783e+07 77669.8 8130592
0.00135743 7.24902e+07 98400.6 10235552
0.0017632 7.00352e+07 123486 12885472
0.00221765 6.98597e+07 154925 16221376
0.00292382 6.71415e+07 196309 20421312
0.00377451 6.52707e+07 246365 25708672
0.0048881 6.32217e+07 309034 32365088
0.00655718 5.97107e+07 391534 40744992
0.00845626 5.81251e+07 491521 51294752
0.0107016 5.76017e+07 616428 64575968
0.0135569 5.76e+07 780880 81295840
0.0175784 5.57834e+07 980581 102345024
0.0219677 5.5969e+07 1.22951e+06 128844640
0.0274843 5.66606e+07 1.55728e+06 162205344
0.0348874 5.6068e+07 1.95606e+06 204204288
0.0442166 5.54552e+07 2.45204e+06 257077888
0.0567983 5.4669e+07 3.10511e+06 323641632
0.0714073 5.46319e+07 3.90112e+06 407440256
0.0897519 5.44703e+07 4.88881e+06 512936608
0.112774 5.48818e+07 6.18922e+06 645748768
0.141811 5.48395e+07 7.77683e+06 812949152
0.178781 5.449e+07 9.7418e+06 1023442240
0.224975 5.47968e+07 1.23279e+07 1288437152
0.283335 5.46676e+07 1.54893e+07 1622045856
0.35659 5.43778e+07 1.93906e+07 2042034464
0.449081 5.46018e+07 2.45206e+07 2570768800
0.565766 5.44317e+07 3.07956e+07 3236405824
0.71262 5.40409e+07 3.85106e+07 4074393312
0.896045 5.42784e+07 4.86359e+07 5129356832
1.12791 5.40931e+07 6.10123e+07 6457477184
