# filename: ./acpphint-WDK23_CA78C-32768MiB-threads_8-LP64-FreeBSD_main_n273201_e4ac0183a1a8_64bit-g++_14_O3lto_CA76-libstdc++-DSIZE_ul-ISIZE_ul-using_2_threads-cpus_2_6.txt
# acpphint_main version: 0.1.41

5.1195e-05 136732 7 976
5.1143e-05 175977 9 1184
4.1561e-05 264671 11 1392
5.0675e-05 256537 13 1600
4.9841e-05 300957 15 1808
5.0102e-05 379226 19 2224
5.0102e-05 459064 23 2640
4.9529e-05 584171 28.9334 3264
4.2185e-05 824427 34.7785 3888
5.0675e-05 844964 42.8186 4720
4.5727e-05 1.15648e+06 52.8825 5760
3.4217e-05 1.8942e+06 64.8139 7008
4.1196e-05 1.96248e+06 80.8465 8672
3.604e-05 2.79453e+06 100.715 10752
3.5884e-05 3.53918e+06 127 13456
3.3748e-05 4.71139e+06 159 16784
3.4686e-05 5.72415e+06 198.548 20944
3.4425e-05 7.22348e+06 248.668 26144
3.2551e-05 9.5963e+06 312.369 32800
3.2967e-05 1.19019e+07 392.369 41120
3.5207e-05 1.40366e+07 494.187 51728
3.7706e-05 1.64797e+07 621.382 65040
3.9061e-05 2.00188e+07 781.955 81680
4.3852e-05 2.24208e+07 983.196 102688
4.9008e-05 2.52023e+07 1235.11 129104
4.5831e-05 3.39809e+07 1557.38 162384
4.9738e-05 3.93493e+07 1957.15 204192
5.7861e-05 4.25239e+07 2460.47 257024
8.3173e-05 3.73259e+07 3104.51 323376
9.4527e-05 4.12906e+07 3903.07 406992
9.0309e-05 5.43115e+07 4904.82 512240
0.000110412 5.60917e+07 6193.19 644736
0.000138691 5.61304e+07 7784.78 811552
0.000169054 5.78683e+07 9782.87 1021632
0.000209417 5.90092e+07 12357.5 1286000
0.00025832 6.01192e+07 15530 1618800
0.000319672 6.10356e+07 19511.4 2037712
0.000396647 6.21623e+07 24656.5 2565200
0.000492736 6.28775e+07 30982 3229344
0.000616428 6.31407e+07 38921.7 4065296
0.000765588 6.42674e+07 49202.3 5117776
0.000961464 6.42887e+07 61811.3 6442736
0.0012027 6.45568e+07 77642.6 8110688
0.0015131 6.48752e+07 98162.9 10210656
0.00190788 6.46384e+07 123322 12854336
0.00241134 6.42343e+07 154891 16182544
0.00303595 6.44976e+07 195811 20372496
0.00391392 6.28648e+07 246048 25647376
0.00502996 6.14304e+07 308992 32287984
0.00623907 6.2604e+07 390591 40647920
0.00814424 6.0275e+07 490894 51172512
0.0103291 5.96754e+07 616392 64422320
0.0130374 5.97584e+07 779097 81102672
0.0164634 5.94862e+07 979346 102102144
0.0207265 5.93216e+07 1.22953e+06 128538944
0.0261461 5.94319e+07 1.55391e+06 161820816
0.0326708 5.97969e+07 1.95361e+06 203720128
0.0399625 6.13637e+07 2.45225e+06 256468304
0.0498242 6.21935e+07 3.09874e+06 322874384
0.0626264 6.2214e+07 3.89624e+06 406474576
0.0789153 6.19594e+07 4.88954e+06 511721120
0.0997188 6.19463e+07 6.17721e+06 644218576
0.125572 6.18537e+07 7.76712e+06 811022928
0.156863 6.2117e+07 9.74384e+06 1021017232
0.198419 6.2017e+07 1.23053e+07 1285384400
0.249595 6.198e+07 1.54699e+07 1618202912
0.315436 6.14889e+07 1.93958e+07 2037196656
0.396955 6.16651e+07 2.44783e+07 2564678416
0.498665 6.16787e+07 3.0757e+07 3228738592
0.627751 6.13665e+07 3.85229e+07 4064740928
0.791844 6.13215e+07 4.85571e+07 5117205536
0.994139 6.12952e+07 6.09359e+07 6442179888
1.25477 6.07096e+07 7.61765e+07 8110223824
