# filename: ./acpphint-WDK23_CA78C-32768MiB-threads_8-LP64-FreeBSD_main_n273201_e4ac0183a1a8_64bit-clang++_19_O3lto_CA76-libc++-cpulockdown-DSIZE_ul-ISIZE_ul-using_6_threads_creation_untimed.txt
# acpphint_main version: 0.1.41

5.7185e-05 402203 23 2928
5.7758e-05 502095 29 3552
5.6872e-05 615417 35 4176
5.4893e-05 746908 41 4800
5.5935e-05 840261 47 5424
5.7184e-05 1.03176e+06 59 6672
5.8278e-05 1.2183e+06 71 7920
5.7341e-05 1.54631e+06 88.6667 9792
5.7393e-05 1.84499e+06 105.889 11664
5.7966e-05 2.24427e+06 130.091 14160
5.7133e-05 2.80756e+06 160.404 17280
5.6039e-05 3.49919e+06 196.091 21024
5.9268e-05 4.12107e+06 244.247 26016
5.8643e-05 5.17676e+06 303.581 32256
5.5206e-05 6.93765e+06 383 40368
5.9008e-05 8.11754e+06 479 50352
5.6664e-05 1.05316e+07 596.764 62832
5.6664e-05 1.31886e+07 747.317 78432
6.0153e-05 1.55892e+07 937.734 98400
6.1716e-05 1.90857e+07 1177.89 123360
6.1872e-05 2.3967e+07 1482.89 155184
6.1924e-05 3.00795e+07 1862.64 195120
6.4945e-05 3.61207e+07 2345.86 245040
6.5622e-05 4.49222e+07 2947.89 308064
6.8955e-05 5.36434e+07 3698.98 387312
6.8539e-05 6.81516e+07 4671.04 487152
7.1142e-05 8.24492e+07 5865.6 612576
7.7549e-05 9.49743e+07 7365.16 771072
8.359e-05 1.11386e+08 9310.78 970128
9.0152e-05 1.29726e+08 11695.1 1220976
0.000101088 1.45196e+08 14677.6 1536720
0.000109839 1.69105e+08 18574.3 1934208
0.000128379 1.81675e+08 23323.3 2434656
0.000154263 1.89737e+08 29269.3 3064896
0.000185147 2.00188e+08 37064.1 3858000
0.000224104 2.07604e+08 46524.8 4856400
0.000275143 2.12132e+08 58366.6 6113136
0.000340036 2.17502e+08 73958.5 7695600
0.000440499 2.10696e+08 92811.6 9688032
0.000584347 1.99223e+08 116415 12195888
0.000836262 1.76497e+08 147598 15353328
0.00123692 1.49693e+08 185158 19328208
0.00190944 1.21607e+08 232200 24332064
0.00270138 1.09e+08 294451 30631968
0.00372846 9.90757e+07 369400 38563008
0.00498767 9.28606e+07 463158 48547632
0.00653301 8.98877e+07 587238 61117488
0.00854745 8.62206e+07 736966 76942128
0.0110763 8.34036e+07 923806 96863952
0.0142235 8.2335e+07 1.17109e+06 121943760
0.018221 8.06849e+07 1.47016e+06 153517536
0.0230262 8.00145e+07 1.84243e+06 193266960
0.0286804 8.14203e+07 2.33517e+06 243308016
0.0353669 8.29121e+07 2.93234e+06 306306432
0.0441712 8.31718e+07 3.67379e+06 385616832
0.0552924 8.41918e+07 4.65516e+06 485462448
0.0691182 8.45921e+07 5.84686e+06 611160384
0.0869722 8.41937e+07 7.32251e+06 769404912
0.109036 8.50652e+07 9.27519e+06 968623152
0.137067 8.49982e+07 1.16504e+07 1219423728
0.17272 8.4431e+07 1.45829e+07 1535163360
0.217297 8.49567e+07 1.84609e+07 1932655728
0.273302 8.4828e+07 2.31837e+07 2433068784
0.344635 8.41287e+07 2.89937e+07 3063051696
0.433808 8.45217e+07 3.66662e+07 3856153200
0.54643 8.42047e+07 4.6012e+07 4854608736
0.688487 8.34506e+07 5.74547e+07 6111589968
0.866368 8.37072e+07 7.25212e+07 7694035248
1.09069 8.32882e+07 9.08414e+07 9686215776
