# filename: ./acpphint-WDK23_CA78C-32768MiB-threads_8-LP64-FreeBSD_main_n262658_b347c2284603_64bit-g++_13_O3lto_CA78C-libstdc++-DSIZE_ull-ISIZE_ull-using_3_threads.txt
# acpphint_main version: 0.1.33

0.000108172 101690 11 1464
0.000103172 135696 14 1776
0.000108953 156031 17 2088
0.00010786 185426 20 2400
0.000106141 216693 23 2712
0.000109214 265534 29 3336
0.000113068 309548 35 3960
0.000106036 413697 43.8667 4896
0.000106818 492016 52.5562 5832
0.00010786 599265 64.6367 7080
0.000111141 717677 79.7633 8640
0.000106089 920285 97.6321 10512
0.000111037 1.09599e+06 121.696 13008
0.000114473 1.32285e+06 151.431 16128
0.000108692 1.75726e+06 191 20184
0.000114317 2.09068e+06 239 25176
0.000113901 2.61719e+06 298.101 31416
0.000118171 3.15925e+06 373.332 39216
0.000119473 3.9232e+06 468.716 49200
0.000118588 4.96464e+06 588.747 61680
0.000123275 6.01391e+06 741.364 77592
0.000133587 6.97456e+06 931.71 97560
0.000132441 8.85622e+06 1172.93 122520
0.00014442 1.02089e+07 1474.37 154032
0.000146868 1.26039e+07 1851.11 193656
0.000156086 1.49648e+07 2335.79 243576
0.000172804 1.69804e+07 2934.27 306288
0.000195043 1.8902e+07 3686.7 385536
0.000205146 2.26964e+07 4656.07 485064
0.00023728 2.4659e+07 5851.08 610488
0.000275455 2.66763e+07 7348.13 768360
0.000318005 2.92085e+07 9288.46 967104
0.000384409 3.03568e+07 11669.4 1217328
0.00046003 3.1856e+07 14654.7 1532448
0.000549973 3.37002e+07 18534.2 1929000
0.000644135 3.61396e+07 23278.8 2428200
0.000760328 3.84383e+07 29225.7 3056568
0.000939798 3.93511e+07 36982.1 3847800
0.00113588 4.08842e+07 46439.6 4844016
0.00139004 4.19387e+07 58296.3 6097944
0.00172575 4.2765e+07 73801.6 7676664
0.00211656 4.37732e+07 92648.8 9664104
0.00265747 4.37577e+07 116285 12166032
0.00326432 4.51049e+07 147237 15315984
0.00406105 4.55163e+07 184844 19281504
0.00512871 4.52288e+07 231965 24273816
0.00634412 4.62909e+07 293675 30558744
0.0078779 4.6813e+07 368788 38471064
0.00993879 4.65569e+07 462719 48431976
0.0124844 4.69182e+07 585745 60971880
0.0155 4.74679e+07 735751 76758768
0.0196339 4.70094e+07 922980 96633480
0.024639 4.74136e+07 1.16823e+06 121654008
0.0309745 4.73861e+07 1.46776e+06 153153216
0.0391237 4.7053e+07 1.84089e+06 192808416
0.0491944 4.73561e+07 2.32966e+06 242731224
0.061855 4.73298e+07 2.92759e+06 305580192
0.0774522 4.73957e+07 3.6709e+06 384702456
0.0975756 4.75995e+07 4.64455e+06 484311576
0.122393 4.76938e+07 5.83741e+06 609711864
0.154218 4.74466e+07 7.31709e+06 767581680
0.194152 4.76678e+07 9.2548e+06 966327864
0.243616 4.77459e+07 1.16317e+07 1216534392
0.307015 4.7466e+07 1.45728e+07 1531525848
0.3854 4.7799e+07 1.84218e+07 1928076600
0.484643 4.77599e+07 2.31465e+07 2427304368
0.611682 4.73691e+07 2.89748e+07 3055794984
0.770595 4.74847e+07 3.65915e+07 3847017624
0.969123 4.74021e+07 4.59385e+07 4843107888
1.21714 4.71757e+07 5.74197e+07 6097111392
