# filename: ./acpphint-OverDrive_1000-8192MiB-threads_4-LP64-FreeBSD_13_r363590M_64bit-g++_10_O3lto-libc++-DSIZE_d-ISIZE_ull-using_2_threads-cpus_0_2.txt
# acpphint_main version: 0.1.23

7.0273e-05 99611.5 7 976
6.7033e-05 134262 9 1184
7.0433e-05 156177 11 1392
7.1801e-05 181056 13 1600
5.9977e-05 250096 15 1808
6.1737e-05 307757 19 2224
6.5769e-05 349709 23 2640
6.3625e-05 454749 28.9334 3264
7.2945e-05 476776 34.7785 3888
6.4897e-05 659793 42.8186 4720
6.6761e-05 792117 52.8825 5760
6.1857e-05 1.0478e+06 64.8139 7008
6.6266e-05 1.22003e+06 80.8465 8672
6.5073e-05 1.54772e+06 100.715 10752
7.7138e-05 1.6464e+06 127 13456
6.9001e-05 2.30431e+06 159 16784
7.9921e-05 2.4843e+06 198.548 20944
6.9898e-05 3.55759e+06 248.668 26144
6.5825e-05 4.74545e+06 312.369 32800
7.0009e-05 5.60454e+06 392.368 41120
7.9785e-05 6.19399e+06 494.187 51728
8.6225e-05 7.20651e+06 621.381 65040
9.7273e-05 8.03876e+06 781.954 81680
0.000101329 9.703e+06 983.195 102688
0.000108609 1.13721e+07 1235.11 129104
0.000114721 1.35754e+07 1557.38 162384
0.000131057 1.49336e+07 1957.15 204192
0.000151073 1.62866e+07 2460.47 257024
0.000179889 1.72579e+07 3104.5 323376
0.000220641 1.76897e+07 3903.06 406992
0.000258186 1.89972e+07 4904.8 512240
0.000321577 1.92587e+07 6193.17 644736
0.000383762 2.02853e+07 7784.73 811552
0.000453793 2.15579e+07 9782.8 1021632
0.000554762 2.22752e+07 12357.4 1286000
0.000755451 2.0557e+07 15529.8 1618800
0.00095633 2.0402e+07 19511.1 2037712
0.00121064 2.03662e+07 24656 2565200
0.00154063 2.01095e+07 30981.3 3229344
0.0019366 2.00973e+07 38920.5 4065296
0.00239805 2.05169e+07 49200.5 5117776
0.00298285 2.07213e+07 61808.3 6442736
0.00380702 2.03934e+07 77637.9 8110688
0.00485014 2.02377e+07 98155.5 10210656
0.00634002 1.94495e+07 123310 12854336
0.00830372 1.8651e+07 154872 16182544
0.0107119 1.82771e+07 195782 20372496
0.0140216 1.75444e+07 246001 25647376
0.0182413 1.69352e+07 308919 32287984
0.0233492 1.67232e+07 390474 40647920
0.02996 1.63788e+07 490710 51172512
0.037968 1.62269e+07 616102 64422320
0.0487546 1.59705e+07 778634 81102672
0.062154 1.5745e+07 978613 102102144
0.0785765 1.56329e+07 1.22838e+06 128538944
0.0985877 1.5743e+07 1.55207e+06 161820816
0.125472 1.5547e+07 1.95071e+06 203720128
0.159682 1.53284e+07 2.44767e+06 256468304
0.198709 1.55576e+07 3.09143e+06 322874384
0.25039 1.55145e+07 3.88467e+06 406474576
0.319944 1.52256e+07 4.87135e+06 511721120
0.401497 1.53131e+07 6.14818e+06 644218576
0.507094 1.52265e+07 7.72125e+06 811022928
0.629652 1.53605e+07 9.67175e+06 1021017232
0.793095 1.53708e+07 1.21905e+07 1285384400
1.00085 1.52759e+07 1.52889e+07 1618202912
