# filename: ./acpphint-OverDrive_1000-8192MiB-threads_4-LP64-FreeBSD_13_r363590M_64bit-g++_10_O3lto-libc++-DSIZE_d-ISIZE_ui-using_2_threads-cpus_0_3.txt
# acpphint_main version: 0.1.23

6.2689e-05 111664 7.00012 912
6.7433e-05 133467 9.0001 1104
6.9769e-05 157665 11.0001 1296
7.2217e-05 180013 13 1488
6.4009e-05 234342 15 1680
6.8281e-05 278254 18.9994 2064
5.8945e-05 390176 22.9989 2448
6.6145e-05 437405 28.9321 3024
6.1529e-05 565202 34.7763 3600
6.3418e-05 675151 42.8167 4368
6.3841e-05 828304 52.8798 5328
6.3352e-05 1.02299e+06 64.8082 6480
6.0145e-05 1.34406e+06 80.8385 8016
6.4289e-05 1.56644e+06 100.705 9936
6.7457e-05 1.88245e+06 126.984 12432
7.3329e-05 2.16791e+06 158.971 15504
6.8361e-05 2.90374e+06 198.503 19344
6.1906e-05 4.01567e+06 248.594 24144
7.2681e-05 4.2962e+06 312.252 30288
7.6601e-05 5.11971e+06 392.175 37968
8.5537e-05 5.77405e+06 493.895 47760
8.6793e-05 7.1541e+06 620.926 60048
9.2073e-05 8.48514e+06 781.252 75408
9.5113e-05 1.03237e+07 981.913 94800
0.000110874 1.11215e+07 1233.09 119184
0.000120889 1.28548e+07 1554 149904
0.000140601 1.3882e+07 1951.83 188496
0.000158713 1.54488e+07 2451.93 237264
0.000190665 1.62111e+07 3090.88 298512
0.000225993 1.71736e+07 3881.11 375696
0.000261482 1.86241e+07 4869.88 472848
0.000318593 1.92671e+07 6138.38 595152
0.000389802 1.97483e+07 7697.93 749136
0.000452858 2.12979e+07 9644.9 943056
0.000589466 2.05914e+07 12137.9 1187088
0.000727066 2.08858e+07 15185.4 1494288
