# filename: ./acpphint-OverDrive_1000-8192MiB-threads_4-LP64-FreeBSD_13_r363590M_64bit-g++_10_O3lto-libc++-cpulockdown-DSIZE_us-ISIZE_us-using_2_threads-cpus_2_3.txt
# acpphint_main version: 0.1.23

5.2609e-05 129575 6.81679 352
6.2673e-05 138548 8.68322 404
4.9297e-05 213766 10.538 456
5.6353e-05 219786 12.3856 508
4.9321e-05 287309 14.1704 560
5.3153e-05 332260 17.6606 664
5.2097e-05 404646 21.0809 768
5.4569e-05 477126 26.0363 924
5.1593e-05 592491 30.5684 1080
5.2057e-05 702653 36.578 1288
5.1833e-05 846713 43.8877 1548
