# filename: ./acpphint-OverDrive_1000-8192MiB-threads_4-LP64-FreeBSD_13_r363590M_64bit-g++_10_O3lto-libc++-cpulockdown-DSIZE_ld-ISIZE_ull-using_2_threads-cpus_0_2.txt
# acpphint_main version: 0.1.23

6.8689e-05 101909 7 1680
6.9753e-05 129027 9 2064
7.3361e-05 149943 11 2448
9.9089e-05 131195 13 2832
0.000101841 147288 15 3216
0.000104833 181241 19 3984
9.3666e-05 245553 23 4752
0.00010993 263198 28.9334 5904
0.000118793 292765 34.7785 7056
0.000128337 333642 42.8186 8592
0.000136106 388539 52.8825 10512
0.000146353 442860 64.8139 12816
0.000139697 578727 80.8465 15888
0.000167233 602242 100.715 19728
0.000189121 671528 127 24720
0.000216106 735750 159 30864
0.000254137 781263 198.548 38544
0.000305289 814535 248.668 48144
0.000363473 859401 312.369 60432
0.000430538 911345 392.369 75792
0.000520162 950064 494.187 95376
0.000649826 956228 621.382 119952
0.000790314 989423 781.955 150672
0.000977987 1.00533e+06 983.196 189456
0.00120889 1.02169e+06 1235.11 238224
0.00150782 1.03287e+06 1557.38 299664
0.00187084 1.04613e+06 1957.15 376848
0.00231131 1.06454e+06 2460.48 474384
0.00292485 1.06142e+06 3104.51 596880
0.00365465 1.06797e+06 3903.08 751248
0.00462039 1.06156e+06 4904.82 945552
0.00573487 1.07992e+06 6193.2 1190160
0.00728724 1.06828e+06 7784.79 1498128
0.00917549 1.0662e+06 9782.89 1885968
0.0115969 1.06559e+06 12357.6 2374032
0.0146252 1.06187e+06 15530 2988432
0.0183787 1.06163e+06 19511.5 3761808
0.0231819 1.06361e+06 24656.6 4735632
0.0292385 1.05964e+06 30982.2 5961744
0.0367773 1.05832e+06 38922 7505040
0.0464497 1.05927e+06 49202.8 9448080
0.0590846 1.04616e+06 61812.1 11894160
0.0747813 1.03828e+06 77643.9 14973456
0.0947392 1.03616e+06 98164.9 18850320
0.119998 1.02772e+06 123325 23730960
0.152025 1.01889e+06 154896 29875344
0.19216 1.01904e+06 195819 37610640
0.238804 1.03039e+06 246061 47348880
0.309447 998597 309013 59608464
0.387715 1.0075e+06 390623 75042192
0.487878 1.00629e+06 490944 94472208
0.614459 1.00328e+06 616472 118933392
0.776465 1.00355e+06 779224 149727888
0.961646 1.01861e+06 979547 188496144
1.22985 999998 1.22985e+06 237302544
