# filename: ./acpphint-OverDrive_1000-8192MiB-threads_4-LP64-FreeBSD_13_r363590M_64bit-g++_10_O3lto-libc++-DSIZE_ld-ISIZE_ul-using_3_threads-cpus_0_1_2.txt
# acpphint_main version: 0.1.23

9.3793e-05 117280 11 2520
8.6593e-05 161676 14 3096
8.8057e-05 193057 17 3672
9.1713e-05 218072 20 4248
8.8905e-05 258703 23 4824
9.1289e-05 317672 29 5976
9.1937e-05 380695 35 7128
9.5769e-05 458047 43.8667 8856
0.000103897 505849 52.5562 10584
0.000111425 580092 64.6367 12888
0.000125425 635944 79.7633 15768
0.000133465 731518 97.6321 19224
0.000150585 808154 121.696 23832
0.000164681 919540 151.431 29592
0.000188849 1.01139e+06 191 37080
0.000224145 1.06627e+06 239 46296
0.000260032 1.1464e+06 298.101 57816
0.000302049 1.236e+06 373.332 72216
0.000371329 1.26227e+06 468.716 90648
0.000438721 1.34196e+06 588.747 113688
0.000537777 1.37857e+06 741.364 143064
0.000649145 1.43529e+06 931.71 179928
0.000798449 1.46901e+06 1172.93 226008
0.000985953 1.49538e+06 1474.37 284184
0.00122591 1.50998e+06 1851.11 357336
0.00153902 1.51771e+06 2335.79 449496
0.00189902 1.54515e+06 2934.28 565272
0.00236342 1.55991e+06 3686.71 711576
0.00297585 1.56462e+06 4656.07 895320
0.00371722 1.57405e+06 5851.09 1126872
0.00466843 1.57401e+06 7348.14 1418328
0.00585783 1.58565e+06 9288.48 1785240
0.00737077 1.58321e+06 11669.5 2247192
0.00927205 1.58053e+06 14654.8 2828952
0.0117078 1.58306e+06 18534.3 3561048
0.0147243 1.58099e+06 23278.9 4482648
0.0186095 1.57048e+06 29225.9 5642712
0.0234747 1.57542e+06 36982.4 7103448
0.0296269 1.5675e+06 46440.1 8942616
0.0374753 1.55561e+06 58297 11257560
0.0475197 1.5531e+06 73802.8 14172120
0.0601615 1.54003e+06 92650.6 17841240
0.0758344 1.53344e+06 116288 22460184
0.0949465 1.55078e+06 147241 28275480
0.12204 1.51468e+06 184852 35596440
0.151813 1.52804e+06 231977 44813016
0.192011 1.52956e+06 293694 56415960
0.24539 1.50298e+06 368817 71023320
0.311404 1.48606e+06 462765 89412696
0.384739 1.52264e+06 585819 112563288
0.484028 1.5203e+06 735868 141708312
0.609328 1.51505e+06 923163 178400088
0.771332 1.51494e+06 1.16852e+06 224591832
0.963845 1.5233e+06 1.46822e+06 282744216
1.22012 1.50938e+06 1.84161e+06 355953816
