# filename: ./acpphint-OverDrive_1000-8192MiB-threads_4-LP64-FreeBSD_13_r363590M_64bit-g++_10_O3lto-libc++-DSIZE_s-ISIZE_us-using_1_threads.txt
# acpphint_main version: 0.1.23

9.49048e-08 1.05369e+07 1 124
1.34357e-07 1.47326e+07 1.97942 150
1.737e-07 1.70195e+07 2.95628 176
2.27e-07 1.72179e+07 3.90847 202
2.66429e-07 1.82501e+07 4.86235 228
3.06833e-07 1.90012e+07 5.83019 254
3.442e-07 1.95913e+07 6.74332 280
4.23125e-07 2.02251e+07 8.55776 332
5.015e-07 2.06518e+07 10.3569 384
6.1825e-07 2.10115e+07 12.9903 462
7.3825e-07 2.09975e+07 15.5014 540
8.565e-07 2.19123e+07 18.7679 644
1.0725e-06 2.12007e+07 22.7377 774
1.3005e-06 2.09034e+07 27.1849 930
1.6085e-06 2.03136e+07 32.6744 1138
1.945e-06 2.01657e+07 39.2222 1398
2.417e-06 1.93094e+07 46.6708 1736
3.057e-06 1.79347e+07 54.8265 2152
4.001e-06 1.60157e+07 64.0787 2672
5.057e-06 1.46287e+07 73.9773 3322
