# filename: ./acpphint-OverDrive_1000-8192MiB-threads_4-LP64-FreeBSD_13_r363590M_64bit-g++_10_O3lto-libc++-cpulockdown-DSIZE_d-ISIZE_ul-using_2_threads-cpus_0_3.txt
# acpphint_main version: 0.1.23

6.6914e-05 104612 7 976
6.3969e-05 140693 9 1184
5.7089e-05 192682 11 1392
6.2913e-05 206635 13 1600
6.3953e-05 234547 15 1808
6.3961e-05 297056 19 2224
6.4225e-05 358116 23 2640
6.3865e-05 453040 28.9334 3264
6.4609e-05 538291 34.7785 3888
6.6321e-05 645626 42.8186 4720
6.6673e-05 793163 52.8825 5760
6.7345e-05 962416 64.8139 7008
6.5282e-05 1.23842e+06 80.8465 8672
6.9377e-05 1.4517e+06 100.715 10752
5.7633e-05 2.2036e+06 127 13456
5.5225e-05 2.87913e+06 159 16784
5.6329e-05 3.52479e+06 198.548 20944
5.4177e-05 4.58993e+06 248.668 26144
5.2505e-05 5.94932e+06 312.369 32800
5.209e-05 7.53251e+06 392.368 41120
5.3713e-05 9.20051e+06 494.187 51728
5.9314e-05 1.04761e+07 621.381 65040
6.5201e-05 1.1993e+07 781.954 81680
7.2705e-05 1.35231e+07 983.195 102688
8.2649e-05 1.49441e+07 1235.11 129104
9.3617e-05 1.66356e+07 1557.38 162384
0.000107185 1.82596e+07 1957.15 204192
0.000127473 1.93019e+07 2460.47 257024
0.000152521 2.03546e+07 3104.5 323376
0.00018013 2.1668e+07 3903.06 406992
0.000216209 2.26855e+07 4904.8 512240
0.000263489 2.35045e+07 6193.17 644736
0.000322442 2.41431e+07 7784.73 811552
0.000399698 2.44755e+07 9782.8 1021632
0.000491298 2.51526e+07 12357.4 1286000
0.00061233 2.53618e+07 15529.8 1618800
0.000778114 2.50748e+07 19511.1 2037712
0.000990562 2.48909e+07 24656 2565200
0.00131367 2.35838e+07 30981.3 3229344
0.00165168 2.35643e+07 38920.5 4065296
0.00208703 2.35744e+07 49200.5 5117776
0.00264842 2.33378e+07 61808.3 6442736
0.00332889 2.33224e+07 77637.9 8110688
0.00427807 2.29439e+07 98155.5 10210656
0.00558943 2.20614e+07 123310 12854336
0.00749952 2.0651e+07 154872 16182544
0.00977187 2.00352e+07 195782 20372496
0.0129683 1.89695e+07 246001 25647376
0.0174153 1.77384e+07 308919 32287984
0.0223551 1.74669e+07 390474 40647920
0.0288612 1.70024e+07 490710 51172512
0.0370069 1.66483e+07 616102 64422320
0.0474514 1.64091e+07 778634 81102672
0.0599606 1.63209e+07 978613 102102144
0.0763083 1.60976e+07 1.22838e+06 128538944
0.0966181 1.6064e+07 1.55207e+06 161820816
0.126068 1.54734e+07 1.95071e+06 203720128
0.157332 1.55574e+07 2.44767e+06 256468304
0.196116 1.57633e+07 3.09143e+06 322874384
0.246647 1.57499e+07 3.88467e+06 406474576
0.314001 1.55138e+07 4.87135e+06 511721120
0.39585 1.55316e+07 6.14818e+06 644218576
0.498264 1.54963e+07 7.72125e+06 811022928
0.625332 1.54666e+07 9.67175e+06 1021017232
0.782975 1.55695e+07 1.21905e+07 1285384400
0.993367 1.5391e+07 1.52889e+07 1618202912
