# filename: ./acpphint-OverDrive_1000-8192MiB-threads_4-LP64-FreeBSD_13_r363590M_64bit-g++_10_O3lto-libc++-cpulockdown-DSIZE_ld-ISIZE_ul-using_3_threads-cpus_0_1_2.txt
# acpphint_main version: 0.1.23

9.3425e-05 117742 11 2520
8.7001e-05 160918 14 3096
9.1673e-05 185442 17 3672
0.000104978 190516 20 4248
9.2081e-05 249780 23 4824
0.000104897 276462 29 5976
0.000109226 320437 35 7128
0.000108545 404134 43.8667 8856
0.000114738 458054 52.5562 10584
0.000123337 524066 64.6367 12888
0.000133033 599575 79.7633 15768
0.000142457 685344 97.6321 19224
0.000157753 771433 121.696 23832
0.000180641 838297 151.431 29592
0.000206305 925814 191 37080
0.000234218 1.02042e+06 239 46296
0.000280186 1.06394e+06 298.101 57816
0.000320458 1.16499e+06 373.332 72216
0.000376466 1.24504e+06 468.716 90648
0.000450018 1.30827e+06 588.747 113688
0.000542234 1.36724e+06 741.364 143064
0.000668482 1.39377e+06 931.71 179928
0.000808458 1.45082e+06 1172.93 226008
0.000996506 1.47954e+06 1474.37 284184
0.00122864 1.50664e+06 1851.11 357336
0.00153593 1.52076e+06 2335.79 449496
0.00189185 1.55101e+06 2934.28 565272
0.00237648 1.55133e+06 3686.71 711576
0.00296409 1.57083e+06 4656.07 895320
0.00368566 1.58753e+06 5851.09 1126872
0.00466405 1.57549e+06 7348.14 1418328
0.00588665 1.57789e+06 9288.48 1785240
0.00734866 1.58797e+06 11669.5 2247192
0.00931223 1.57371e+06 14654.8 2828952
0.0117909 1.57192e+06 18534.3 3561048
0.0147431 1.57897e+06 23278.9 4482648
0.0184891 1.58071e+06 29225.9 5642712
0.0234076 1.57993e+06 36982.4 7103448
0.0292562 1.58736e+06 46440.1 8942616
0.0369819 1.57637e+06 58297 11257560
0.0468064 1.57677e+06 73802.8 14172120
0.0595822 1.555e+06 92650.6 17841240
0.0754402 1.54146e+06 116288 22460184
0.0955583 1.54086e+06 147241 28275480
0.12073 1.53111e+06 184852 35596440
0.152703 1.51913e+06 231977 44813016
0.193171 1.52038e+06 293694 56415960
0.243249 1.51621e+06 368817 71023320
0.307333 1.50574e+06 462765 89412696
0.385794 1.51848e+06 585819 112563288
0.48742 1.50972e+06 735868 141708312
0.611727 1.50911e+06 923163 178400088
0.770133 1.51729e+06 1.16852e+06 224591832
0.97454 1.50658e+06 1.46822e+06 282744216
1.22564 1.50257e+06 1.84161e+06 355953816
