# filename: ./acpphint-OverDrive_1000-8192MiB-threads_4-LP64-FreeBSD_13_r363590M_64bit-g++_10_O3lto-libc++-cpulockdown-DSIZE_d-ISIZE_ui-using_2_threads-cpus_0_2.txt
# acpphint_main version: 0.1.23

6.8545e-05 102124 7.00012 912
6.2121e-05 144880 9.0001 1104
6.0809e-05 180897 11.0001 1296
6.1193e-05 212443 13 1488
6.8945e-05 217565 15 1680
6.7905e-05 279794 18.9994 2064
6.8937e-05 333622 22.9989 2448
6.8809e-05 420470 28.9321 3024
6.1193e-05 568306 34.7763 3600
6.8649e-05 623705 42.8167 4368
6.9745e-05 758187 52.8798 5328
6.6777e-05 970517 64.8082 6480
6.4265e-05 1.25789e+06 80.8385 8016
6.7161e-05 1.49945e+06 100.705 9936
6.2002e-05 2.04807e+06 126.984 12432
6.3945e-05 2.48606e+06 158.971 15504
6.7705e-05 2.93188e+06 198.503 19344
9.4001e-05 2.64459e+06 248.594 24144
9.4505e-05 3.30408e+06 312.252 30288
9.3649e-05 4.18771e+06 392.175 37968
9.5738e-05 5.15882e+06 493.895 47760
0.000103369 6.00689e+06 620.926 60048
0.000103218 7.56895e+06 781.252 75408
0.000106513 9.21872e+06 981.913 94800
0.000124529 9.90203e+06 1233.09 119184
0.000141586 1.09757e+07 1554 149904
0.000145065 1.34548e+07 1951.83 188496
0.000186681 1.31343e+07 2451.93 237264
0.000200185 1.54401e+07 3090.88 298512
0.000234033 1.65836e+07 3881.11 375696
0.000283754 1.71623e+07 4869.88 472848
0.000352009 1.74381e+07 6138.38 595152
0.000419682 1.83423e+07 7697.93 749136
0.000498786 1.93368e+07 9644.9 943056
0.000620778 1.95528e+07 12137.9 1187088
0.000778162 1.95144e+07 15185.4 1494288
