# filename: ./acpphint-OverDrive_1000-8192MiB-threads_4-LP64-FreeBSD_13_r363590M_64bit-g++_10_O3lto-libc++-DSIZE_d-ISIZE_ui-using_3_threads-cpus_0_1_2.txt
# acpphint_main version: 0.1.23

8.2113e-05 133965 11.0002 1368
8.0753e-05 173371 14.0002 1656
8.16e-05 208337 17.0003 1944
8.1873e-05 244282 20.0001 2232
8.6785e-05 265024 23.0001 2520
8.0409e-05 360654 28.9998 3096
8.4993e-05 411791 34.9993 3672
8.6529e-05 506940 43.865 4536
7.8905e-05 666030 52.5531 5400
7.9817e-05 809754 64.6321 6552
8.7521e-05 911295 79.7574 7992
8.3273e-05 1.17232e+06 97.6223 9720
8.2754e-05 1.47039e+06 121.681 12024
8.8945e-05 1.70222e+06 151.404 14904
8.7241e-05 2.18888e+06 190.96 18648
8.5273e-05 2.80199e+06 238.934 23256
9.0201e-05 3.30368e+06 297.995 29016
8.3769e-05 4.45464e+06 373.161 36216
8.5673e-05 5.46779e+06 468.442 45432
9.5945e-05 6.13205e+06 588.339 56952
9.1313e-05 8.11275e+06 740.799 71640
8.9473e-05 1.0403e+07 930.79 90072
9.6153e-05 1.2183e+07 1171.43 113112
0.000105017 1.4016e+07 1471.92 142200
0.000119537 1.54528e+07 1847.19 178776
0.000122553 1.90079e+07 2329.47 224856
0.000149448 1.95646e+07 2923.89 282744
0.000176809 2.07573e+07 3670.08 355896
0.000194137 2.38491e+07 4630 447768
0.000236777 2.45435e+07 5811.33 563544
0.000279913 2.60262e+07 7285.07 709272
0.000332929 2.75953e+07 9187.28 892728
0.000401074 2.8685e+07 11504.8 1123704
