# filename: ./acpphint-OverDrive_1000-8192MiB-threads_4-LP64-FreeBSD_13_r363590M_64bit-g++_10_O3lto-libc++-DSIZE_d-ISIZE_ul-using_2_threads-cpus_0_3.txt
# acpphint_main version: 0.1.23

6.2217e-05 112509 7 976
7.0841e-05 127045 9 1184
6.8777e-05 159937 11 1392
6.7785e-05 191783 13 1600
6.0657e-05 247292 15 1808
6.8721e-05 276480 19 2224
6.0553e-05 379833 23 2640
6.5873e-05 439230 28.9334 3264
5.9505e-05 584463 34.7785 3888
6.5657e-05 652155 42.8186 4720
5.9297e-05 891825 52.8825 5760
6.5033e-05 996631 64.8139 7008
7.2129e-05 1.12086e+06 80.8465 8672
7.1937e-05 1.40004e+06 100.715 10752
6.4665e-05 1.96397e+06 127 13456
7.3225e-05 2.17139e+06 159 16784
6.8497e-05 2.89864e+06 198.548 20944
7.0449e-05 3.52976e+06 248.668 26144
7.6521e-05 4.08214e+06 312.369 32800
7.2705e-05 5.39672e+06 392.368 41120
8.5057e-05 5.81007e+06 494.187 51728
9.1865e-05 6.76407e+06 621.381 65040
8.8426e-05 8.84304e+06 781.954 81680
9.849e-05 9.98269e+06 983.195 102688
0.000108249 1.14099e+07 1235.11 129104
0.000121409 1.28275e+07 1557.38 162384
0.000131825 1.48466e+07 1957.15 204192
0.000160161 1.53625e+07 2460.47 257024
0.000183114 1.69539e+07 3104.5 323376
0.00020977 1.86064e+07 3903.06 406992
0.00025077 1.9559e+07 4904.8 512240
0.000303857 2.03818e+07 6193.17 644736
0.000364753 2.13425e+07 7784.73 811552
0.000441882 2.2139e+07 9782.8 1021632
0.000541306 2.28289e+07 12357.4 1286000
0.00068605 2.26365e+07 15529.8 1618800
0.000887971 2.19727e+07 19511.1 2037712
0.00121304 2.03258e+07 24656 2565200
0.00153396 2.0197e+07 30981.3 3229344
0.00191098 2.03668e+07 38920.5 4065296
0.00238686 2.0613e+07 49200.5 5117776
0.00300376 2.05769e+07 61808.3 6442736
0.00376698 2.06101e+07 77637.9 8110688
0.00460838 2.12993e+07 98155.5 10210656
0.00635166 1.94139e+07 123310 12854336
0.00827229 1.87218e+07 154872 16182544
0.0108025 1.81238e+07 195782 20372496
0.0139069 1.76892e+07 246001 25647376
0.0180037 1.71586e+07 308919 32287984
0.0231192 1.68896e+07 390474 40647920
0.0297267 1.65074e+07 490710 51172512
0.0381279 1.61588e+07 616102 64422320
0.0482942 1.61227e+07 778634 81102672
0.0622853 1.57118e+07 978613 102102144
0.0792233 1.55053e+07 1.22838e+06 128538944
0.098982 1.56803e+07 1.55207e+06 161820816
0.124724 1.56402e+07 1.95071e+06 203720128
0.158843 1.54093e+07 2.44767e+06 256468304
0.199 1.55348e+07 3.09143e+06 322874384
0.251468 1.54479e+07 3.88467e+06 406474576
0.315097 1.54599e+07 4.87135e+06 511721120
0.39569 1.55378e+07 6.14818e+06 644218576
0.498875 1.54773e+07 7.72125e+06 811022928
0.636043 1.52061e+07 9.67175e+06 1021017232
0.791387 1.5404e+07 1.21905e+07 1285384400
1.00363 1.52336e+07 1.52889e+07 1618202912
