# filename: ./acpphint-OverDrive_1000-8192MiB-threads_4-LP64-FreeBSD_13_r363590M_64bit-g++_10_O3lto-libc++-DSIZE_ld-ISIZE_ul-using_1_threads.txt
# acpphint_main version: 0.1.23

2.785e-06 359066 1 456
4.793e-06 417275 2 648
6.777e-06 442674 3 840
8.785e-06 455322 4 1032
1.0809e-05 462577 5 1224
1.2825e-05 467836 6 1416
1.4721e-05 475511 7 1608
1.8752e-05 479949 9 1992
2.2721e-05 484134 11 2376
2.8282e-05 495014 14 2952
3.3905e-05 501401 17 3528
4.1385e-05 507430 21 4296
5.0841e-05 511398 26 5256
6.2241e-05 514131 32 6408
7.7066e-05 519036 40 7944
9.4985e-05 526399 50 9864
0.000119425 527528 63 12360
0.000149377 528863 79 15432
0.000185265 534370 99 19272
0.000232417 533524 124 24072
0.000290993 536095 156 30216
0.000363146 539728 196 37896
0.00045801 539290 247 47688
0.000575449 540448 311 59976
0.000721178 542169 391 75336
0.000899689 546856 492 94728
0.00113107 547271 619 119112
0.00143621 542400 779 149832
0.00179382 546321 980 188424
0.00225063 548290 1234 237192
0.00284786 545322 1553 298440
0.00355427 550043 1955 375624
0.00448791 548362 2461 472776
0.00562756 550504 3098 595080
0.00710722 548738 3900 749064
0.00891586 550704 4910 942984
0.0112515 549349 6181 1187016
0.0141954 548134 7781 1494216
0.0178716 548075 9795 1880904
0.0225225 547497 12331 2367816
0.0284595 545476 15524 2980872
0.0359083 544247 19543 3752520
0.0453097 542996 24603 4724040
0.0571353 542099 30973 5947080
0.0720026 541535 38992 7486728
0.091039 539197 49087.9 9425160
0.11586 533386 61797.9 11865480
0.146384 531473 77798.9 14937672
0.185394 528296 97942.8 18805320
0.234884 524950 123303 23674440
0.296855 522910 155228 29804232
0.374305 522088 195420 37521096
0.474169 518842 246019 47236104
0.596349 519358 309719 59466696
0.754065 517080 389912 74863944
0.949306 517081 490869 94248072
1.1887 519868 617965 118651272
