# filename: ./acpphint-OverDrive_1000-8192MiB-threads_4-LP64-FreeBSD_13_r363590M_64bit-g++_10_O3lto-libc++-DSIZE_ld-ISIZE_ull-using_2_threads-cpus_1_2.txt
# acpphint_main version: 0.1.23

7.8553e-05 89111.8 7 1680
7.5369e-05 119412 9 2064
8.1297e-05 135306 11 2448
7.8033e-05 166596 13 2832
7.9233e-05 189315 15 3216
7.9265e-05 239702 19 3984
8.5481e-05 269066 23 4752
9.2833e-05 311672 28.9334 5904
9.5297e-05 364948 34.7785 7056
0.000110569 387256 42.8186 8592
0.000115337 458504 52.8825 10512
0.000129457 500660 64.8139 12816
0.000141504 571337 80.8465 15888
0.000158721 634539 100.715 19728
0.000186481 681035 127 24720
0.000221312 718443 159 30864
0.000259033 766496 198.548 38544
0.000299673 829799 248.668 48144
0.000360945 865421 312.369 60432
0.000437281 897292 392.369 75792
0.000527705 936484 494.187 95376
0.000662345 938154 621.382 119952
0.000792097 987196 781.955 150672
0.000973778 1.00967e+06 983.196 189456
0.00121547 1.01616e+06 1235.11 238224
0.00151732 1.0264e+06 1557.38 299664
0.00187455 1.04406e+06 1957.15 376848
0.00235851 1.04324e+06 2460.48 474384
0.00293923 1.05623e+06 3104.51 596880
0.00369959 1.055e+06 3903.08 751248
0.00462082 1.06146e+06 4904.82 945552
0.00582287 1.0636e+06 6193.2 1190160
0.0073143 1.06432e+06 7784.79 1498128
0.00921171 1.06201e+06 9782.89 1885968
0.0115935 1.06591e+06 12357.6 2374032
0.0146225 1.06206e+06 15530 2988432
0.0184275 1.05882e+06 19511.5 3761808
0.0232427 1.06083e+06 24656.6 4735632
0.0292727 1.0584e+06 30982.2 5961744
0.0368856 1.05521e+06 38922 7505040
0.0465915 1.05605e+06 49202.8 9448080
0.059387 1.04084e+06 61812.1 11894160
0.0751641 1.03299e+06 77643.9 14973456
0.0953497 1.02953e+06 98164.9 18850320
0.121141 1.01803e+06 123325 23730960
0.15391 1.00641e+06 154896 29875344
0.19306 1.01429e+06 195819 37610640
0.245344 1.00292e+06 246061 47348880
0.307183 1.00595e+06 309013 59608464
0.386008 1.01195e+06 390623 75042192
0.488394 1.00522e+06 490944 94472208
0.614107 1.00385e+06 616472 118933392
0.772457 1.00876e+06 779224 149727888
0.977757 1.00183e+06 979547 188496144
1.23127 998848 1.22985e+06 237302544
