# filename: ./acpphint-OverDrive_1000-8192MiB-threads_4-LP64-FreeBSD_13_r363590M_64bit-g++_10_O3lto-libc++-cpulockdown-DSIZE_d-ISIZE_ui-using_2_threads-cpus_1_2.txt
# acpphint_main version: 0.1.23

5.2961e-05 132175 7.00012 912
5.313e-05 169398 9.0001 1104
5.7761e-05 190442 11.0001 1296
5.4745e-05 237465 13 1488
5.4737e-05 274038 15 1680
5.7977e-05 327706 18.9994 2064
6.1345e-05 374911 22.9989 2448
5.3481e-05 540980 28.9321 3024
5.5873e-05 622417 34.7763 3600
5.6033e-05 764134 42.8167 4368
6.1945e-05 853657 52.8798 5328
5.4313e-05 1.19324e+06 64.8082 6480
5.6409e-05 1.43308e+06 80.8385 8016
6.0785e-05 1.65674e+06 100.705 9936
6.0113e-05 2.11243e+06 126.984 12432
6.4545e-05 2.46295e+06 158.971 15504
6.0969e-05 3.2558e+06 198.503 19344
6.3713e-05 3.90178e+06 248.594 24144
6.5801e-05 4.7454e+06 312.252 30288
6.7617e-05 5.79995e+06 392.175 37968
7.3609e-05 6.70971e+06 493.895 47760
7.9673e-05 7.79343e+06 620.926 60048
8.3705e-05 9.3334e+06 781.252 75408
9.2681e-05 1.05945e+07 981.913 94800
0.000106665 1.15604e+07 1233.09 119184
0.000112362 1.38303e+07 1554 149904
0.000132242 1.47595e+07 1951.83 188496
0.000163617 1.49858e+07 2451.93 237264
0.000189393 1.63199e+07 3090.88 298512
0.000222897 1.74121e+07 3881.11 375696
0.000267817 1.81836e+07 4869.88 472848
0.000327337 1.87525e+07 6138.38 595152
0.000401594 1.91684e+07 7697.93 749136
0.000486562 1.98226e+07 9644.9 943056
0.000608426 1.99497e+07 12137.9 1187088
0.000750274 2.02398e+07 15185.4 1494288
