# filename: ./acpphint-OverDrive_1000-8192MiB-threads_4-LP64-FreeBSD_13_r363590M_64bit-g++_10_O3lto-libc++-DSIZE_d-ISIZE_ui-using_2_threads-cpus_1_2.txt
# acpphint_main version: 0.1.23

5.7937e-05 120823 7.00012 912
7.0105e-05 128380 9.0001 1104
6.5186e-05 168750 11.0001 1296
6.6417e-05 195733 13 1488
7.0873e-05 211646 15 1680
5.9761e-05 317924 18.9994 2064
7.3233e-05 314051 22.9989 2448
6.3449e-05 455990 28.9321 3024
6.249e-05 556510 34.7763 3600
6.2497e-05 685100 42.8167 4368
6.3041e-05 838815 52.8798 5328
6.9041e-05 938692 64.8082 6480
6.3561e-05 1.27183e+06 80.8385 8016
7.5577e-05 1.33248e+06 100.705 9936
7.4201e-05 1.71136e+06 126.984 12432
6.7425e-05 2.35775e+06 158.971 15504
6.3585e-05 3.12185e+06 198.503 19344
7.0809e-05 3.51077e+06 248.594 24144
7.1952e-05 4.33973e+06 312.252 30288
7.7625e-05 5.05217e+06 392.175 37968
7.8529e-05 6.28934e+06 493.895 47760
8.4298e-05 7.36585e+06 620.926 60048
9.6441e-05 8.10083e+06 781.252 75408
0.000100961 9.72567e+06 981.913 94800
0.000105641 1.16725e+07 1233.09 119184
0.000120001 1.29499e+07 1554 149904
0.000139401 1.40015e+07 1951.83 188496
0.000161913 1.51435e+07 2451.93 237264
0.000189017 1.63524e+07 3090.88 298512
0.000216146 1.7956e+07 3881.11 375696
0.000266897 1.82463e+07 4869.88 472848
0.000320249 1.91675e+07 6138.38 595152
0.000388506 1.98142e+07 7697.93 749136
0.00047625 2.02518e+07 9644.9 943056
0.000565034 2.14818e+07 12137.9 1187088
0.00074861 2.02848e+07 15185.4 1494288
