# filename: ./acpphint-OverDrive_1000-8192MiB-threads_4-LP64-FreeBSD_13_r363590M_64bit-g++_10_O3lto-libc++-DSIZE_d-ISIZE_ul-using_2_threads-cpus_1_2.txt
# acpphint_main version: 0.1.23

6.1433e-05 113945 7 976
6.2521e-05 143952 9 1184
6.1073e-05 180112 11 1392
6.6257e-05 196206 13 1600
6.3129e-05 237609 15 1808
6.2833e-05 302389 19 2224
6.4273e-05 357849 23 2640
6.0705e-05 476623 28.9334 3264
6.1465e-05 565825 34.7785 3888
6.8033e-05 629379 42.8186 4720
6.7457e-05 783944 52.8825 5760
6.7026e-05 966996 64.8139 7008
6.6361e-05 1.21828e+06 80.8465 8672
6.4929e-05 1.55115e+06 100.715 10752
6.6898e-05 1.89841e+06 127 13456
6.8257e-05 2.32943e+06 159 16784
7.1569e-05 2.77422e+06 198.548 20944
7.1905e-05 3.45829e+06 248.668 26144
6.5793e-05 4.74776e+06 312.369 32800
7.3745e-05 5.32061e+06 392.368 41120
8.2945e-05 5.95801e+06 494.187 51728
8.7185e-05 7.12716e+06 621.381 65040
9.3114e-05 8.39782e+06 781.954 81680
9.7362e-05 1.00983e+07 983.195 102688
0.000110577 1.11697e+07 1235.11 129104
0.000117306 1.32762e+07 1557.38 162384
0.000136546 1.43333e+07 1957.15 204192
0.000152058 1.61811e+07 2460.47 257024
0.000178745 1.73683e+07 3104.5 323376
0.000211073 1.84915e+07 3903.06 406992
0.000252066 1.94584e+07 4904.8 512240
0.000308018 2.01065e+07 6193.17 644736
0.000370898 2.09889e+07 7784.73 811552
0.000459834 2.12746e+07 9782.8 1021632
0.000566946 2.17965e+07 12357.4 1286000
0.00067581 2.29795e+07 15529.8 1618800
0.000910523 2.14284e+07 19511.1 2037712
0.00107571 2.29206e+07 24656 2565200
0.0015349 2.01846e+07 30981.3 3229344
0.00192634 2.02044e+07 38920.5 4065296
0.00241347 2.03858e+07 49200.5 5117776
0.00295653 2.09057e+07 61808.3 6442736
0.00382386 2.03036e+07 77637.9 8110688
0.00487171 2.0148e+07 98155.5 10210656
0.006352 1.94128e+07 123310 12854336
0.00830314 1.86523e+07 154872 16182544
0.0107278 1.82499e+07 195782 20372496
0.0140051 1.75651e+07 246001 25647376
0.0182356 1.69405e+07 308919 32287984
0.0234034 1.66845e+07 390474 40647920
0.0301149 1.62946e+07 490710 51172512
0.0382469 1.61085e+07 616102 64422320
0.0485357 1.60425e+07 778634 81102672
0.0618206 1.58299e+07 978613 102102144
0.0793776 1.54751e+07 1.22838e+06 128538944
0.0998556 1.55431e+07 1.55207e+06 161820816
0.126638 1.54038e+07 1.95071e+06 203720128
0.157908 1.55006e+07 2.44767e+06 256468304
0.200618 1.54096e+07 3.09143e+06 322874384
0.254439 1.52676e+07 3.88467e+06 406474576
0.321878 1.51341e+07 4.87135e+06 511721120
0.403461 1.52386e+07 6.14818e+06 644218576
0.509436 1.51565e+07 7.72125e+06 811022928
0.642917 1.50435e+07 9.67175e+06 1021017232
0.807312 1.51001e+07 1.21905e+07 1285384400
1.0185 1.50112e+07 1.52889e+07 1618202912
