# filename: ./acpphint-OverDrive_1000-8192MiB-threads_4-LP64-FreeBSD_13_r363590M_64bit-g++_10_O3lto-libc++-cpulockdown-DSIZE_ull-ISIZE_ull-using_4_threads-cpus_0_1_2_3.txt
# acpphint_main version: 0.1.23

0.000105017 142834 15 1952
0.000110737 171578 19 2368
0.000104882 219294 23 2784
0.000114785 235222 27 3200
0.000101793 304540 31 3616
0.000111249 350565 39 4448
0.000106633 440764 47 5280
0.000106289 553209 58.8001 6528
0.000104658 672035 70.3339 7776
0.000106505 811744 86.4548 9440
0.000105713 1.0088e+06 106.644 11520
0.000106857 1.2208e+06 130.451 14016
0.000101209 1.60604e+06 162.546 17344
0.000105905 1.90876e+06 202.147 21504
0.000114113 2.23463e+06 255 26912
0.00011153 2.86022e+06 319 33568
0.000110953 3.58399e+06 397.655 41888
0.000111698 4.45839e+06 497.994 52288
0.000114097 5.4783e+06 625.057 65600
0.000115417 6.80253e+06 785.128 82240
0.000119089 8.30084e+06 988.539 103456
0.000112681 1.10225e+07 1242.03 130080
0.000117521 1.33074e+07 1563.9 163360
0.000131609 1.49347e+07 1965.55 205376
0.00013373 1.84482e+07 2467.07 258208
0.000142762 2.1814e+07 3114.2 324768
0.000158417 2.46905e+07 3911.39 408384
0.000173874 2.82554e+07 4912.88 514048
0.000192145 3.2307e+07 6207.63 646752
0.000203409 3.83419e+07 7799.08 813984
0.000246241 3.97632e+07 9791.33 1024480
0.000283202 4.37276e+07 12383.7 1289472
0.000340121 4.5731e+07 15554.1 1623104
0.000408321 4.78211e+07 19526.4 2043264
0.000501521 4.92718e+07 24710.8 2572000
0.00060565 5.123e+07 31027.5 3237600
0.00075641 5.14794e+07 38939.5 4075424
0.000916194 5.38179e+07 49307.6 5130400
0.00113691 5.44434e+07 61897.1 6458688
0.00144919 5.35954e+07 77669.8 8130592
0.00188483 5.22065e+07 98400.6 10235552
0.00275979 4.47446e+07 123486 12885472
0.00395553 3.91666e+07 154925 16221376
0.00512077 3.8336e+07 196309 20421312
0.00702375 3.50759e+07 246365 25708672
0.00947368 3.26202e+07 309034 32365088
0.0124566 3.14318e+07 391534 40744992
0.0161536 3.0428e+07 491521 51294752
0.0208652 2.95434e+07 616428 64575968
0.0268841 2.90462e+07 780880 81295840
0.0340525 2.87962e+07 980581 102345024
0.0432989 2.83959e+07 1.22951e+06 128844640
0.0546811 2.84793e+07 1.55728e+06 162205344
0.0691542 2.82855e+07 1.95606e+06 204204288
0.0875034 2.80222e+07 2.45204e+06 257077888
0.110527 2.80936e+07 3.10511e+06 323641632
0.139662 2.79326e+07 3.90112e+06 407440256
0.175762 2.7815e+07 4.88881e+06 512936608
0.221533 2.79381e+07 6.18922e+06 645748768
0.279062 2.78678e+07 7.77683e+06 812949152
0.351527 2.77128e+07 9.7418e+06 1023442240
0.443824 2.77766e+07 1.23279e+07 1288437152
0.557679 2.77745e+07 1.54893e+07 1622045856
0.702923 2.75857e+07 1.93906e+07 2042034464
0.884821 2.77125e+07 2.45206e+07 2570768800
1.11245 2.76826e+07 3.07956e+07 3236405824
