# filename: ./acpphint-OverDrive_1000-8192MiB-threads_4-LP64-FreeBSD_13_r363590M_64bit-g++_10_O3lto-libc++-cpulockdown-DSIZE_f-ISIZE_ui-using_4_threads-cpus_0_1_2_3.txt
# acpphint_main version: 0.1.23

0.000115042 130387 15 1120
0.000105738 179661 18.9969 1328
0.000104274 220573 23 1536
0.000107185 251845 26.994 1744
0.000109441 283186 30.9922 1952
0.000115249 338239 38.9817 2368
0.000111297 422057 46.9737 2784
0.000109657 535721 58.7456 3408
0.000100385 699677 70.2371 4032
0.000111217 776175 86.3238 4864
0.000108265 983603 106.49 5904
0.000104953 1.24029e+06 130.172 7152
0.000107145 1.51292e+06 162.102 8816
0.000112905 1.78486e+06 201.519 10896
0.000112233 2.26318e+06 254.004 13600
0.000114713 2.76766e+06 317.486 16928
0.000111249 3.5528e+06 395.245 21088
0.000118386 4.16871e+06 493.517 26288
0.000109177 5.65254e+06 617.127 32944
0.000118537 6.50509e+06 771.094 41264
0.000120977 7.98073e+06 965.485 51872
