# filename: ./acpphint-WDK23_CA78Cnolse-32768MiB-threads_8-LP64-FreeBSD_main_n262658_b347c2284603_64bit-clang++_16_O3lto_CA78Cnolse-libc++-cpulockdown-DSIZE_ull-ISIZE_ull-using_1_threads-cpus_1.txt
# acpphint_main version: 0.1.33

9.67833e-08 1.03324e+07 1 280
1.35412e-07 1.47697e+07 2 384
1.82283e-07 1.64579e+07 3 488
2.21354e-07 1.80706e+07 4 592
2.656e-07 1.88253e+07 5 696
3.15559e-07 1.90139e+07 6 800
3.507e-07 1.99601e+07 7 904
4.36167e-07 2.06343e+07 9 1112
5.26e-07 2.09125e+07 11 1320
6.33094e-07 2.21136e+07 14 1632
7.73192e-07 2.19868e+07 17 1944
9.3745e-07 2.24012e+07 21 2360
1.14581e-06 2.26913e+07 26 2880
1.38014e-06 2.3186e+07 32 3504
1.7499e-06 2.28584e+07 40 4336
2.18738e-06 2.28584e+07 50 5376
2.70817e-06 2.3263e+07 63 6728
3.37667e-06 2.33959e+07 79 8392
4.2315e-06 2.3396e+07 99 10472
5.3385e-06 2.32275e+07 124 13072
6.8225e-06 2.28655e+07 156 16400
8.489e-06 2.30887e+07 196 20560
1.0938e-05 2.25818e+07 247 25864
1.401e-05 2.21984e+07 311 32520
1.7811e-05 2.19527e+07 391 40840
2.2655e-05 2.17171e+07 492 51344
2.8437e-05 2.17674e+07 619 64552
3.5624e-05 2.18673e+07 779 81192
4.5102e-05 2.17285e+07 980 102096
5.6716e-05 2.17575e+07 1234 128512
7.2079e-05 2.15458e+07 1553 161688
9.0516e-05 2.15984e+07 1955 203496
0.000114213 2.15474e+07 2461 256120
0.000144941 2.13742e+07 3098 322368
0.000184991 2.10821e+07 3900 405776
0.000232593 2.11098e+07 4909.99 510816
0.000297433 2.07811e+07 6180.99 643000
0.000380034 2.04744e+07 7780.99 809400
0.000479039 2.04471e+07 9794.98 1018856
0.000607991 2.02815e+07 12331 1282600
0.000767879 2.02167e+07 15523.9 1614672
0.000965942 2.0232e+07 19542.9 2032648
0.00122103 2.01492e+07 24602.9 2558888
0.00153857 2.01309e+07 30972.8 3221368
0.00194225 2.00755e+07 38991.6 4055344
0.00244102 2.01094e+07 49087.4 5105328
0.00310818 1.98821e+07 61797.1 6427168
0.00394262 1.97325e+07 77797.6 8091272
0.00504845 1.94002e+07 97940.8 10186248
0.00650609 1.89514e+07 123299 12823688
0.00836193 1.85631e+07 155223 16143992
0.0107606 1.81599e+07 195412 20323960
0.0138517 1.776e+07 246006 25586256
0.0177433 1.74544e+07 309699 32211160
0.0226498 1.72134e+07 389880 40551336
0.028858 1.70081e+07 490818 51051072
0.036692 1.68398e+07 617885 64269472
0.046546 1.67113e+07 777842 80910408
0.058938 1.66141e+07 979199 101860064
0.0746073 1.6522e+07 1.23267e+06 128234152
0.0940785 1.64939e+07 1.55172e+06 161437192
0.118678 1.64589e+07 1.95331e+06 203237288
0.149296 1.64693e+07 2.45879e+06 255860560
0.188252 1.64406e+07 3.09497e+06 322109288
0.236532 1.64697e+07 3.89561e+06 405511464
0.2976 1.64756e+07 4.90313e+06 510508616
0.374175 1.64919e+07 6.17085e+06 642692200
0.470935 1.64901e+07 7.76575e+06 809101456
0.592394 1.64957e+07 9.77193e+06 1018598328
0.745052 1.65021e+07 1.22949e+07 1282339208
0.937111 1.65049e+07 1.54669e+07 1614369296
1.18004 1.64854e+07 1.94535e+07 2032370464
