# filename: ./acpphint-WDK23_CA78Cnolse-32768MiB-threads_8-LP64-FreeBSD_main_n262658_b347c2284603_64bit-clang++_16_O3lto_CA78Cnolse-libc++-cpulockdown-DSIZE_ull-ISIZE_ull-using_2_threads-cpus_2_6.txt
# acpphint_main version: 0.1.33

6.833e-05 102444 7 976
7.9059e-05 113839 9 1184
7.5621e-05 145462 11 1392
7.1612e-05 181534 13 1600
6.906e-05 217202 15 1808
7.1039e-05 267459 19 2224
7.2289e-05 318167 23 2640
7.9944e-05 361921 28.9334 3264
7.5778e-05 458952 34.7785 3888
7.1298e-05 600558 42.8186 4720
6.6455e-05 795764 52.8825 5760
7.2601e-05 892741 64.8139 7008
6.4476e-05 1.2539e+06 80.8465 8672
7.458e-05 1.35043e+06 100.715 10752
6.7236e-05 1.88887e+06 127 13456
7.7809e-05 2.04347e+06 159 16784
6.9945e-05 2.83863e+06 198.548 20944
6.8486e-05 3.63094e+06 248.668 26144
7.8277e-05 3.99056e+06 312.369 32800
8.6246e-05 4.54941e+06 392.369 41120
7.2653e-05 6.80202e+06 494.187 51728
7.4059e-05 8.39036e+06 621.382 65040
7.9475e-05 9.839e+06 781.955 81680
8.2027e-05 1.19862e+07 983.196 102688
8.6194e-05 1.43295e+07 1235.11 129104
9.2599e-05 1.68185e+07 1557.38 162384
0.000104786 1.86776e+07 1957.15 204192
0.00011463 2.14645e+07 2460.47 257024
0.000128692 2.41236e+07 3104.51 323376
0.000150722 2.58958e+07 3903.07 406992
0.000175304 2.79789e+07 4904.82 512240
0.000207542 2.98407e+07 6193.19 644736
0.000244676 3.18167e+07 7784.78 811552
0.000298891 3.27306e+07 9782.87 1021632
0.000365712 3.37904e+07 12357.5 1286000
0.000446176 3.48069e+07 15530 1618800
0.000553723 3.52367e+07 19511.4 2037712
0.000681217 3.61948e+07 24656.5 2565200
0.000845427 3.66466e+07 30982 3229344
0.0010425 3.73349e+07 38921.7 4065296
0.0013028 3.77666e+07 49202.3 5117776
0.00162482 3.8042e+07 61811.3 6442736
0.00204141 3.80338e+07 77642.6 8110688
0.00256862 3.82161e+07 98162.9 10210656
0.00330953 3.72627e+07 123322 12854336
0.00422948 3.66217e+07 154891 16182544
0.00540849 3.62045e+07 195811 20372496
0.00695383 3.53831e+07 246048 25647376
0.00891118 3.46747e+07 308992 32287984
0.0113725 3.43452e+07 390591 40647920
0.0145322 3.37798e+07 490894 51172512
0.018404 3.34923e+07 616392 64422320
0.0233568 3.33564e+07 779097 81102672
0.0294765 3.32247e+07 979346 102102144
0.0373857 3.28877e+07 1.22953e+06 128538944
0.0470854 3.3002e+07 1.55391e+06 161820816
0.0593513 3.29161e+07 1.95361e+06 203720128
0.0748052 3.27818e+07 2.45225e+06 256468304
0.0940443 3.29498e+07 3.09874e+06 322874384
0.118319 3.29301e+07 3.89624e+06 406474576
0.148897 3.28384e+07 4.88954e+06 511721120
0.18713 3.30103e+07 6.17721e+06 644218576
0.23521 3.30221e+07 7.76712e+06 811022928
0.296057 3.29121e+07 9.74384e+06 1021017232
0.372646 3.30215e+07 1.23053e+07 1285384400
0.468774 3.30008e+07 1.54699e+07 1618202912
0.590392 3.28524e+07 1.93958e+07 2037196656
0.742709 3.29581e+07 2.44783e+07 2564678416
0.935981 3.28607e+07 3.0757e+07 3228738592
1.17626 3.27502e+07 3.85229e+07 4064740928
