# filename: ./acpphint-RPi4B-4096MiB-threads_4-LP64-ubuntu_20_10_64bit-g++_10_O3lto-libstdc++-cpulockdown-DSIZE_ld-ISIZE_ul-using_2_threads-cpus_1_3.txt
# acpphint_main version: 0.1.23

0.000128961 54280 7 1680
0.000133016 67661 9 2064
0.000168794 65168.2 11 2448
0.000126979 102379 13 2832
0.000139034 107887 15 3216
0.000144016 131930 19 3984
0.000158942 144707 23 4752
0.000178145 162415 28.9334 5904
0.000164127 211900 34.7785 7056
0.000165516 258697 42.8186 8592
0.000170868 309493 52.8825 10512
0.000179701 360676 64.8139 12816
0.00019446 415749 80.8465 15888
0.000209793 480067 100.715 19728
0.000225107 564176 127 24720
0.000248959 638659 159 30864
0.000277921 714404 198.548 38544
0.000313513 793168 248.668 48144
0.000360401 866727 312.369 60432
0.000426659 919630 392.369 75792
0.000499324 989713 494.187 95376
0.000587878 1.05699e+06 621.382 119952
0.000714005 1.09517e+06 781.955 150672
0.00086465 1.1371e+06 983.196 189456
0.00107596 1.14792e+06 1235.11 238224
0.00130425 1.19408e+06 1557.38 299664
0.00159945 1.22364e+06 1957.15 376848
0.00201339 1.22206e+06 2460.48 474384
0.00250367 1.23998e+06 3104.51 596880
0.00315327 1.23779e+06 3903.08 751248
0.00395883 1.23896e+06 4904.82 945552
0.00494305 1.25291e+06 6193.2 1190160
0.00614749 1.26634e+06 7784.79 1498128
0.00794619 1.23114e+06 9782.89 1885968
0.00955685 1.29306e+06 12357.6 2374032
0.0119647 1.29799e+06 15530 2988432
0.0149624 1.30403e+06 19511.5 3761808
0.0187467 1.31525e+06 24656.6 4735632
0.0235255 1.31696e+06 30982.2 5961744
0.0294806 1.32026e+06 38922 7505040
0.0370137 1.32931e+06 49202.8 9448080
0.0464573 1.33051e+06 61812.1 11894160
0.0581666 1.33485e+06 77643.9 14973456
0.07289 1.34675e+06 98164.9 18850320
0.091579 1.34665e+06 123325 23730960
0.114881 1.34831e+06 154896 29875344
0.144032 1.35956e+06 195819 37610640
0.181012 1.35936e+06 246061 47348880
0.227554 1.35797e+06 309013 59608464
0.286365 1.36407e+06 390623 75042192
0.358874 1.36801e+06 490944 94472208
0.452066 1.36368e+06 616472 118933392
0.5676 1.37284e+06 779224 149727888
0.715028 1.36994e+06 979547 188496144
0.89855 1.3687e+06 1.22985e+06 237302544
1.13117 1.37416e+06 1.55442e+06 298746000
