# filename: ./acpphint-RPi4B-4096MiB-threads_4-LP64-ubuntu_20_10_64bit-g++_10_O3lto-libstdc++-DSIZE_f-ISIZE_ui-using_2_threads-cpus_1_3.txt
# acpphint_main version: 0.1.23

0.000110591 63314 7.00195 560
0.000131405 68502.2 9.00153 664
0.000131998 83334.6 11 768
0.000131609 98777.5 13 872
0.00013459 111450 15 976
0.000130627 145429 18.997 1184
0.000131461 174957 23 1392
0.000131942 219237 28.9266 1704
0.000134443 258577 34.7639 2016
0.000133443 320711 42.7966 2432
0.000113498 465446 52.8272 2952
0.000135849 476557 64.7398 3576
0.000133665 603796 80.7064 4408
0.000133072 755511 100.537 5448
0.000116516 1.08784e+06 126.75 6800
0.000139942 1.13289e+06 158.538 8464
0.000129294 1.53125e+06 197.981 10544
0.000140294 1.7657e+06 247.717 13144
0.00014235 2.18415e+06 310.914 16472
0.000118906 3.27948e+06 389.95 20632
0.000117998 4.1506e+06 489.763 25936
0.000127479 4.81366e+06 613.64 32592
0.000134516 5.70829e+06 767.856 40912
0.000138646 6.92752e+06 960.473 51416
