# filename: ./acpphint-RPi4B-8192MiB-threads_4-LP64-ubuntu_20_04_1_64bit-g++_9_O3-libstdc++-cpulockdown-DSIZE_f-ISIZE_us-using_1_threads.txt
# acpphint_main version: 0.1.23

8.705e-08 1.15777e+07 1.00784 168
1.36769e-07 1.46876e+07 2.00881 216
1.741e-07 1.73216e+07 3.01569 264
2.24562e-07 1.78669e+07 4.01224 312
2.70083e-07 1.85781e+07 5.01763 360
3.149e-07 1.91299e+07 6.02401 408
3.556e-07 1.97733e+07 7.03137 456
4.5375e-07 1.98886e+07 9.02447 552
5.525e-07 1.99095e+07 11 648
6.76e-07 2.071e+07 14 792
8.1025e-07 2.09324e+07 16.9605 936
1.0095e-06 2.08024e+07 21 1128
1.232e-06 2.10319e+07 25.9113 1368
1.5005e-06 2.11979e+07 31.8075 1656
1.8615e-06 2.13239e+07 39.6944 2040
2.315e-06 2.13778e+07 49.4897 2520
2.908e-06 2.13258e+07 62.0154 3144
3.63e-06 2.12379e+07 77.0937 3912
4.519e-06 2.12523e+07 96.0393 4872
5.649e-06 2.12955e+07 120.298 6072
7.056e-06 2.11894e+07 149.512 7608
8.797e-06 2.13149e+07 187.507 9528
1.1112e-05 2.09551e+07 232.853 11976
