# filename: ./acpphint-RPi4B-4096MiB-threads_4-LP64-ubuntu_20_10_64bit-g++_10_O3-libstdc++-cpulockdown-DSIZE_d-ISIZE_ull-using_3_threads-cpus_0_1_2.txt
# acpphint_main version: 0.1.23

0.000166201 66184.9 11 1464
0.000163071 85852.2 14 1776
0.000166423 102149 17 2088
0.000165034 121187 20 2400
0.000164738 139616 23 2712
0.000164386 176414 29 3336
0.000164812 212363 35 3960
0.000161774 271161 43.8667 4896
0.000163737 320979 52.5562 5832
0.000161071 401293 64.6367 7080
0.000161923 492600 79.7633 8640
0.000161553 604335 97.6321 10512
0.000166256 731979 121.696 13008
0.000165626 914293 151.431 16128
0.000166089 1.14999e+06 191 20184
0.000166052 1.43931e+06 239 25176
0.00016896 1.76433e+06 298.101 31416
0.000167848 2.22422e+06 373.332 39216
0.000169571 2.76413e+06 468.716 49200
0.000169701 3.46932e+06 588.747 61680
0.000173516 4.2726e+06 741.364 77592
0.000177552 5.24753e+06 931.71 97560
0.000180997 6.48036e+06 1172.93 122520
0.000187793 7.85104e+06 1474.37 154032
0.000193144 9.58406e+06 1851.1 193656
0.000205015 1.13932e+07 2335.78 243576
0.000223755 1.31137e+07 2934.27 306288
0.000252439 1.46043e+07 3686.69 385536
0.000283902 1.64002e+07 4656.04 485064
0.000348455 1.67914e+07 5851.05 610488
0.000539359 1.36237e+07 7348.08 768360
0.000734391 1.26477e+07 9288.37 967104
0.00103838 1.12379e+07 11669.3 1217328
0.00151387 9.68014e+06 14654.5 1532448
0.00200849 9.22772e+06 18533.8 1929000
0.00268972 8.65451e+06 23278.2 2428200
0.00341803 8.55017e+06 29224.8 3056568
0.00470093 7.86665e+06 36980.6 3847800
0.00598903 7.75373e+06 46437.3 4844016
0.00737569 7.90336e+06 58292.7 6097944
0.0096134 7.67636e+06 73795.8 7676664
0.012236 7.57107e+06 92639.8 9664104
0.0153185 7.59023e+06 116271 12166032
0.019401 7.58797e+06 147214 15315984
0.024496 7.5444e+06 184808 19281504
0.0319506 7.25833e+06 231908 24273816
0.0399837 7.34258e+06 293584 30558744
0.0509622 7.23369e+06 368645 38471064
0.0638264 7.24611e+06 462494 48431976
0.0805048 7.27141e+06 585384 60971880
0.0995752 7.38319e+06 735183 76758768
0.128202 7.19248e+06 922087 96633480
0.160425 7.27316e+06 1.1668e+06 121654008
0.202312 7.2438e+06 1.46551e+06 153153216
0.253992 7.23384e+06 1.83734e+06 192808416
0.319795 7.2671e+06 2.32398e+06 242731224
0.399064 7.31365e+06 2.91862e+06 305580192
0.504697 7.24556e+06 3.65681e+06 384702456
0.642858 7.18981e+06 4.62203e+06 484311576
0.799063 7.26084e+06 5.80187e+06 609711864
1.01348 7.16477e+06 7.26139e+06 767581680
