# filename: ./acpphint-RPi4B-4096MiB-threads_4-LP64-ubuntu_20_10_64bit-g++_10_O3lto-libstdc++-DSIZE_d-ISIZE_ull-using_2_threads-cpus_0_3.txt
# acpphint_main version: 0.1.23

0.000112702 62110.7 7 976
0.000112036 80331.3 9 1184
0.00011159 98575.1 11 1392
0.000109295 118944 13 1600
0.000111925 134018 15 1808
0.000110554 171862 19 2224
0.000110184 208742 23 2640
0.000109943 263167 28.9334 3264
0.000110962 313427 34.7785 3888
0.000109369 391505 42.8186 4720
0.000114091 463512 52.8825 5760
0.000110868 584604 64.8139 7008
0.000109777 736461 80.8465 8672
0.000112757 893201 100.715 10752
0.000112591 1.12798e+06 127 13456
0.000112072 1.41873e+06 159 16784
0.000114368 1.73604e+06 198.548 20944
0.000116943 2.12641e+06 248.668 26144
0.000118535 2.63525e+06 312.369 32800
0.000118461 3.31222e+06 392.368 41120
0.000122053 4.04896e+06 494.187 51728
0.000134053 4.63534e+06 621.381 65040
0.000137887 5.67098e+06 781.954 81680
0.000145998 6.73431e+06 983.195 102688
0.000148572 8.31322e+06 1235.11 129104
0.000155386 1.00226e+07 1557.38 162384
0.000164589 1.18911e+07 1957.15 204192
0.000177312 1.38765e+07 2460.47 257024
0.000195274 1.58982e+07 3104.5 323376
0.000217311 1.79607e+07 3903.06 406992
0.00025431 1.92867e+07 4904.8 512240
0.000319643 1.93753e+07 6193.17 644736
0.000623932 1.24769e+07 7784.73 811552
0.000836132 1.17001e+07 9782.8 1021632
0.00119777 1.0317e+07 12357.4 1286000
0.00170093 9.13019e+06 15529.8 1618800
0.00229894 8.48701e+06 19511.1 2037712
0.00298472 8.26075e+06 24656 2565200
0.00361595 8.56796e+06 30981.3 3229344
0.00513703 7.57647e+06 38920.5 4065296
0.00658979 7.46616e+06 49200.5 5117776
0.00837637 7.37889e+06 61808.3 6442736
0.0106792 7.27001e+06 77637.9 8110688
0.0135522 7.24276e+06 98155.5 10210656
0.0171562 7.18749e+06 123310 12854336
0.0218102 7.1009e+06 154872 16182544
0.027397 7.14609e+06 195782 20372496
0.0342694 7.17847e+06 246001 25647376
0.0435989 7.08549e+06 308919 32287984
0.0548733 7.11593e+06 390474 40647920
0.0691322 7.09813e+06 490710 51172512
0.0884829 6.96294e+06 616102 64422320
0.109479 7.11216e+06 778634 81102672
0.137986 7.09211e+06 978613 102102144
0.173905 7.06349e+06 1.22838e+06 128538944
0.218813 7.09312e+06 1.55207e+06 161820816
0.276061 7.06622e+06 1.95071e+06 203720128
0.34852 7.02304e+06 2.44767e+06 256468304
0.439902 7.02754e+06 3.09143e+06 322874384
0.555875 6.98839e+06 3.88467e+06 406474576
0.689054 7.06962e+06 4.87135e+06 511721120
0.865354 7.10481e+06 6.14818e+06 644218576
1.08243 7.13323e+06 7.72125e+06 811022928
