# filename: ./acpphint-RPi4B-4096MiB-threads_4-LP64-ubuntu_20_10_64bit-g++_10_O3lto-libstdc++-DSIZE_f-ISIZE_us-using_2_threads-cpus_0_3.txt
# acpphint_main version: 0.1.23

0.000131034 53660.7 7.03137 528
0.000132294 68215.3 9.02447 624
0.000131811 83452.8 11 720
0.000108516 119798 13 816
0.000107128 140019 15 912
0.000111053 170651 18.9513 1104
0.000127219 180791 23 1296
0.000130183 221415 28.8244 1584
0.000130034 265666 34.5456 1872
0.000132571 320355 42.4698 2256
0.000130312 401446 52.3132 2736
