# filename: ./acpphint-RPi4B-4096MiB-threads_4-LP64-ubuntu_20_10_64bit-g++_10_O3-libstdc++-DSIZE_ui-ISIZE_ui-using_2_threads-cpus_1_3.txt
# acpphint_main version: 0.1.23

0.000114534 61110.8 6.99927 560
0.000127071 70816.5 8.99872 664
0.000128404 85652.5 10.9981 768
0.000127608 101854 12.9974 872
0.000132904 112838 14.9966 976
0.000129867 146260 18.9944 1184
0.000112571 204243 22.9919 1392
0.000112238 257674 28.9208 1704
0.000132459 262419 34.7598 2016
0.000130201 328650 42.7906 2432
0.000111387 474377 52.8394 2952
0.000119274 542861 64.7492 3576
0.000133293 605778 80.746 4408
0.000132774 757373 100.559 5448
0.000130923 968160 126.754 6800
0.000129941 1.22066e+06 158.614 8464
0.000112534 1.759e+06 197.947 10544
0.000112979 2.19273e+06 247.732 13144
0.000118164 2.63098e+06 310.888 16472
0.000140478 2.77646e+06 390.032 20632
0.000121608 4.03342e+06 490.496 25936
0.0001167 5.27458e+06 615.543 32592
0.000134996 5.72411e+06 772.732 40912
0.000131385 7.37286e+06 968.683 51416
0.000140033 8.65694e+06 1212.26 64624
0.000144441 1.05318e+07 1521.23 81264
0.0001507 1.26108e+07 1900.45 102168
0.000160014 1.48203e+07 2371.45 128584
0.000167459 1.77006e+07 2964.12 161760
0.000182495 2.01856e+07 3683.77 203568
0.000199902 2.28277e+07 4563.3 256192
0.000224494 2.52055e+07 5658.49 322440
0.000256974 2.70787e+07 6958.52 405848
0.000310695 2.73974e+07 8512.25 510888
0.000392877 2.64641e+07 10397.1 643072
0.000731479 1.71641e+07 12555.2 809472
