# filename: ./acpphint-RPi4B-4096MiB-threads_4-LP64-ubuntu_20_10_64bit-g++_10_O3lto-libstdc++-DSIZE_ull-ISIZE_ull-using_4_threads.txt
# acpphint_main version: 0.1.23

0.000232588 64491.7 15 1952
0.000234588 80993.1 19 2368
0.000225163 102148 23 2784
0.000230052 117365 27 3200
0.000228756 135516 31 3616
0.000233088 167319 39 4448
0.000232384 202251 47 5280
0.000233181 252165 58.8001 6528
0.000230977 304506 70.3339 7776
0.00023507 367783 86.4548 9440
0.000233756 456218 106.644 11520
0.000229848 567555 130.451 14016
0.00022894 709995 162.546 17344
0.0002312 874339 202.147 21504
0.000234292 1.08839e+06 255 26912
0.000232514 1.37196e+06 319 33568
0.000237033 1.67763e+06 397.655 41888
0.000235199 2.11733e+06 497.994 52288
0.000236625 2.64155e+06 625.057 65600
0.000240829 3.2601e+06 785.128 82240
0.000244774 4.03858e+06 988.539 103456
0.000247829 5.01162e+06 1242.03 130080
0.000248811 6.28551e+06 1563.9 163360
0.000254921 7.71041e+06 1965.55 205376
0.000266458 9.25877e+06 2467.07 258208
0.000278606 1.11778e+07 3114.2 324768
0.000298031 1.31241e+07 3911.39 408384
0.000336234 1.46115e+07 4912.88 514048
0.000434547 1.42853e+07 6207.63 646752
0.000641395 1.21596e+07 7799.08 813984
0.00085228 1.14884e+07 9791.33 1024480
0.00111863 1.10705e+07 12383.7 1289472
0.00154701 1.00543e+07 15554.1 1623104
0.00219048 8.91421e+06 19526.4 2043264
0.00264098 9.35668e+06 24710.8 2572000
0.00380796 8.14806e+06 31027.5 3237600
0.00498612 7.80958e+06 38939.5 4075424
0.00588759 8.37484e+06 49307.6 5130400
0.00808321 7.65749e+06 61897.1 6458688
0.00950124 8.1747e+06 77669.8 8130592
0.0132534 7.42453e+06 98400.6 10235552
0.0158732 7.77952e+06 123486 12885472
0.0212906 7.27667e+06 154925 16221376
0.0267561 7.33701e+06 196309 20421312
0.0335449 7.34432e+06 246365 25708672
0.0418065 7.392e+06 309034 32365088
0.0531048 7.37285e+06 391534 40744992
0.0669704 7.33937e+06 491521 51294752
0.0846271 7.28405e+06 616428 64575968
0.105307 7.41524e+06 780880 81295840
0.131373 7.46412e+06 980581 102345024
0.165779 7.41654e+06 1.22951e+06 128844640
0.208691 7.46212e+06 1.55728e+06 162205344
0.259383 7.54121e+06 1.95606e+06 204204288
0.328031 7.47501e+06 2.45204e+06 257077888
0.414747 7.48676e+06 3.10511e+06 323641632
0.519444 7.51018e+06 3.90112e+06 407440256
0.646507 7.56188e+06 4.88881e+06 512936608
0.823725 7.51369e+06 6.18922e+06 645748768
1.02261 7.60487e+06 7.77683e+06 812949152
