# filename: ./acpphint-RPi4B-4096MiB-threads_4-LP64-ubuntu_20_10_64bit-g++_10_O3-libstdc++-cpulockdown-DSIZE_f-ISIZE_us-using_2_threads-cpus_0_1.txt
# acpphint_main version: 0.1.23

0.000121274 57979.2 7.03137 528
0.000122422 73716.1 9.02447 624
0.000122718 89636.4 11 720
0.000124903 104081 13 816
0.000123626 121334 15 912
0.000123977 152861 18.9513 1104
0.000119681 192178 23 1296
0.000122421 235453 28.8244 1584
0.000128755 268305 34.5456 1872
0.000129051 329093 42.4698 2256
0.000120348 434683 52.3132 2736
