# filename: ./acpphint-RPi4B-8192MiB-threads_4-LP64-ubuntu_20_04_1_64bit-g++_9_O3-libstdc++-cpulockdown-DSIZE_ull-ISIZE_ull-using_1_threads.txt
# acpphint_main version: 0.1.23

6.88214e-08 1.45304e+07 1 280
1.11167e-07 1.7991e+07 2 384
1.45571e-07 2.06084e+07 3 488
1.80182e-07 2.21998e+07 4 592
2.18222e-07 2.29124e+07 5 696
2.385e-07 2.51572e+07 6 800
2.88429e-07 2.42694e+07 7 904
3.538e-07 2.54381e+07 9 1112
4.2375e-07 2.59587e+07 11 1320
5.43333e-07 2.57669e+07 14 1632
6.54667e-07 2.59674e+07 17 1944
7.8725e-07 2.66751e+07 21 2360
1.0465e-06 2.48447e+07 26 2880
1.1665e-06 2.74325e+07 32 3504
1.463e-06 2.73411e+07 40 4336
1.806e-06 2.76855e+07 50 5376
2.148e-06 2.93296e+07 63 6728
2.685e-06 2.94227e+07 79 8392
3.352e-06 2.95346e+07 99 10472
4.908e-06 2.52649e+07 124 13072
6.186e-06 2.52182e+07 156 16400
7.186e-06 2.72753e+07 196 20560
9.778e-06 2.52608e+07 247 25864
1.1056e-05 2.81295e+07 311 32520
1.413e-05 2.76716e+07 391 40840
1.9093e-05 2.57686e+07 492 51344
2.5555e-05 2.42223e+07 619 64552
3.2889e-05 2.36857e+07 779 81192
4.0796e-05 2.4022e+07 980 102096
4.7166e-05 2.61629e+07 1234 128512
5.887e-05 2.63802e+07 1553 161688
8.1499e-05 2.3988e+07 1955 203496
9.361e-05 2.62899e+07 2461 256120
0.000121629 2.54709e+07 3098 322368
0.00016472 2.36765e+07 3900 405776
0.000207849 2.36229e+07 4909.99 510816
0.000261126 2.36705e+07 6180.99 643000
0.000334922 2.32322e+07 7780.99 809400
0.000451994 2.16706e+07 9794.98 1018856
0.00092032 1.33986e+07 12331 1282600
0.00155657 9.97318e+06 15523.9 1614672
0.00229317 8.52223e+06 19542.9 2032648
0.00327573 7.51065e+06 24602.9 2558888
0.00418638 7.39846e+06 30972.8 3221368
0.00564249 6.91036e+06 38991.6 4055344
0.00729865 6.72555e+06 49087.4 5105328
0.00913449 6.76525e+06 61797.1 6427168
0.0121196 6.41916e+06 77797.6 8091272
0.0142904 6.8536e+06 97940.8 10186248
0.0180867 6.81713e+06 123299 12823688
0.0229392 6.76672e+06 155223 16143992
0.0289646 6.74659e+06 195412 20323960
0.0370251 6.6443e+06 246006 25586256
0.0463774 6.6778e+06 309699 32211160
0.0579088 6.73265e+06 389880 40551336
0.0733567 6.69084e+06 490818 51051072
0.0921628 6.70428e+06 617885 64269472
0.118213 6.57999e+06 777842 80910408
0.148572 6.59073e+06 979199 101860064
0.189848 6.49292e+06 1.23267e+06 128234152
0.234811 6.60837e+06 1.55172e+06 161437192
0.298709 6.53919e+06 1.95331e+06 203237288
0.371274 6.62257e+06 2.45879e+06 255860560
0.465843 6.6438e+06 3.09497e+06 322109288
0.588278 6.62206e+06 3.89561e+06 405511464
0.73731 6.65003e+06 4.90313e+06 510508616
0.92729 6.65472e+06 6.17085e+06 642692200
1.16975 6.6388e+06 7.76575e+06 809101456
