# filename: ./acpphint-RPi4B-8192MiB-threads_4-LP64-ubuntu_20_04_1_64bit-g++_9_O3-libstdc++-DSIZE_d-ISIZE_ull-using_2_threads-cpus_1_3.txt
# acpphint_main version: 0.1.23

8.9499e-05 78213.2 7 976
8.6592e-05 103936 9 1184
8.6943e-05 126520 11 1392
8.9055e-05 145977 13 1600
8.6222e-05 173970 15 1808
8.6629e-05 219326 19 2224
8.7518e-05 262803 23 2640
8.7925e-05 329069 28.9334 3264
8.6944e-05 400010 34.7785 3888
8.6259e-05 496395 42.8186 4720
8.7222e-05 606298 52.8825 5760
8.7388e-05 741680 64.8139 7008
8.7722e-05 921621 80.8465 8672
8.7944e-05 1.14521e+06 100.715 10752
8.9592e-05 1.41754e+06 127 13456
8.8851e-05 1.78951e+06 159 16784
9.1184e-05 2.17744e+06 198.548 20944
9.3222e-05 2.66749e+06 248.668 26144
9.9444e-05 3.14116e+06 312.369 32800
0.000102277 3.83633e+06 392.368 41120
0.000104758 4.71742e+06 494.187 51728
0.000108147 5.74571e+06 621.381 65040
0.00011424 6.84484e+06 781.954 81680
0.000117387 8.37568e+06 983.195 102688
0.000122832 1.00553e+07 1235.11 129104
0.000130554 1.1929e+07 1557.38 162384
0.000138684 1.41123e+07 1957.15 204192
0.000151017 1.62927e+07 2460.47 257024
0.000169202 1.83479e+07 3104.5 323376
0.00019135 2.03975e+07 3903.06 406992
0.000224554 2.18424e+07 4904.8 512240
0.000294034 2.10628e+07 6193.17 644736
0.000605252 1.2862e+07 7784.73 811552
0.00085186 1.14841e+07 9782.8 1021632
0.00120513 1.0254e+07 12357.4 1286000
0.00168296 9.22768e+06 15529.8 1618800
0.00232614 8.38777e+06 19511.1 2037712
0.00316283 7.79556e+06 24656 2565200
0.00414856 7.46797e+06 30981.3 3229344
0.00530406 7.33788e+06 38920.5 4065296
0.00700767 7.02095e+06 49200.5 5117776
0.00875681 7.05832e+06 61808.3 6442736
0.0112949 6.8737e+06 77637.9 8110688
0.0143822 6.8248e+06 98155.5 10210656
0.0178591 6.90463e+06 123310 12854336
0.023022 6.72715e+06 154872 16182544
0.028742 6.81169e+06 195782 20372496
0.0363272 6.77182e+06 246001 25647376
0.0459359 6.72501e+06 308919 32287984
0.0579558 6.73744e+06 390474 40647920
0.0729955 6.72247e+06 490710 51172512
0.0917899 6.71208e+06 616102 64422320
0.115946 6.7155e+06 778634 81102672
0.145734 6.71507e+06 978613 102102144
0.181291 6.77574e+06 1.22838e+06 128538944
0.228347 6.79698e+06 1.55207e+06 161820816
0.291039 6.70255e+06 1.95071e+06 203720128
0.367891 6.65325e+06 2.44767e+06 256468304
0.46497 6.64867e+06 3.09143e+06 322874384
0.582034 6.6743e+06 3.88467e+06 406474576
0.72353 6.73275e+06 4.87135e+06 511721120
0.922362 6.66569e+06 6.14818e+06 644218576
1.17979 6.5446e+06 7.72125e+06 811022928
