# filename: ./acpphint-RPi4B-8192MiB-threads_4-LP64-ubuntu_20_04_1_64bit-g++_9_O3-libstdc++-cpulockdown-DSIZE_ull-ISIZE_ull-using_2_threads-cpus_0_2.txt
# acpphint_main version: 0.1.23

9.1759e-05 76286.8 7 976
9.0185e-05 99794.9 9 1184
0.000120869 91007.6 11 1392
8.7481e-05 148604 13 1600
0.000129203 116096 15 1808
0.000109704 173193 19 2224
9.5445e-05 240976 23 2640
0.000117499 246244 28.9334 3264
9.9796e-05 348496 34.7785 3888
9.5463e-05 448536 42.8186 4720
9.9815e-05 529805 52.8825 5760
0.000104092 622660 64.8139 7008
9.8851e-05 817862 80.8465 8672
0.000113425 887941 100.715 10752
9.687e-05 1.31104e+06 127 13456
0.000107407 1.48035e+06 159 16784
0.000105425 1.88331e+06 198.548 20944
0.000108629 2.28915e+06 248.668 26144
0.000105888 2.95e+06 312.369 32800
0.000115777 3.389e+06 392.369 41120
0.000110907 4.45587e+06 494.187 51728
0.000125055 4.96887e+06 621.382 65040
0.000118666 6.58954e+06 781.955 81680
0.000146981 6.68927e+06 983.196 102688
0.000135258 9.13153e+06 1235.11 129104
0.000141795 1.09833e+07 1557.38 162384
0.000148407 1.31877e+07 1957.15 204192
0.000166129 1.48106e+07 2460.47 257024
0.000177147 1.7525e+07 3104.51 323376
0.000211369 1.84657e+07 3903.07 406992
0.000237257 2.0673e+07 4904.82 512240
0.000324793 1.90681e+07 6193.19 644736
0.000475699 1.63649e+07 7784.78 811552
0.000795325 1.23005e+07 9782.87 1021632
0.00123762 9.98494e+06 12357.5 1286000
0.001684 9.22207e+06 15530 1618800
0.00239372 8.15108e+06 19511.4 2037712
0.00319834 7.70915e+06 24656.5 2565200
0.00408001 7.5936e+06 30982 3229344
0.00531733 7.31978e+06 38921.7 4065296
0.00688804 7.14315e+06 49202.3 5117776
0.00854864 7.23054e+06 61811.3 6442736
0.0112985 6.87196e+06 77642.6 8110688
0.0144737 6.78218e+06 98162.9 10210656
0.0180123 6.84654e+06 123322 12854336
0.0230886 6.70854e+06 154891 16182544
0.0288272 6.79258e+06 195811 20372496
0.0364418 6.7518e+06 246048 25647376
0.0455738 6.78004e+06 308992 32287984
0.0580993 6.72282e+06 390591 40647920
0.0731129 6.71419e+06 490894 51172512
0.0925911 6.65714e+06 616392 64422320
0.114182 6.82329e+06 779097 81102672
0.143281 6.83514e+06 979346 102102144
0.181225 6.78457e+06 1.22953e+06 128538944
0.228149 6.81095e+06 1.55391e+06 161820816
0.286888 6.80966e+06 1.95361e+06 203720128
0.363763 6.74133e+06 2.45225e+06 256468304
0.461734 6.7111e+06 3.09874e+06 322874384
0.575111 6.77476e+06 3.89624e+06 406474576
0.722042 6.77183e+06 4.88954e+06 511721120
0.909913 6.78879e+06 6.17721e+06 644218576
1.15907 6.70116e+06 7.76712e+06 811022928
