# filename: ./acpphint-RPi4B-4096MiB-threads_4-LP64-ubuntu_20_10_64bit-g++_10_O3-libstdc++-DSIZE_d-ISIZE_ul-using_2_threads-cpus_1_3.txt
# acpphint_main version: 0.1.23

0.000111516 62771.3 7 976
0.000110146 81709.7 9 1184
0.000111942 98265.2 11 1392
0.000108812 119472 13 1600
0.000110349 135932 15 1808
0.000109497 173521 19 2224
0.000110794 207592 23 2640
0.000109368 264551 28.9334 3264
0.000109071 318861 34.7785 3888
0.00010996 389401 42.8186 4720
0.000110442 478826 52.8825 5760
0.000111849 579477 64.8139 7008
0.000110553 731291 80.8465 8672
0.000111646 902090 100.715 10752
0.000111293 1.14113e+06 127 13456
0.000113108 1.40574e+06 159 16784
0.000114849 1.72877e+06 198.548 20944
0.000115812 2.14717e+06 248.668 26144
0.000116812 2.67412e+06 312.369 32800
0.000120034 3.26881e+06 392.368 41120
0.000119052 4.15102e+06 494.187 51728
0.00012572 4.94258e+06 621.381 65040
0.00013757 5.68405e+06 781.954 81680
0.000142311 6.90878e+06 983.195 102688
0.000152459 8.10127e+06 1235.11 129104
0.000156699 9.93866e+06 1557.38 162384
0.000165588 1.18194e+07 1957.15 204192
0.000178144 1.38117e+07 2460.47 257024
0.000196087 1.58323e+07 3104.5 323376
0.000223124 1.74928e+07 3903.06 406992
0.000262993 1.86499e+07 4904.8 512240
0.00035649 1.73726e+07 6193.17 644736
0.000582335 1.33681e+07 7784.73 811552
0.000824531 1.18647e+07 9782.8 1021632
0.00117837 1.04869e+07 12357.4 1286000
0.00167562 9.2681e+06 15529.8 1618800
0.00234234 8.32974e+06 19511.1 2037712
0.00301747 8.1711e+06 24656 2565200
0.00397516 7.79372e+06 30981.3 3229344
0.00507692 7.66617e+06 38920.5 4065296
0.00680493 7.23012e+06 49200.5 5117776
0.00854569 7.23269e+06 61808.3 6442736
0.010837 7.16415e+06 77637.9 8110688
0.0139326 7.04501e+06 98155.5 10210656
0.0172746 7.13826e+06 123310 12854336
0.0223002 6.9449e+06 154872 16182544
0.0273651 7.15442e+06 195782 20372496
0.0346403 7.1016e+06 246001 25647376
0.0441647 6.99471e+06 308919 32287984
0.0558187 6.9954e+06 390474 40647920
0.0699441 7.01574e+06 490710 51172512
0.0874026 7.04901e+06 616102 64422320
0.111282 6.99695e+06 778634 81102672
0.13906 7.03735e+06 978613 102102144
0.174167 7.05286e+06 1.22838e+06 128538944
0.220032 7.05385e+06 1.55207e+06 161820816
0.275643 7.07692e+06 1.95071e+06 203720128
0.349608 7.00117e+06 2.44767e+06 256468304
0.445546 6.93852e+06 3.09143e+06 322874384
0.54761 7.09387e+06 3.88467e+06 406474576
0.70115 6.94766e+06 4.87135e+06 511721120
0.863958 7.11629e+06 6.14818e+06 644218576
1.09418 7.05664e+06 7.72125e+06 811022928
