# filename: ./acpphint-RPi4B-8192MiB-threads_4-LP64-ubuntu_20_04_1_64bit-g++_9_O3-libstdc++-DSIZE_d-ISIZE_ui-using_3_threads-cpus_0_1_2.txt
# acpphint_main version: 0.1.23

0.000144407 76175.3 11.0002 1368
0.000144778 96701.1 14.0002 1656
0.000144222 117876 17.0003 1944
0.000146815 136226 20.0001 2232
0.000147518 155914 23.0001 2520
0.000146389 198101 28.9998 3096
0.000146352 239145 34.9993 3672
0.00014413 304343 43.865 4536
0.000145871 360271 52.5531 5400
0.000147315 438734 64.6321 6552
0.000147537 540593 79.7574 7992
0.000149277 653967 97.6223 9720
0.000149018 816551 121.681 12024
0.000148499 1.01956e+06 151.404 14904
0.000145259 1.31462e+06 190.96 18648
0.000147667 1.61806e+06 238.934 23256
0.000146648 2.03204e+06 297.995 29016
0.00014963 2.49389e+06 373.161 36216
0.000148315 3.15842e+06 468.442 45432
0.000151389 3.88627e+06 588.339 56952
0.000152759 4.84946e+06 740.799 71640
0.000157407 5.91327e+06 930.79 90072
0.000159296 7.35378e+06 1171.43 113112
0.000165852 8.8749e+06 1471.92 142200
0.000172592 1.07026e+07 1847.19 178776
0.000206148 1.13e+07 2329.47 224856
0.000186314 1.56933e+07 2923.89 282744
0.000268295 1.36793e+07 3670.08 355896
0.000263758 1.7554e+07 4630 447768
0.000333832 1.7408e+07 5811.33 563544
0.000454813 1.60177e+07 7285.07 709272
0.000658942 1.39425e+07 9187.28 892728
0.00103448 1.11214e+07 11504.8 1123704
