# filename: ./acpphint-RPi4B-8192MiB-threads_4-LP64-ubuntu_20_04_1_64bit-g++_9_O3-libstdc++-cpulockdown-DSIZE_ull-ISIZE_ull-using_4_threads-cpus_0_1_2_3.txt
# acpphint_main version: 0.1.23

0.000168425 89060.4 15 1952
0.000166999 113773 19 2368
0.00016048 143320 23 2784
0.000166628 162038 27 3200
0.000162091 191251 31 3616
0.000162165 240496 39 4448
0.00016172 290626 47 5280
0.00016111 364968 58.8001 6528
0.000164998 426271 70.3339 7776
0.000163091 530102 86.4548 9440
0.000160165 665836 106.644 11520
0.000165628 787617 130.451 14016
0.000160221 1.01451e+06 162.546 17344
0.000163091 1.23948e+06 202.147 21504
0.000161424 1.57969e+06 255 26912
0.000163943 1.9458e+06 319 33568
0.00017135 2.32072e+06 397.655 41888
0.000168332 2.9584e+06 497.994 52288
0.000168758 3.70387e+06 625.057 65600
0.000177628 4.42007e+06 785.128 82240
0.000179443 5.50893e+06 988.539 103456
0.000179702 6.91159e+06 1242.03 130080
0.000182646 8.56249e+06 1563.9 163360
0.000191406 1.0269e+07 1965.55 205376
0.000203387 1.213e+07 2467.07 258208
0.000214442 1.45224e+07 3114.2 324768
0.000235868 1.6583e+07 3911.39 408384
0.000291109 1.68764e+07 4912.88 514048
0.000346571 1.79116e+07 6207.63 646752
0.000523902 1.48865e+07 7799.08 813984
0.000899157 1.08895e+07 9791.33 1024480
0.00119123 1.03958e+07 12383.7 1289472
0.00161685 9.61998e+06 15554.1 1623104
0.0022247 8.77709e+06 19526.4 2043264
0.00294278 8.3971e+06 24710.8 2572000
0.00380857 8.14676e+06 31027.5 3237600
0.00484106 8.0436e+06 38939.5 4075424
0.00623691 7.90578e+06 49307.6 5130400
0.00798557 7.75111e+06 61897.1 6458688
0.0102742 7.55971e+06 77669.8 8130592
0.0130442 7.54364e+06 98400.6 10235552
0.0166018 7.43807e+06 123486 12885472
0.0212363 7.29527e+06 154925 16221376
0.0268598 7.30866e+06 196309 20421312
0.0334106 7.37385e+06 246365 25708672
0.0427716 7.2252e+06 309034 32365088
0.0537194 7.2885e+06 391534 40744992
0.0678811 7.24091e+06 491521 51294752
0.0853095 7.22578e+06 616428 64575968
0.108606 7.19e+06 780880 81295840
0.137463 7.1334e+06 980581 102345024
0.173098 7.10299e+06 1.22951e+06 128844640
0.218013 7.14306e+06 1.55728e+06 162205344
0.274784 7.11854e+06 1.95606e+06 204204288
0.34445 7.11869e+06 2.45204e+06 257077888
0.436344 7.1162e+06 3.10511e+06 323641632
0.547034 7.1314e+06 3.90112e+06 407440256
0.693565 7.04881e+06 4.88881e+06 512936608
0.873776 7.0833e+06 6.18922e+06 645748768
1.09578 7.09706e+06 7.77683e+06 812949152
