# filename: ./acpphint-RPi4B-4096MiB-threads_4-LP64-ubuntu_20_10_64bit-g++_10_O3lto-libstdc++-cpulockdown-DSIZE_f-ISIZE_ui-using_2_threads-cpus_0_1.txt
# acpphint_main version: 0.1.23

0.000120943 57894.7 7.00195 560
0.000118627 75880.9 9.00153 664
0.00011985 91781.4 11 768
0.000117702 110448 13 872
0.000117017 128187 15 976
0.000116406 163196 18.997 1184
0.000122035 188471 23 1392
0.000119128 242819 28.9266 1704
0.00011935 291277 34.7639 2016
0.000118739 360426 42.7966 2432
0.000118721 444969 52.8272 2952
0.000115702 559539 64.7398 3576
0.000118942 678535 80.7064 4408
0.000123628 813225 100.537 5448
0.000116942 1.08387e+06 126.75 6800
0.00011835 1.33957e+06 158.538 8464
0.000121201 1.6335e+06 197.981 10544
0.000130332 1.90066e+06 247.717 13144
0.000126757 2.45283e+06 310.914 16472
0.000132368 2.94595e+06 389.95 20632
0.000132924 3.68453e+06 489.763 25936
0.000138072 4.44435e+06 613.64 32592
0.000136294 5.63382e+06 767.856 40912
0.000144627 6.64103e+06 960.473 51416
