# filename: ./acpphint-RPi4B-4096MiB-threads_4-LP64-ubuntu_20_10_64bit-g++_10_O3-libstdc++-DSIZE_ld-ISIZE_ul-using_4_threads.txt
# acpphint_main version: 0.1.23

0.000240754 62304.3 15 3360
0.000244328 77764.3 19 4128
0.000244328 94135.8 23 4896
0.000243346 110953 27 5664
0.000240105 129110 31 6432
0.000247809 157379 39 7968
0.000249532 188353 47 9504
0.000247902 237191 58.8001 11808
0.000260382 270118 70.3339 14112
0.000258716 334169 86.4548 17184
0.000271012 393502 106.644 21024
0.000275012 474348 130.451 25632
0.000287197 565974 162.546 31776
0.000278531 725762 202.147 39456
0.000291401 875083 255 49440
0.00032827 971761 319 61728
0.000355418 1.11884e+06 397.655 77088
0.000392694 1.26815e+06 497.994 96288
0.000440601 1.41865e+06 625.057 120864
0.00050008 1.57e+06 785.128 151584
0.000582467 1.69716e+06 988.539 190752
0.000683576 1.81695e+06 1242.03 239904
0.00080424 1.94457e+06 1563.9 301344
0.000971587 2.02303e+06 1965.55 378912
0.00117145 2.106e+06 2467.08 476448
0.00142874 2.17968e+06 3114.21 599328
0.00174951 2.2357e+06 3911.39 753696
0.00221482 2.21819e+06 4912.88 948768
0.00272271 2.27995e+06 6207.64 1193760
0.00332614 2.34479e+06 7799.09 1502496
0.0040819 2.39873e+06 9791.35 1891104
0.00505519 2.44972e+06 12383.8 2380320
0.00624353 2.49124e+06 15554.1 2996256
0.00786578 2.48245e+06 19526.4 3771936
0.009669 2.55569e+06 24711 4748064
0.012099 2.56449e+06 31027.7 5976864
0.0150708 2.58379e+06 38939.8 7523616
0.018812 2.62109e+06 49308.1 9471264
0.0237407 2.60725e+06 61897.9 11923488
0.0294675 2.63582e+06 77671 15010080
0.0368564 2.66989e+06 98402.6 18896160
0.0462429 2.67044e+06 123489 23788320
0.0583266 2.65624e+06 154930 29946912
0.0733688 2.67576e+06 196318 37700640
0.0924686 2.66444e+06 246377 47461920
0.114606 2.69667e+06 309054 59750688
0.144847 2.70331e+06 391566 75221280
0.180612 2.7217e+06 491572 94697760
0.228105 2.70274e+06 616508 119216928
0.28624 2.72851e+06 781008 150084384
0.359693 2.72673e+06 980783 188944416
0.453765 2.71028e+06 1.22983e+06 237866784
0.57048 2.73066e+06 1.55779e+06 299455776
0.716611 2.73073e+06 1.95687e+06 376992288
0.899872 2.72628e+06 2.4533e+06 474605088
1.13243 2.74378e+06 3.10713e+06 597492000
