# filename: ./acpphint-RPi4B-4096MiB-threads_4-LP64-ubuntu_20_10_64bit-g++_10_O3lto-libstdc++-cpulockdown-DSIZE_d-ISIZE_ul-using_2_threads-cpus_1_2.txt
# acpphint_main version: 0.1.23

0.000118128 59257.8 7 976
0.000117202 76790.5 9 1184
0.000118961 92467.3 11 1392
0.00011722 110903 13 1600
0.000119739 125272 15 1808
0.000118554 160265 19 2224
0.000115369 199360 23 2640
0.000118831 243484 28.9334 3264
0.000118924 292443 34.7785 3888
0.000118628 360948 42.8186 4720
0.000116183 455166 52.8825 5760
0.000118905 545090 64.8139 7008
0.00011959 676030 80.8465 8672
0.000119276 844384 100.715 10752
0.000119554 1.06228e+06 127 13456
0.000118813 1.33824e+06 159 16784
0.000123405 1.60891e+06 198.548 20944
0.00012385 2.00782e+06 248.668 26144
0.000129923 2.40426e+06 312.369 32800
0.000130127 3.01527e+06 392.368 41120
0.000134794 3.66624e+06 494.187 51728
0.000138961 4.47163e+06 621.381 65040
0.000145535 5.37296e+06 781.954 81680
0.000146331 6.71898e+06 983.195 102688
0.000152794 8.08351e+06 1235.11 129104
0.000167052 9.32271e+06 1557.38 162384
0.000174811 1.11958e+07 1957.15 204192
0.000191237 1.28661e+07 2460.47 257024
0.000224089 1.38539e+07 3104.5 323376
0.000262384 1.48754e+07 3903.06 406992
0.000315253 1.55583e+07 4904.8 512240
0.00041327 1.49858e+07 6193.17 644736
0.000599599 1.29832e+07 7784.73 811552
0.000903481 1.08279e+07 9782.8 1021632
0.00125649 9.83486e+06 12357.4 1286000
0.00175159 8.8661e+06 15529.8 1618800
0.00238439 8.18282e+06 19511.1 2037712
0.00313431 7.8665e+06 24656 2565200
0.00410191 7.55288e+06 30981.3 3229344
0.0052938 7.3521e+06 38920.5 4065296
0.00676193 7.27609e+06 49200.5 5117776
0.00857325 7.20944e+06 61808.3 6442736
0.011039 7.03307e+06 77637.9 8110688
0.0139854 7.01841e+06 98155.5 10210656
0.0180262 6.84062e+06 123310 12854336
0.0229388 6.75156e+06 154872 16182544
0.0285658 6.85372e+06 195782 20372496
0.0360081 6.83183e+06 246001 25647376
0.0454112 6.80272e+06 308919 32287984
0.0572723 6.81786e+06 390474 40647920
0.0723587 6.78162e+06 490710 51172512
0.0910077 6.76978e+06 616102 64422320
0.114676 6.78985e+06 778634 81102672
0.144936 6.75202e+06 978613 102102144
0.182012 6.74887e+06 1.22838e+06 128538944
0.228985 6.77804e+06 1.55207e+06 161820816
0.288426 6.76328e+06 1.95071e+06 203720128
0.365342 6.69966e+06 2.44767e+06 256468304
0.462668 6.68175e+06 3.09143e+06 322874384
0.574965 6.75636e+06 3.88467e+06 406474576
0.724284 6.72574e+06 4.87135e+06 511721120
0.912044 6.7411e+06 6.14818e+06 644218576
1.17509 6.57076e+06 7.72125e+06 811022928
