# filename: ./acpphint-RPi4B-4096MiB-threads_4-LP64-ubuntu_20_10_64bit-g++_10_O3-libstdc++-cpulockdown-DSIZE_d-ISIZE_ul-using_2_threads-cpus_1_3.txt
# acpphint_main version: 0.1.23

0.000120295 58190.3 7 976
0.000121092 74323.7 9 1184
0.000121425 90590.9 11 1392
0.000125981 103190 13 1600
0.000121592 123363 15 1808
0.000123722 153570 19 2224
0.000120221 191314 23 2640
0.000123092 235055 28.9334 3264
0.000119184 291805 34.7785 3888
0.000124369 344286 42.8186 4720
0.000123295 428911 52.8825 5760
0.000128055 506141 64.8139 7008
0.000124592 648890 80.8465 8672
0.00012511 805009 100.715 10752
0.000122907 1.0333e+06 127 13456
0.000137184 1.15903e+06 159 16784
0.000124666 1.59264e+06 198.548 20944
0.000131851 1.88598e+06 248.668 26144
0.000128388 2.43301e+06 312.369 32800
0.000139073 2.82131e+06 392.368 41120
0.000137148 3.60331e+06 494.187 51728
0.000142981 4.3459e+06 621.381 65040
0.000145518 5.37359e+06 781.954 81680
0.000153592 6.40135e+06 983.195 102688
0.000158129 7.81079e+06 1235.11 129104
0.000167832 9.27938e+06 1557.38 162384
0.000189906 1.03059e+07 1957.15 204192
0.000189721 1.29689e+07 2460.47 257024
0.000228164 1.36065e+07 3104.5 323376
0.000252442 1.54612e+07 3903.06 406992
0.00033159 1.47918e+07 4904.8 512240
0.000407996 1.51795e+07 6193.17 644736
0.000578179 1.34642e+07 7784.73 811552
0.00084075 1.16358e+07 9782.8 1021632
0.00120875 1.02233e+07 12357.4 1286000
0.00169009 9.18873e+06 15529.8 1618800
0.00228303 8.54614e+06 19511.1 2037712
0.00305124 8.08064e+06 24656 2565200
0.0037922 8.16974e+06 30981.3 3229344
0.00488124 7.97349e+06 38920.5 4065296
0.0063218 7.78267e+06 49200.5 5117776
0.00805276 7.67542e+06 61808.3 6442736
0.0101297 7.6644e+06 77637.9 8110688
0.0129247 7.59438e+06 98155.5 10210656
0.0164203 7.50963e+06 123310 12854336
0.0212149 7.30016e+06 154872 16182544
0.0262324 7.46337e+06 195782 20372496
0.034329 7.16599e+06 246001 25647376
0.0428597 7.20768e+06 308919 32287984
0.054098 7.21791e+06 390474 40647920
0.0677049 7.24777e+06 490710 51172512
0.0852094 7.23044e+06 616102 64422320
0.106867 7.28598e+06 778634 81102672
0.134249 7.28952e+06 978613 102102144
0.170434 7.20736e+06 1.22838e+06 128538944
0.213871 7.25703e+06 1.55207e+06 161820816
0.270865 7.20175e+06 1.95071e+06 203720128
0.340929 7.1794e+06 2.44767e+06 256468304
0.435619 7.09664e+06 3.09143e+06 322874384
0.534581 7.26675e+06 3.88467e+06 406474576
0.681223 7.15089e+06 4.87135e+06 511721120
0.8558 7.18413e+06 6.14818e+06 644218576
1.10204 7.0063e+06 7.72125e+06 811022928
