# filename: ./acpphint-RPi4B-4096MiB-threads_4-LP64-ubuntu_20_10_64bit-g++_10_O3-libstdc++-cpulockdown-DSIZE_f-ISIZE_ui-using_2_threads-cpus_2_3.txt
# acpphint_main version: 0.1.23

0.000121201 57771.4 7.00195 560
0.000124646 72216.7 9.00153 664
0.000119905 91739.3 11 768
0.000119499 108788 13 872
0.000115646 129706 15 976
0.000123276 154101 18.997 1184
0.000123387 186406 23 1392
0.000122553 236033 28.9266 1704
0.000123017 282594 34.7639 2016
0.000122702 348785 42.7966 2432
0.000121776 433806 52.8272 2952
0.000122239 529616 64.7398 3576
0.000123147 655366 80.7064 4408
0.000122054 823712 100.537 5448
0.000125127 1.01297e+06 126.75 6800
0.000124054 1.27798e+06 158.538 8464
0.000126406 1.56623e+06 197.981 10544
0.000124795 1.98499e+06 247.717 13144
0.000130016 2.39135e+06 310.914 16472
0.000134017 2.9097e+06 389.95 20632
0.000136294 3.59343e+06 489.763 25936
0.000138646 4.42595e+06 613.64 32592
0.000143516 5.35032e+06 767.856 40912
0.000147924 6.49301e+06 960.473 51416
