# filename: ./acpphint-RPi4B-4096MiB-threads_4-LP64-ubuntu_20_10_64bit-g++_10_O3lto-libstdc++-cpulockdown-DSIZE_s-ISIZE_s-using_1_threads.txt
# acpphint_main version: 0.1.23

7.34286e-08 1.36187e+07 1 124
1.05316e-07 1.87951e+07 1.97942 150
1.38929e-07 2.12792e+07 2.95628 176
1.70909e-07 2.28687e+07 3.90847 202
2.03722e-07 2.38675e+07 4.86235 228
2.36125e-07 2.46911e+07 5.83019 254
2.68571e-07 2.51081e+07 6.74332 280
3.352e-07 2.55303e+07 8.55776 332
4.075e-07 2.54156e+07 10.3569 384
5.06333e-07 2.56557e+07 12.9903 462
6.05e-07 2.56222e+07 15.5014 540
7.3625e-07 2.54912e+07 18.7679 644
8.9825e-07 2.53133e+07 22.7377 774
1.1025e-06 2.46575e+07 27.1849 930
1.352e-06 2.41675e+07 32.6744 1138
1.676e-06 2.34023e+07 39.2222 1398
2.111e-06 2.21084e+07 46.6708 1736
2.612e-06 2.09902e+07 54.8265 2152
3.297e-06 1.94354e+07 64.0787 2672
4.186e-06 1.76726e+07 73.9773 3322
