# filename: ./acpphint-RPi4B-8192MiB-threads_4-LP64-ubuntu_20_04_1_64bit-g++_9_O3-libstdc++-cpulockdown-DSIZE_ld-ISIZE_ul-using_4_threads-cpus_0_3.txt
# acpphint_main version: 0.1.23

0.000158684 94527.5 15 3360
0.000165517 114792 19 4128
0.000168628 136395 23 4896
0.00017172 157233 27 5664
0.000170739 181564 31 6432
0.000173072 225340 39 7968
0.000173351 271126 47 9504
0.000180424 325899 58.8001 11808
0.000182961 384420 70.3339 14112
0.000191665 451073 86.4548 17184
0.000197943 538760 106.644 21024
0.000206295 632354 130.451 25632
0.000221369 734277 162.546 31776
0.000234387 862451 202.147 39456
0.000254479 1.00205e+06 255 49440
0.000276367 1.15426e+06 319 61728
0.000313571 1.26815e+06 397.655 77088
0.00034946 1.42504e+06 497.994 96288
0.000384033 1.62761e+06 625.057 120864
0.000450513 1.74274e+06 785.128 151584
0.000523068 1.88989e+06 988.539 190752
0.000623233 1.99288e+06 1242.03 239904
0.000746603 2.09469e+06 1563.9 301344
0.00089223 2.20296e+06 1965.55 378912
0.00109032 2.26271e+06 2467.08 476448
0.00135271 2.3022e+06 3114.21 599328
0.00169287 2.31051e+06 3911.39 753696
0.00215303 2.28184e+06 4912.88 948768
0.00268499 2.31198e+06 6207.64 1193760
0.00330105 2.36261e+06 7799.09 1502496
0.00405542 2.41439e+06 9791.35 1891104
0.00501848 2.46764e+06 12383.8 2380320
0.00620472 2.50682e+06 15554.1 2996256
0.0077228 2.52841e+06 19526.4 3771936
0.00964272 2.56265e+06 24711 4748064
0.0120232 2.58065e+06 31027.7 5976864
0.0150001 2.59598e+06 38939.8 7523616
0.0187614 2.62817e+06 49308.1 9471264
0.0235514 2.6282e+06 61897.9 11923488
0.0294151 2.64051e+06 77671 15010080
0.0368377 2.67125e+06 98402.6 18896160
0.0461894 2.67353e+06 123489 23788320
0.0582893 2.65795e+06 154930 29946912
0.0725585 2.70565e+06 196318 37700640
0.0913613 2.69674e+06 246377 47461920
0.114539 2.69825e+06 309054 59750688
0.143935 2.72044e+06 391566 75221280
0.180569 2.72235e+06 491572 94697760
0.22799 2.7041e+06 616508 119216928
0.28579 2.73281e+06 781008 150084384
0.358975 2.73218e+06 980783 188944416
0.451648 2.72298e+06 1.22983e+06 237866784
0.565755 2.75347e+06 1.55779e+06 299455776
0.71553 2.73485e+06 1.95687e+06 376992288
0.899911 2.72616e+06 2.4533e+06 474605088
1.13482 2.738e+06 3.10713e+06 597492000
