# filename: ./acpphint-RPi4B-8192MiB-threads_4-LP64-ubuntu_20_04_1_64bit-g++_9_O3-libstdc++-cpulockdown-DSIZE_ld-ISIZE_ul-using_3_threads-cpus_0_1_2.txt
# acpphint_main version: 0.1.23

0.000130017 84604.3 11 2520
0.000130962 106901 14 3096
0.000130833 129937 17 3672
0.000134591 148598 20 4248
0.000136888 168021 23 4824
0.000137833 210400 29 5976
0.000140295 249474 35 7128
0.00014848 295439 43.8667 8856
0.000158369 331859 52.5562 10584
0.000158481 407851 64.6367 12888
0.000173036 460964 79.7633 15768
0.000177572 549817 97.6321 19224
0.000195369 622903 121.696 23832
0.000203036 745832 151.431 29592
0.000223442 854808 191 37080
0.000245331 974194 239 46296
0.000277294 1.07503e+06 298.101 57816
0.000316293 1.18034e+06 373.332 72216
0.0003612 1.29766e+06 468.716 90648
0.00042057 1.39988e+06 588.747 113688
0.00049755 1.49003e+06 741.364 143064
0.000591938 1.574e+06 931.71 179928
0.000714436 1.64175e+06 1172.93 226008
0.000870694 1.69333e+06 1474.37 284184
0.00107014 1.72979e+06 1851.11 357336
0.00133673 1.7474e+06 2335.79 449496
0.00166885 1.75826e+06 2934.28 565272
0.00208072 1.77184e+06 3686.71 711576
0.00261788 1.77857e+06 4656.07 895320
0.0032882 1.77942e+06 5851.09 1126872
0.00406449 1.80789e+06 7348.14 1418328
0.00504816 1.83997e+06 9288.48 1785240
0.00625063 1.86693e+06 11669.5 2247192
0.00775732 1.88916e+06 14654.8 2828952
0.00970518 1.90973e+06 18534.3 3561048
0.012116 1.92133e+06 23278.9 4482648
0.0150902 1.93675e+06 29225.9 5642712
0.0189516 1.95141e+06 36982.4 7103448
0.0237758 1.95325e+06 46440.1 8942616
0.0297373 1.9604e+06 58297 11257560
0.0371897 1.9845e+06 73802.8 14172120
0.0468412 1.97797e+06 92650.6 17841240
0.0583031 1.99454e+06 116288 22460184
0.0731184 2.01374e+06 147241 28275480
0.0918808 2.01186e+06 184852 35596440
0.115571 2.00723e+06 231977 44813016
0.144998 2.0255e+06 293694 56415960
0.182381 2.02224e+06 368817 71023320
0.22868 2.02364e+06 462765 89412696
0.288077 2.03355e+06 585819 112563288
0.361711 2.03441e+06 735868 141708312
0.45457 2.03085e+06 923163 178400088
0.570701 2.04751e+06 1.16852e+06 224591832
0.719645 2.04021e+06 1.46822e+06 282744216
0.909648 2.02453e+06 1.84161e+06 355953816
1.14403 2.03738e+06 2.33082e+06 448119000
