# filename: ./acpphint-RPi4B-4096MiB-threads_4-LP64-ubuntu_20_10_64bit-g++_10_O3lto-libstdc++-DSIZE_ul-ISIZE_ul-using_2_threads-cpus_0_2.txt
# acpphint_main version: 0.1.23

0.000108535 64495.3 7 976
0.000107295 83880.9 9 1184
0.00010711 102698 11 1392
0.000107832 120558 13 1600
0.000108813 137851 15 1808
0.00010874 174729 19 2224
0.000107906 213148 23 2640
0.000107036 270315 28.9334 3264
0.000108054 321862 34.7785 3888
0.000109498 391044 42.8186 4720
0.000109017 485085 52.8825 5760
0.000109257 593224 64.8139 7008
0.00010761 751291 80.8465 8672
0.000108184 930957 100.715 10752
0.000111295 1.14111e+06 127 13456
0.00011098 1.43269e+06 159 16784
0.000110925 1.78993e+06 198.548 20944
0.000111869 2.22285e+06 248.668 26144
0.000113554 2.75084e+06 312.369 32800
0.000113814 3.44745e+06 392.369 41120
0.000117054 4.22187e+06 494.187 51728
0.000122887 5.05653e+06 621.382 65040
0.000131942 5.9265e+06 781.955 81680
0.000137313 7.16025e+06 983.196 102688
0.000144368 8.55531e+06 1235.11 129104
0.000150535 1.03456e+07 1557.38 162384
0.000157127 1.24559e+07 1957.15 204192
0.00016759 1.46815e+07 2460.47 257024
0.000183942 1.68777e+07 3104.51 323376
0.000205682 1.89762e+07 3903.07 406992
0.000242737 2.02063e+07 4904.82 512240
0.00029994 2.06481e+07 6193.19 644736
0.000548361 1.41964e+07 7784.78 811552
0.000871634 1.12236e+07 9782.87 1021632
0.00126189 9.79291e+06 12357.5 1286000
0.00173869 8.93199e+06 15530 1618800
0.00238439 8.18298e+06 19511.4 2037712
0.0031668 7.78594e+06 24656.5 2565200
0.00417783 7.4158e+06 30982 3229344
0.0053805 7.23385e+06 38921.7 4065296
0.00685555 7.17701e+06 49202.3 5117776
0.00867009 7.12925e+06 61811.3 6442736
0.0112423 6.90628e+06 77642.6 8110688
0.0141878 6.91882e+06 98162.9 10210656
0.0177985 6.92878e+06 123322 12854336
0.0228817 6.76919e+06 154891 16182544
0.0283769 6.90036e+06 195811 20372496
0.036014 6.832e+06 246048 25647376
0.0453286 6.81673e+06 308992 32287984
0.0569605 6.85723e+06 390591 40647920
0.0719559 6.82215e+06 490894 51172512
0.0903813 6.81991e+06 616392 64422320
0.114307 6.81585e+06 779097 81102672
0.14382 6.80953e+06 979346 102102144
0.181245 6.7838e+06 1.22953e+06 128538944
0.228043 6.8141e+06 1.55391e+06 161820816
0.28755 6.794e+06 1.95361e+06 203720128
0.363822 6.74023e+06 2.45225e+06 256468304
0.45749 6.77336e+06 3.09874e+06 322874384
0.575581 6.76923e+06 3.89624e+06 406474576
0.723808 6.7553e+06 4.88954e+06 511721120
0.907652 6.80571e+06 6.17721e+06 644218576
1.15563 6.72113e+06 7.76712e+06 811022928
