# filename: ./acpphint-RPi4B-4096MiB-threads_4-LP64-ubuntu_20_10_64bit-g++_10_O3-libstdc++-cpulockdown-DSIZE_ul-ISIZE_ul-using_2_threads-cpus_0_3.txt
# acpphint_main version: 0.1.23

0.00011611 60287.7 7 976
0.000114757 78426.6 9 1184
0.000153146 71826.9 11 1392
0.000135331 96060.8 13 1600
0.000115795 129539 15 1808
0.000132757 143119 19 2224
0.000153886 149461 23 2640
0.000152887 189247 28.9334 3264
0.000116739 297916 34.7785 3888
0.000147386 290520 42.8186 4720
0.000120702 438125 52.8825 5760
0.00013098 494838 64.8139 7008
0.000122257 661283 80.8465 8672
0.00013522 744821 100.715 10752
0.000123406 1.02912e+06 127 13456
0.000122591 1.297e+06 159 16784
0.000124239 1.59811e+06 198.548 20944
0.000127665 1.94782e+06 248.668 26144
0.000128517 2.43057e+06 312.369 32800
0.000138554 2.83188e+06 392.369 41120
0.000132184 3.73863e+06 494.187 51728
0.000150831 4.11972e+06 621.382 65040
0.000141573 5.52333e+06 781.955 81680
0.000145276 6.76778e+06 983.196 102688
0.000153387 8.05226e+06 1235.11 129104
0.000161572 9.63892e+06 1557.38 162384
0.000168794 1.15949e+07 1957.15 204192
0.000186257 1.32101e+07 2460.47 257024
0.0002072 1.49832e+07 3104.51 323376
0.000251237 1.55354e+07 3903.07 406992
0.000293662 1.67022e+07 4904.82 512240
0.00037742 1.64093e+07 6193.19 644736
0.000574175 1.35582e+07 7784.78 811552
0.000861225 1.13593e+07 9782.87 1021632
0.00125829 9.82088e+06 12357.5 1286000
0.00177093 8.76938e+06 15530 1618800
0.00238916 8.16662e+06 19511.4 2037712
0.00321365 7.67243e+06 24656.5 2565200
0.00413961 7.48428e+06 30982 3229344
0.00535492 7.2684e+06 38921.7 4065296
0.00699171 7.03724e+06 49202.3 5117776
0.00872482 7.08453e+06 61811.3 6442736
0.0111217 6.98117e+06 77642.6 8110688
0.0141909 6.91729e+06 98162.9 10210656
0.0174791 7.05539e+06 123322 12854336
0.0224095 6.91183e+06 154891 16182544
0.027593 7.09641e+06 195811 20372496
0.0340323 7.22984e+06 246048 25647376
0.0438213 7.0512e+06 308992 32287984
0.0548482 7.1213e+06 390591 40647920
0.0690028 7.11411e+06 490894 51172512
0.0870241 7.083e+06 616392 64422320
0.106981 7.2826e+06 779097 81102672
0.135553 7.22481e+06 979346 102102144
0.168484 7.29764e+06 1.22953e+06 128538944
0.213753 7.26964e+06 1.55391e+06 161820816
0.272726 7.16328e+06 1.95361e+06 203720128
0.3455 7.09767e+06 2.45225e+06 256468304
0.440047 7.04185e+06 3.09874e+06 322874384
0.551115 7.06974e+06 3.89624e+06 406474576
0.686414 7.12332e+06 4.88954e+06 511721120
0.87126 7.08997e+06 6.17721e+06 644218576
1.12339 6.91397e+06 7.76712e+06 811022928
