# filename: ./acpphint-RPi4B-4096MiB-threads_4-LP64-ubuntu_20_10_64bit-g++_10_O3-libstdc++-DSIZE_us-ISIZE_us-using_2_threads-cpus_1_2.txt
# acpphint_main version: 0.1.23

0.000135054 50474.6 6.81679 352
0.000111999 77529.4 8.68322 404
0.000110406 95448 10.538 456
0.000112407 110185 12.3856 508
0.000134202 105590 14.1704 560
0.000128035 137936 17.6606 664
0.000127665 165126 21.0809 768
0.000122702 212191 26.0363 924
0.000112869 270831 30.5684 1080
0.000111943 326755 36.578 1288
0.000117295 374165 43.8877 1548
