# filename: ./acpphint-RPi4B-4096MiB-threads_4-LP64-ubuntu_20_10_64bit-g++_10_O3-libstdc++-cpulockdown-DSIZE_ui-ISIZE_ui-using_2_threads-cpus_1_2.txt
# acpphint_main version: 0.1.23

0.000118887 58873.3 6.99927 560
0.000121109 74302.7 8.99872 664
0.000120924 90950.7 10.9981 768
0.000120424 107931 12.9974 872
0.000117332 127813 14.9966 976
0.000122257 155364 18.9944 1184
0.000117258 196079 22.9919 1392
0.000122868 235381 28.9208 1704
0.000119794 290163 34.7598 2016
0.000120738 354408 42.7906 2432
0.000122034 432989 52.8394 2952
0.000120628 536767 64.7492 3576
0.000119146 677706 80.746 4408
0.000119312 842828 100.559 5448
0.000122035 1.03867e+06 126.754 6800
0.000120702 1.3141e+06 158.614 8464
0.000124331 1.5921e+06 197.947 10544
0.000124646 1.98748e+06 247.732 13144
0.000128035 2.42815e+06 310.888 16472
0.000128313 3.03969e+06 390.032 20632
0.000131405 3.7327e+06 490.496 25936
0.000141368 4.35419e+06 615.543 32592
0.000138924 5.56226e+06 772.732 40912
0.000143757 6.73834e+06 968.683 51416
0.000148793 8.14727e+06 1212.26 64624
0.000162923 9.33709e+06 1521.23 81264
0.000156775 1.21222e+07 1900.45 102168
0.000174904 1.35586e+07 2371.45 128584
0.000179311 1.65306e+07 2964.12 161760
0.000194552 1.89346e+07 3683.77 203568
0.000219144 2.08233e+07 4563.3 256192
0.000250291 2.26077e+07 5658.49 322440
0.000288365 2.41309e+07 6958.52 405848
0.000336697 2.52816e+07 8512.25 510888
0.000439417 2.36612e+07 10397.1 643072
0.000597728 2.10048e+07 12555.2 809472
