# filename: ./acpphint-RPi4B-4096MiB-threads_4-LP64-ubuntu_20_10_64bit-g++_10_O3-libstdc++-cpulockdown-DSIZE_d-ISIZE_ull-using_4_threads-cpus_0_1_2_3.txt
# acpphint_main version: 0.1.23

0.000211331 70978.7 15 1952
0.0002107 90175.6 19 2368
0.000211534 108730 23 2784
0.000208904 129246 27 3200
0.000208571 148630 31 3616
0.000210719 185081 39 4448
0.000212904 220757 47 5280
0.000211627 277848 58.8001 6528
0.000209997 334928 70.3338 7776
0.000213145 405615 86.4548 9440
0.000211497 504233 106.644 11520
0.000214922 606971 130.451 14016
0.000213682 760692 162.546 17344
0.000216256 934759 202.147 21504
0.000213219 1.19595e+06 255 26912
0.000212793 1.49911e+06 319 33568
0.00021209 1.87493e+06 397.655 41888
0.000214886 2.31748e+06 497.994 52288
0.000220664 2.83262e+06 625.057 65600
0.00021996 3.56941e+06 785.127 82240
0.000220663 4.47986e+06 988.538 103456
0.000226182 5.49126e+06 1242.02 130080
0.000233126 6.7084e+06 1563.9 163360
0.000241126 8.15152e+06 1965.54 205376
0.000256829 9.60589e+06 2467.07 258208
0.00028031 1.11098e+07 3114.2 324768
0.000299569 1.30567e+07 3911.38 408384
0.000323736 1.51755e+07 4912.86 514048
0.000430031 1.44353e+07 6207.61 646752
0.000562084 1.38752e+07 7799.04 813984
0.000836634 1.17032e+07 9791.26 1024480
0.0011828 1.04698e+07 12383.6 1289472
0.00143311 1.08533e+07 15553.9 1623104
0.00225298 8.66677e+06 19526.1 2043264
0.00261429 9.45204e+06 24710.4 2572000
0.00344285 9.01194e+06 31026.7 3237600
0.00435963 8.93158e+06 38938.4 4075424
0.00564931 8.72774e+06 49305.7 5130400
0.00756672 8.17978e+06 61894.1 6458688
0.00932245 8.33098e+06 77665.1 8130592
0.0122979 8.00081e+06 98393.2 10235552
0.0155322 7.94954e+06 123474 12885472
0.0196352 7.8892e+06 154906 16221376
0.0251108 7.81655e+06 196280 20421312
0.0320631 7.6823e+06 246318 25708672
0.0414992 7.44498e+06 308961 32365088
0.0515429 7.59399e+06 391417 40744992
0.0660981 7.43344e+06 491336 51294752
0.0813474 7.57416e+06 616138 64575968
0.103135 7.56691e+06 780415 81295840
0.130461 7.51064e+06 979847 102345024
0.161681 7.59743e+06 1.22836e+06 128844640
0.205194 7.58029e+06 1.55543e+06 162205344
0.260633 7.49387e+06 1.95315e+06 204204288
0.328916 7.441e+06 2.44746e+06 257077888
0.410273 7.55047e+06 3.09776e+06 323641632
0.514881 7.5542e+06 3.88952e+06 407440256
0.65728 7.41026e+06 4.87062e+06 512936608
0.826463 7.45355e+06 6.16009e+06 645748768
1.03704 7.45472e+06 7.73084e+06 812949152
