# filename: ./acpphint-RPi4B-4096MiB-threads_4-LP64-ubuntu_20_10_64bit-g++_10_O3-libstdc++-DSIZE_ull-ISIZE_ull-using_2_threads-cpus_1_2.txt
# acpphint_main version: 0.1.23

0.000111073 63021.6 7 976
0.000110406 81517.3 9 1184
0.000111165 98952 11 1392
0.000111147 116962 13 1600
0.000111962 133974 15 1808
0.000112758 168502 19 2224
0.000110313 208498 23 2640
0.000108332 267081 28.9334 3264
0.000110295 315322 34.7785 3888
0.000111406 384347 42.8186 4720
0.000110258 479625 52.8825 5760
0.000109517 591816 64.8139 7008
0.000111017 728235 80.8465 8672
0.000110591 910695 100.715 10752
0.000112757 1.12632e+06 127 13456
0.000111072 1.4315e+06 159 16784
0.00011285 1.7594e+06 198.548 20944
0.000115332 2.15611e+06 248.668 26144
0.000118146 2.64393e+06 312.369 32800
0.000116925 3.35573e+06 392.369 41120
0.000118869 4.15741e+06 494.187 51728
0.000123924 5.01422e+06 621.382 65040
0.000135702 5.76229e+06 781.955 81680
0.00014048 6.99883e+06 983.196 102688
0.000146553 8.42775e+06 1235.11 129104
0.000155369 1.00237e+07 1557.38 162384
0.000165701 1.18114e+07 1957.15 204192
0.000177904 1.38304e+07 2460.47 257024
0.000189738 1.63621e+07 3104.51 323376
0.000211033 1.84951e+07 3903.07 406992
0.000242885 2.0194e+07 4904.82 512240
0.000299255 2.06954e+07 6193.19 644736
0.000529046 1.47147e+07 7784.78 811552
0.00084967 1.15137e+07 9782.87 1021632
0.00123937 9.97085e+06 12357.5 1286000
0.0016949 9.16279e+06 15530 1618800
0.00235755 8.27611e+06 19511.4 2037712
0.00311387 7.91827e+06 24656.5 2565200
0.00408233 7.58928e+06 30982 3229344
0.00523343 7.43713e+06 38921.7 4065296
0.00674144 7.29849e+06 49202.3 5117776
0.00863139 7.16122e+06 61811.3 6442736
0.011026 7.04175e+06 77642.6 8110688
0.0140072 7.00803e+06 98162.9 10210656
0.0176509 6.98671e+06 123322 12854336
0.0225742 6.8614e+06 154891 16182544
0.028196 6.94464e+06 195811 20372496
0.0353326 6.96376e+06 246048 25647376
0.0445055 6.94279e+06 308992 32287984
0.055991 6.97595e+06 390591 40647920
0.0714937 6.86625e+06 490894 51172512
0.0902492 6.82989e+06 616392 64422320
0.111152 7.0093e+06 779097 81102672
0.139918 6.99943e+06 979346 102102144
0.174911 7.02947e+06 1.22953e+06 128538944
0.220457 7.04858e+06 1.55391e+06 161820816
0.280894 6.95498e+06 1.95361e+06 203720128
0.351613 6.97428e+06 2.45225e+06 256468304
0.452145 6.85342e+06 3.09874e+06 322874384
0.55614 7.00586e+06 3.89624e+06 406474576
0.682354 7.1657e+06 4.88954e+06 511721120
0.860534 7.17835e+06 6.17721e+06 644218576
1.10906 7.0033e+06 7.76712e+06 811022928
