# filename: ./acpphint-RPi4B-8192MiB-threads_4-LP64-ubuntu_20_04_1_64bit-g++_9_O3-libstdc++-DSIZE_f-ISIZE_ui-using_2_threads-cpus_0_2.txt
# acpphint_main version: 0.1.23

8.1036e-05 86405.5 7.00195 560
8.0555e-05 111744 9.00153 664
8.1055e-05 135710 11 768
8.1592e-05 159329 13 872
8.1315e-05 184468 15 976
8.1296e-05 233677 18.997 1184
8.2129e-05 280048 23 1392
8.1907e-05 353164 28.9266 1704
8.4666e-05 410600 34.7639 2016
8.3426e-05 512989 42.7966 2432
8.3092e-05 635768 52.8272 2952
8.2351e-05 786144 64.7398 3576
8.2555e-05 977607 80.7064 4408
8.2222e-05 1.22275e+06 100.537 5448
8.3981e-05 1.50928e+06 126.75 6800
8.4907e-05 1.8672e+06 158.538 8464
8.6278e-05 2.29469e+06 197.981 10544
8.6593e-05 2.86071e+06 247.717 13144
8.9259e-05 3.48328e+06 310.914 16472
9.6684e-05 4.03324e+06 389.95 20632
9.9888e-05 4.90312e+06 489.763 25936
0.000102407 5.99217e+06 613.64 32592
0.000104814 7.3259e+06 767.856 40912
0.000108221 8.8751e+06 960.473 51416
