# filename: ./acpphint-RPi4B-4096MiB-threads_4-LP64-ubuntu_20_10_64bit-g++_10_O3-libstdc++-cpulockdown-DSIZE_ld-ISIZE_ull-using_4_threads.txt
# acpphint_main version: 0.1.23

0.000208086 72085.6 15 3360
0.000212622 89360.5 19 4128
0.000210641 109191 23 4896
0.000214603 125814 27 5664
0.000212456 145913 31 6432
0.000216103 180469 39 7968
0.000222955 210805 47 9504
0.000223603 262966 58.8001 11808
0.000228251 308143 70.3339 14112
0.000235121 367704 86.4548 17184
0.000245658 434114 106.644 21024
0.000260824 500151 130.451 25632
0.000269454 603243 162.546 31776
0.000285286 708577 202.147 39456
0.00030247 843059 255 49440
0.000324359 983478 319 61728
0.000357042 1.11375e+06 397.655 77088
0.000398819 1.24867e+06 497.994 96288
0.000440836 1.41789e+06 625.057 120864
0.000498186 1.57597e+06 785.128 151584
0.000592608 1.66812e+06 988.539 190752
0.000675716 1.83809e+06 1242.03 239904
0.000799193 1.95685e+06 1563.9 301344
0.000961723 2.04378e+06 1965.55 378912
0.0011682 2.11187e+06 2467.08 476448
0.00143011 2.17759e+06 3114.21 599328
0.00177216 2.20714e+06 3911.39 753696
0.00221086 2.22216e+06 4912.88 948768
0.00272145 2.281e+06 6207.64 1193760
0.00333597 2.33788e+06 7799.09 1502496
0.00406511 2.40863e+06 9791.35 1891104
0.00500513 2.47422e+06 12383.8 2380320
0.00624525 2.49056e+06 15554.1 2996256
0.00773469 2.52453e+06 19526.4 3771936
0.00960455 2.57284e+06 24711 4748064
0.0120147 2.58247e+06 31027.7 5976864
0.0149238 2.60924e+06 38939.8 7523616
0.0187791 2.6257e+06 49308.1 9471264
0.0235707 2.62606e+06 61897.9 11923488
0.0294204 2.64004e+06 77671 15010080
0.0368011 2.67391e+06 98402.6 18896160
0.0461352 2.67667e+06 123489 23788320
0.0578987 2.67587e+06 154930 29946912
0.0723674 2.71279e+06 196318 37700640
0.0907391 2.71523e+06 246377 47461920
0.11381 2.71553e+06 309054 59750688
0.142927 2.73962e+06 391566 75221280
0.179482 2.73884e+06 491572 94697760
0.226498 2.72191e+06 616508 119216928
0.283754 2.75241e+06 781008 150084384
0.356987 2.74739e+06 980783 188944416
0.449859 2.73381e+06 1.22983e+06 237866784
0.565655 2.75395e+06 1.55779e+06 299455776
0.709518 2.75802e+06 1.95687e+06 376992288
0.893036 2.74715e+06 2.4533e+06 474605088
1.12014 2.77388e+06 3.10713e+06 597492000
