# filename: ./acpphint-RPi4B-8192MiB-threads_4-LP64-ubuntu_20_04_1_64bit-g++_9_O3-libstdc++-cpulockdown-DSIZE_ui-ISIZE_ui-using_2_threads-cpus_1_3.txt
# acpphint_main version: 0.1.23

0.000107185 65300.8 6.99927 560
0.000106184 84746.5 8.99872 664
0.000105814 103938 10.9981 768
0.000112758 115268 12.9974 872
9.2388e-05 162322 14.9966 976
0.000106036 179132 18.9944 1184
0.000112592 204205 22.9919 1392
0.000110129 262609 28.9208 1704
0.000109092 318628 34.7598 2016
0.000101851 420129 42.7906 2432
0.000107203 492891 52.8394 2952
0.000104111 621924 64.7492 3576
0.000100499 803450 80.746 4408
0.000103666 970033 100.559 5448
0.000105851 1.19748e+06 126.754 6800
0.000110647 1.43352e+06 158.614 8464
0.000104759 1.88955e+06 197.947 10544
0.000110536 2.24119e+06 247.732 13144
0.000102907 3.02105e+06 310.888 16472
9.2444e-05 4.21911e+06 390.032 20632
9.9333e-05 4.9379e+06 490.496 25936
0.000123092 5.00067e+06 615.543 32592
0.000115407 6.69571e+06 772.732 40912
0.000116981 8.28069e+06 968.683 51416
0.000128814 9.41091e+06 1212.26 64624
0.000128518 1.18367e+07 1521.23 81264
0.000138981 1.36742e+07 1900.45 102168
0.000149518 1.58606e+07 2371.45 128584
0.000153202 1.93478e+07 2964.12 161760
0.000162777 2.26308e+07 3683.77 203568
0.00019198 2.37696e+07 4563.3 256192
0.00022185 2.55059e+07 5658.49 322440
0.000250831 2.77418e+07 6958.52 405848
0.000302126 2.81745e+07 8512.25 510888
0.000398848 2.60679e+07 10397.1 643072
0.000542031 2.31632e+07 12555.2 809472
