# filename: ./acpphint-RPi4B-4096MiB-threads_4-LP64-ubuntu_20_10_64bit-g++_10_O3lto-libstdc++-DSIZE_ull-ISIZE_ull-using_3_threads-cpus_0_1_2.txt
# acpphint_main version: 0.1.23

0.000178349 61676.8 11 1464
0.000179849 77843.1 14 1776
0.000179256 94836.4 17 2088
0.000180127 111033 20 2400
0.000181941 126415 23 2712
0.000185145 156634 29 3336
0.000177978 196654 35 3960
0.000174757 251016 43.8667 4896
0.0001757 299124 52.5562 5832
0.000177312 364537 64.6367 7080
0.00017796 448209 79.7633 8640
0.000180738 540186 97.6321 10512
0.000177811 684412 121.696 13008
0.000180312 839826 151.431 16128
0.000176756 1.08059e+06 191 20184
0.000176441 1.35456e+06 239 25176
0.00017796 1.6751e+06 298.101 31416
0.000180682 2.06624e+06 373.332 39216
0.000182108 2.57384e+06 468.716 49200
0.000185848 3.16789e+06 588.747 61680
0.000184589 4.0163e+06 741.364 77592
0.000192867 4.83084e+06 931.71 97560
0.0001972 5.94791e+06 1172.93 122520
0.000196515 7.5026e+06 1474.37 154032
0.000203922 9.07753e+06 1851.11 193656
0.000212349 1.09998e+07 2335.79 243576
0.000223088 1.3153e+07 2934.27 306288
0.000224681 1.64086e+07 3686.7 385536
0.00026781 1.73857e+07 4656.07 485064
0.000331512 1.76497e+07 5851.08 610488
0.000487362 1.50774e+07 7348.13 768360
0.00079691 1.16556e+07 9288.46 967104
0.00115213 1.01286e+07 11669.4 1217328
0.0016076 9.11592e+06 14654.7 1532448
0.0021889 8.46734e+06 18534.2 1929000
0.00287568 8.09504e+06 23278.8 2428200
0.00373793 7.81869e+06 29225.7 3056568
0.00485563 7.61633e+06 36982.1 3847800
0.00624704 7.43385e+06 46439.6 4844016
0.00797994 7.30536e+06 58296.3 6097944
0.0101981 7.23677e+06 73801.6 7676664
0.012918 7.17207e+06 92648.8 9664104
0.016524 7.03733e+06 116285 12166032
0.0209601 7.02463e+06 147237 15315984
0.0261277 7.07464e+06 184844 19281504
0.0335159 6.92105e+06 231965 24273816
0.0419347 7.00315e+06 293675 30558744
0.0526789 7.00068e+06 368788 38471064
0.0666708 6.94036e+06 462719 48431976
0.0838344 6.98693e+06 585745 60971880
0.105822 6.95271e+06 735751 76758768
0.133596 6.90872e+06 922980 96633480
0.167111 6.9907e+06 1.16823e+06 121654008
0.210595 6.96959e+06 1.46776e+06 153153216
0.264037 6.97207e+06 1.84089e+06 192808416
0.335058 6.95298e+06 2.32966e+06 242731224
0.421643 6.94328e+06 2.92759e+06 305580192
0.53453 6.86753e+06 3.6709e+06 384702456
0.674171 6.88928e+06 4.64455e+06 484311576
0.845711 6.90237e+06 5.83741e+06 609711864
1.05779 6.91732e+06 7.31709e+06 767581680
