# filename: ./acpphint-RPi4B-8192MiB-threads_4-LP64-ubuntu_20_04_1_64bit-g++_9_O3-libstdc++-DSIZE_ul-ISIZE_ul-using_2_threads-cpus_0_1.txt
# acpphint_main version: 0.1.23

8.7666e-05 79848.5 7 976
8.6943e-05 103516 9 1184
8.5647e-05 128434 11 1392
8.5795e-05 151524 13 1600
8.4147e-05 178259 15 1808
8.4813e-05 224022 19 2224
8.611e-05 267100 23 2640
8.5073e-05 340101 28.9334 3264
8.474e-05 410414 34.7785 3888
8.5017e-05 503647 42.8186 4720
8.4702e-05 624336 52.8825 5760
8.585e-05 754967 64.8139 7008
8.6091e-05 939082 80.8465 8672
8.7609e-05 1.14959e+06 100.715 10752
8.4795e-05 1.49773e+06 127 13456
8.6961e-05 1.82841e+06 159 16784
8.7295e-05 2.27445e+06 198.548 20944
9.0091e-05 2.76019e+06 248.668 26144
9.3165e-05 3.35286e+06 312.369 32800
9.7665e-05 4.01749e+06 392.369 41120
0.000101147 4.88583e+06 494.187 51728
0.000111406 5.57763e+06 621.382 65040
0.000109165 7.16305e+06 781.955 81680
0.000111091 8.85037e+06 983.196 102688
0.000117924 1.04738e+07 1235.11 129104
0.000125849 1.2375e+07 1557.38 162384
0.000135534 1.44403e+07 1957.15 204192
0.000147571 1.66732e+07 2460.47 257024
0.000160423 1.9352e+07 3104.51 323376
0.000177034 2.2047e+07 3903.07 406992
0.000212848 2.30437e+07 4904.82 512240
0.000290716 2.13032e+07 6193.19 644736
0.000481046 1.6183e+07 7784.78 811552
0.000819613 1.1936e+07 9782.87 1021632
0.00122147 1.01169e+07 12357.5 1286000
0.00170157 9.12683e+06 15530 1618800
0.0023633 8.25597e+06 19511.4 2037712
0.00319954 7.70625e+06 24656.5 2565200
0.00412015 7.51962e+06 30982 3229344
0.00535968 7.26194e+06 38921.7 4065296
0.00700982 7.01906e+06 49202.3 5117776
0.00881448 7.01247e+06 61811.3 6442736
0.0113958 6.81327e+06 77642.6 8110688
0.0145052 6.76742e+06 98162.9 10210656
0.0180751 6.82276e+06 123322 12854336
0.0233369 6.63717e+06 154891 16182544
0.0290814 6.73322e+06 195811 20372496
0.0367382 6.69732e+06 246048 25647376
0.0462044 6.68751e+06 308992 32287984
0.0584934 6.67752e+06 390591 40647920
0.0737864 6.6529e+06 490894 51172512
0.0928127 6.64125e+06 616392 64422320
0.114951 6.77764e+06 779097 81102672
0.145705 6.72143e+06 979346 102102144
0.182227 6.74724e+06 1.22953e+06 128538944
0.233831 6.64544e+06 1.55391e+06 161820816
0.289545 6.74718e+06 1.95361e+06 203720128
0.366672 6.68785e+06 2.45225e+06 256468304
0.463685 6.68286e+06 3.09874e+06 322874384
0.578294 6.73747e+06 3.89624e+06 406474576
0.727293 6.72294e+06 4.88954e+06 511721120
0.930323 6.63986e+06 6.17721e+06 644218576
1.16556 6.66386e+06 7.76712e+06 811022928
