# filename: ./acpphint-RPi4B-4096MiB-threads_4-LP64-ubuntu_20_10_64bit-g++_10_O3lto-libstdc++-DSIZE_ul-ISIZE_ul-using_4_threads.txt
# acpphint_main version: 0.1.23

0.000230978 64941.2 15 1952
0.000225812 84140.8 19 2368
0.000225033 102207 23 2784
0.000228626 118097 27 3200
0.000229385 135144 31 3616
0.000226496 172188 39 4448
0.000229589 204714 47 5280
0.000229756 255924 58.8001 6528
0.000231386 303968 70.3339 7776
0.000229182 377232 86.4548 9440
0.000230626 462410 106.644 11520
0.000231089 564507 130.451 14016
0.00023496 691804 162.546 17344
0.000235441 858590 202.147 21504
0.000234015 1.08967e+06 255 26912
0.000237386 1.3438e+06 319 33568
0.000231274 1.71941e+06 397.655 41888
0.00023559 2.11382e+06 497.994 52288
0.000236256 2.64568e+06 625.057 65600
0.000234793 3.34391e+06 785.128 82240
0.000242349 4.07899e+06 988.539 103456
0.000241423 5.1446e+06 1242.03 130080
0.000247163 6.32742e+06 1563.9 163360
0.000254959 7.70926e+06 1965.55 205376
0.000260977 9.45323e+06 2467.07 258208
0.0002752 1.13162e+07 3114.2 324768
0.00029668 1.31839e+07 3911.39 408384
0.000342124 1.43599e+07 4912.88 514048
0.000430752 1.44112e+07 6207.63 646752
0.000640638 1.21739e+07 7799.08 813984
0.000937115 1.04484e+07 9791.33 1024480
0.00127344 9.72462e+06 12383.7 1289472
0.00171551 9.06674e+06 15554.1 1623104
0.00226254 8.63029e+06 19526.4 2043264
0.00296758 8.32693e+06 24710.8 2572000
0.00375625 8.26022e+06 31027.5 3237600
0.00486346 8.00655e+06 38939.5 4075424
0.00626695 7.86788e+06 49307.6 5130400
0.00797222 7.76409e+06 61897.1 6458688
0.0102456 7.58081e+06 77669.8 8130592
0.0132862 7.40623e+06 98400.6 10235552
0.0165336 7.46879e+06 123486 12885472
0.0211805 7.31449e+06 154925 16221376
0.0268657 7.30706e+06 196309 20421312
0.0334768 7.35926e+06 246365 25708672
0.0427921 7.22175e+06 309034 32365088
0.0536501 7.29791e+06 391534 40744992
0.0685001 7.17548e+06 491521 51294752
0.086437 7.13153e+06 616428 64575968
0.10907 7.15942e+06 780880 81295840
0.136635 7.17665e+06 980581 102345024
0.171713 7.16026e+06 1.22951e+06 128844640
0.215881 7.21358e+06 1.55728e+06 162205344
0.27161 7.20174e+06 1.95606e+06 204204288
0.34088 7.19325e+06 2.45204e+06 257077888
0.430626 7.21068e+06 3.10511e+06 323641632
0.541973 7.19799e+06 3.90112e+06 407440256
0.685348 7.13332e+06 4.88881e+06 512936608
0.865484 7.15116e+06 6.18922e+06 645748768
1.08464 7.16998e+06 7.77683e+06 812949152
