# filename: ./acpphint-RPi4B-4096MiB-threads_4-LP64-ubuntu_20_10_64bit-g++_10_O3-libstdc++-cpulockdown-DSIZE_ull-ISIZE_ull-using_4_threads.txt
# acpphint_main version: 0.1.23

0.000214475 69938.2 15 1952
0.00021416 88718.7 19 2368
0.000213271 107844 23 2784
0.000210641 128180 27 3200
0.000212271 146040 31 3616
0.00021079 185018 39 4448
0.000211827 221879 47 5280
0.000211975 277391 58.8001 6528
0.000211253 332937 70.3339 7776
0.000211308 409141 86.4548 9440
0.000212734 501301 106.644 11520
0.000213105 612146 130.451 14016
0.000214049 759388 162.546 17344
0.000216234 934854 202.147 21504
0.000214586 1.18833e+06 255 26912
0.00021403 1.49045e+06 319 33568
0.000213974 1.85843e+06 397.655 41888
0.000216475 2.30047e+06 497.994 52288
0.000219585 2.84654e+06 625.057 65600
0.000222938 3.52173e+06 785.128 82240
0.000225178 4.39003e+06 988.539 103456
0.000227456 5.46051e+06 1242.03 130080
0.000230456 6.78613e+06 1563.9 163360
0.000240863 8.16043e+06 1965.55 205376
0.000248289 9.9363e+06 2467.07 258208
0.000264047 1.17941e+07 3114.2 324768
0.00028138 1.39007e+07 3911.39 408384
0.000323212 1.52002e+07 4912.88 514048
0.000396968 1.56376e+07 6207.63 646752
0.000579629 1.34553e+07 7799.08 813984
0.000815639 1.20045e+07 9791.33 1024480
0.00127755 9.69335e+06 12383.7 1289472
0.00152001 1.02329e+07 15554.1 1623104
0.00200817 9.72344e+06 19526.4 2043264
0.00275791 8.95999e+06 24710.8 2572000
0.00356697 8.69855e+06 31027.5 3237600
0.00480554 8.10305e+06 38939.5 4075424
0.00599695 8.22212e+06 49307.6 5130400
0.0075683 8.17846e+06 61897.1 6458688
0.00994 7.81386e+06 77669.8 8130592
0.0120285 8.18065e+06 98400.6 10235552
0.015997 7.7193e+06 123486 12885472
0.0204971 7.55836e+06 154925 16221376
0.0246629 7.95972e+06 196309 20421312
0.0317302 7.76435e+06 246365 25708672
0.0416007 7.42856e+06 309034 32365088
0.0516063 7.58695e+06 391534 40744992
0.0653072 7.52629e+06 491521 51294752
0.0803158 7.67506e+06 616428 64575968
0.103284 7.56048e+06 780880 81295840
0.129173 7.59125e+06 980581 102345024
0.164636 7.46805e+06 1.22951e+06 128844640
0.20739 7.50893e+06 1.55728e+06 162205344
0.256728 7.6192e+06 1.95606e+06 204204288
0.325557 7.53182e+06 2.45204e+06 257077888
0.411457 7.54662e+06 3.10511e+06 323641632
0.521092 7.48642e+06 3.90112e+06 407440256
0.656322 7.4488e+06 4.88881e+06 512936608
0.833457 7.42596e+06 6.18922e+06 645748768
1.0438 7.45048e+06 7.77683e+06 812949152
