# filename: ./acpphint-RPi4B-8192MiB-threads_4-LP64-ubuntu_20_04_1_64bit-g++_9_O3-libstdc++-cpulockdown-DSIZE_ul-ISIZE_ul-using_2_threads-cpus_0_2.txt
# acpphint_main version: 0.1.23

8.8296e-05 79278.8 7 976
0.000117999 76271.8 9 1184
9.4907e-05 115903 11 1392
9.0722e-05 143295 13 1600
0.000113259 132440 15 1808
0.000118741 160012 19 2224
9.5222e-05 241541 23 2640
8.7815e-05 329481 28.9334 3264
0.000115018 302374 34.7785 3888
0.000110722 386721 42.8186 4720
0.000115722 456979 52.8825 5760
8.9315e-05 725678 64.8139 7008
9.5796e-05 843944 80.8465 8672
9.2592e-05 1.08773e+06 100.715 10752
0.000105389 1.20506e+06 127 13456
0.000119166 1.33427e+06 159 16784
0.000100352 1.97851e+06 198.548 20944
0.000106741 2.32964e+06 248.668 26144
0.000122314 2.55383e+06 312.369 32800
0.000108074 3.63055e+06 392.369 41120
0.000113907 4.33852e+06 494.187 51728
0.000114778 5.41377e+06 621.382 65040
0.000128518 6.0844e+06 781.955 81680
0.000112667 8.72657e+06 983.196 102688
0.000117814 1.04836e+07 1235.11 129104
0.000147814 1.05361e+07 1557.38 162384
0.000153036 1.27888e+07 1957.15 204192
0.000170536 1.44279e+07 2460.47 257024
0.000162091 1.91529e+07 3104.51 323376
0.000215258 1.81321e+07 3903.07 406992
0.000238128 2.05974e+07 4904.82 512240
0.000312387 1.98254e+07 6193.19 644736
0.000465644 1.67183e+07 7784.78 811552
0.000764419 1.27978e+07 9782.87 1021632
0.00121608 1.01618e+07 12357.5 1286000
0.00169217 9.17755e+06 15530 1618800
0.00234659 8.31477e+06 19511.4 2037712
0.00317677 7.7615e+06 24656.5 2565200
0.00409557 7.56475e+06 30982 3229344
0.00536732 7.2516e+06 38921.7 4065296
0.00685664 7.17586e+06 49202.3 5117776
0.00856309 7.21834e+06 61811.3 6442736
0.0113349 6.84986e+06 77642.6 8110688
0.014392 6.82067e+06 98162.9 10210656
0.017944 6.8726e+06 123322 12854336
0.0231433 6.69268e+06 154891 16182544
0.0290113 6.74947e+06 195811 20372496
0.036378 6.76364e+06 246048 25647376
0.0460314 6.71264e+06 308992 32287984
0.05812 6.72043e+06 390591 40647920
0.0732769 6.69916e+06 490894 51172512
0.0923103 6.67739e+06 616392 64422320
0.114936 6.77855e+06 779097 81102672
0.144559 6.77472e+06 979346 102102144
0.182698 6.72987e+06 1.22953e+06 128538944
0.230619 6.738e+06 1.55391e+06 161820816
0.291591 6.69985e+06 1.95361e+06 203720128
0.368724 6.65062e+06 2.45225e+06 256468304
0.466497 6.64257e+06 3.09874e+06 322874384
0.583409 6.6784e+06 3.89624e+06 406474576
0.734706 6.6551e+06 4.88954e+06 511721120
0.929338 6.64689e+06 6.17721e+06 644218576
1.17231 6.62547e+06 7.76712e+06 811022928
