# filename: ./acpphint-RPi4B-8192MiB-threads_4-LP64-ubuntu_20_04_1_64bit-g++_9_O3-libstdc++-cpulockdown-DSIZE_d-ISIZE_ul-using_4_threads-cpus_0_3.txt
# acpphint_main version: 0.1.23

0.000160499 93458.5 15 1952
0.000167739 113271 19 2368
0.000154295 149065 23 2784
0.000159554 169222 27 3200
0.000153591 201835 31 3616
0.000154962 251675 39 4448
0.000155406 302434 47 5280
0.000158795 370289 58.8001 6528
0.000156258 450114 70.3338 7776
0.000158647 544951 86.4548 9440
0.000156184 682808 106.644 11520
0.000161258 808961 130.451 14016
0.000159925 1.01639e+06 162.546 17344
0.000157592 1.28272e+06 202.147 21504
0.000159684 1.5969e+06 255 26912
0.000161332 1.97729e+06 319 33568
0.00016324 2.43601e+06 397.655 41888
0.00016248 3.06495e+06 497.994 52288
0.000163702 3.81826e+06 625.057 65600
0.000167535 4.68635e+06 785.127 82240
0.000168073 5.8816e+06 988.538 103456
0.000173813 7.14575e+06 1242.02 130080
0.000174702 8.95183e+06 1563.9 163360
0.000184999 1.06246e+07 1965.54 205376
0.000193665 1.27389e+07 2467.07 258208
0.000219257 1.42034e+07 3114.2 324768
0.000237571 1.6464e+07 3911.38 408384
0.000261572 1.87821e+07 4912.86 514048
0.000385237 1.61137e+07 6207.61 646752
0.000586549 1.32965e+07 7799.04 813984
0.000840064 1.16554e+07 9791.26 1024480
0.00121873 1.01611e+07 12383.6 1289472
0.00164206 9.47221e+06 15553.9 1623104
0.00214301 9.11151e+06 19526.1 2043264
0.00285578 8.65275e+06 24710.4 2572000
0.00370286 8.37912e+06 31026.7 3237600
0.00484433 8.03792e+06 38938.4 4075424
0.00621539 7.93285e+06 49305.7 5130400
0.00804555 7.69296e+06 61894.1 6458688
0.0102418 7.58313e+06 77665.1 8130592
0.0129931 7.57271e+06 98393.2 10235552
0.0165752 7.44931e+06 123474 12885472
0.021199 7.30725e+06 154906 16221376
0.0267906 7.32643e+06 196280 20421312
0.0335882 7.33347e+06 246318 25708672
0.0430723 7.17308e+06 308961 32365088
0.0539519 7.25492e+06 391417 40744992
0.0679846 7.22717e+06 491336 51294752
0.0857624 7.18424e+06 616138 64575968
0.107713 7.24535e+06 780415 81295840
0.135683 7.22159e+06 979847 102345024
0.171206 7.17471e+06 1.22836e+06 128844640
0.216727 7.17689e+06 1.55543e+06 162205344
0.272115 7.17765e+06 1.95315e+06 204204288
0.342734 7.141e+06 2.44746e+06 257077888
0.431789 7.17424e+06 3.09776e+06 323641632
0.544793 7.13944e+06 3.88952e+06 407440256
0.686017 7.09985e+06 4.87062e+06 512936608
0.864953 7.12188e+06 6.16009e+06 645748768
1.08129 7.14967e+06 7.73084e+06 812949152
