# filename: ./acpphint-RPi4B-4096MiB-threads_4-LP64-ubuntu_20_10_64bit-g++_10_O3-libstdc++-cpulockdown-DSIZE_ld-ISIZE_ul-using_2_threads-cpus_1_3.txt
# acpphint_main version: 0.1.23

0.000129425 54085.4 7 1680
0.000129035 69748.5 9 2064
0.000164812 66742.7 11 2448
0.000164682 78940 13 2832
0.000149942 100039 15 3216
0.000134294 141481 19 3984
0.000174905 131500 23 4752
0.000156923 184380 28.9334 5904
0.00016833 206609 34.7785 7056
0.000174479 245408 42.8186 8592
0.00016709 316491 52.8825 10512
0.000181404 357290 64.8139 12816
0.000190145 425183 80.8465 15888
0.000205849 489265 100.715 19728
0.000223793 567489 127 24720
0.000245274 648255 159 30864
0.000273866 724982 198.548 38544
0.000310014 802120 248.668 48144
0.000360754 865879 312.369 60432
0.000413678 948488 392.369 75792
0.00048851 1.01162e+06 494.187 95376
0.000581768 1.06809e+06 621.382 119952
0.000699896 1.11724e+06 781.955 150672
0.000851763 1.15431e+06 983.196 189456
0.00104746 1.17915e+06 1235.11 238224
0.00128348 1.21341e+06 1557.38 299664
0.00158917 1.23155e+06 1957.15 376848
0.00196415 1.25269e+06 2460.48 474384
0.00246818 1.25782e+06 3104.51 596880
0.0031402 1.24294e+06 3903.08 751248
0.00392384 1.25001e+06 4904.82 945552
0.00489837 1.26434e+06 6193.2 1190160
0.00605639 1.28538e+06 7784.79 1498128
0.0079448 1.23136e+06 9782.89 1885968
0.00937698 1.31786e+06 12357.6 2374032
0.0117544 1.32121e+06 15530 2988432
0.0146989 1.32741e+06 19511.5 3761808
0.0183873 1.34096e+06 24656.6 4735632
0.0230215 1.3458e+06 30982.2 5961744
0.0288224 1.35041e+06 38922 7505040
0.0362352 1.35787e+06 49202.8 9448080
0.045607 1.35532e+06 61812.1 11894160
0.057103 1.35972e+06 77643.9 14973456
0.0714459 1.37398e+06 98164.9 18850320
0.0895976 1.37643e+06 123325 23730960
0.112684 1.37461e+06 154896 29875344
0.141259 1.38624e+06 195819 37610640
0.177542 1.38593e+06 246061 47348880
0.222951 1.38601e+06 309013 59608464
0.28067 1.39175e+06 390623 75042192
0.352396 1.39316e+06 490944 94472208
0.443782 1.38913e+06 616472 118933392
0.556774 1.39953e+06 779224 149727888
0.701095 1.39717e+06 979547 188496144
0.881372 1.39538e+06 1.22985e+06 237302544
1.10942 1.4011e+06 1.55442e+06 298746000
