# filename: ./acpphint-RPi4B-4096MiB-threads_4-LP64-ubuntu_20_10_64bit-g++_10_O3lto-libstdc++-DSIZE_f-ISIZE_ui-using_3_threads-cpus_0_1_2.txt
# acpphint_main version: 0.1.23

0.000179048 61441.5 11.001 840
0.000180307 77636.9 13.9985 996
0.000177529 95746.6 16.9978 1152
0.000181363 110260 19.997 1308
0.000183307 125419 22.9903 1464
0.000176973 163746 28.9786 1776
0.000181991 192148 34.9693 2088
0.000184491 237402 43.7986 2556
0.000179844 291799 52.4783 3024
0.000183788 351056 64.52 3648
0.000180306 441123 79.5371 4428
0.000183548 530528 97.3774 5364
0.000180288 672826 121.303 6612
0.000175585 858988 150.825 8172
0.000177455 1.07091e+06 190.038 10200
0.000178288 1.33185e+06 237.453 12696
0.000180659 1.63834e+06 295.98 15816
0.000182529 2.02955e+06 370.451 19716
0.000185473 2.50153e+06 463.966 24708
0.000185158 3.14188e+06 581.745 30948
0.000186622 3.91684e+06 730.969 38904
