# filename: ./acpphint-RPi4B-4096MiB-threads_4-LP64-ubuntu_20_10_64bit-g++_10_O3lto-libstdc++-DSIZE_ld-ISIZE_ull-using_3_threads-cpus_0_1_2.txt
# acpphint_main version: 0.1.23

0.00018459 59591.5 11 2520
0.000188404 74308.4 14 3096
0.000188497 90187.1 17 3672
0.000183682 108884 20 4248
0.000187293 122802 23 4824
0.000191738 151248 29 5976
0.000190663 183570 35 7128
0.000196886 222803 43.8667 8856
0.000202163 259969 52.5562 10584
0.000203682 317341 64.6367 12888
0.000186886 426802 79.7633 15768
0.000199886 488439 97.6321 19224
0.000219682 553964 121.696 23832
0.000232885 650238 151.431 29592
0.000249885 764352 191 37080
0.000273514 873813 239 46296
0.000302161 986562 298.101 57816
0.00033805 1.10437e+06 373.332 72216
0.000384641 1.21858e+06 468.716 90648
0.00045401 1.29677e+06 588.747 113688
0.000520361 1.42471e+06 741.364 143064
0.000619377 1.50427e+06 931.71 179928
0.000737986 1.58936e+06 1172.93 226008
0.000884446 1.667e+06 1474.37 284184
0.00108355 1.70837e+06 1851.11 357336
0.00132783 1.75911e+06 2335.79 449496
0.00165415 1.77388e+06 2934.28 565272
0.00205507 1.79396e+06 3686.71 711576
0.0025616 1.81764e+06 4656.07 895320
0.00319407 1.83186e+06 5851.09 1126872
0.00397192 1.85002e+06 7348.14 1418328
0.00489707 1.89674e+06 9288.48 1785240
0.00607607 1.92056e+06 11669.5 2247192
0.00757665 1.9342e+06 14654.8 2828952
0.00944981 1.96134e+06 18534.3 3561048
0.0118066 1.97169e+06 23278.9 4482648
0.0147577 1.98039e+06 29225.9 5642712
0.0185545 1.99317e+06 36982.4 7103448
0.0233293 1.99063e+06 46440.1 8942616
0.0290603 2.00607e+06 58297 11257560
0.0364776 2.02324e+06 73802.8 14172120
0.0458352 2.02139e+06 92650.6 17841240
0.0575722 2.01986e+06 116288 22460184
0.0721804 2.03991e+06 147241 28275480
0.0912884 2.02492e+06 184852 35596440
0.113574 2.04253e+06 231977 44813016
0.142436 2.06194e+06 293694 56415960
0.180351 2.045e+06 368817 71023320
0.22597 2.0479e+06 462765 89412696
0.283031 2.0698e+06 585819 112563288
0.356116 2.06637e+06 735868 141708312
0.449429 2.05408e+06 923163 178400088
0.566262 2.06357e+06 1.16852e+06 224591832
0.711649 2.06313e+06 1.46822e+06 282744216
0.901559 2.0427e+06 1.84161e+06 355953816
1.12809 2.06616e+06 2.33082e+06 448119000
