# filename: ./acpphint-RPi4B-8192MiB-threads_4-LP64-ubuntu_20_04_1_64bit-g++_9_O3-libstdc++-DSIZE_d-ISIZE_ull-using_4_threads.txt
# acpphint_main version: 0.1.23

0.000185333 80935.4 15 1952
0.000186573 101837 19 2368
0.000182202 126234 23 2784
0.00018337 147243 27 3200
0.000183721 168734 31 3616
0.000184666 211192 39 4448
0.000184166 255205 47 5280
0.000185611 316792 58.8001 6528
0.000188518 373088 70.3338 7776
0.000186258 464167 86.4548 9440
0.000185814 573927 106.644 11520
0.000187832 694511 130.451 14016
0.000183777 884475 162.546 17344
0.000189166 1.06862e+06 202.147 21504
0.00018961 1.34487e+06 255 26912
0.000188796 1.68965e+06 319 33568
0.000187036 2.12609e+06 397.655 41888
0.000188796 2.63773e+06 497.994 52288
0.000192721 3.24333e+06 625.057 65600
0.000196758 3.99032e+06 785.127 82240
0.000202758 4.87546e+06 988.538 103456
0.000204018 6.08782e+06 1242.02 130080
0.000208702 7.49347e+06 1563.9 163360
0.000218184 9.00865e+06 1965.54 205376
0.000228703 1.07872e+07 2467.07 258208
0.000245869 1.26661e+07 3114.2 324768
0.000285813 1.36851e+07 3911.38 408384
0.000344646 1.42548e+07 4912.86 514048
0.000460497 1.34802e+07 6207.61 646752
0.000682495 1.14272e+07 7799.04 813984
0.000951344 1.0292e+07 9791.26 1024480
0.00130044 9.52268e+06 12383.6 1289472
0.00165206 9.41485e+06 15553.9 1623104
0.00216972 8.99934e+06 19526.1 2043264
0.00289537 8.53446e+06 24710.4 2572000
0.00385356 8.05145e+06 31026.7 3237600
0.00488907 7.96437e+06 38938.4 4075424
0.00627567 7.85665e+06 49305.7 5130400
0.00801504 7.72224e+06 61894.1 6458688
0.0102524 7.57533e+06 77665.1 8130592
0.0131654 7.47363e+06 98393.2 10235552
0.0165478 7.46165e+06 123474 12885472
0.0213021 7.27188e+06 154906 16221376
0.0269851 7.27364e+06 196280 20421312
0.033625 7.32545e+06 246318 25708672
0.042873 7.20642e+06 308961 32365088
0.0539106 7.26047e+06 391417 40744992
0.068026 7.22277e+06 491336 51294752
0.0857584 7.18458e+06 616138 64575968
0.10833 7.20408e+06 780415 81295840
0.137831 7.10903e+06 979847 102345024
0.173312 7.08754e+06 1.22836e+06 128844640
0.217945 7.13682e+06 1.55543e+06 162205344
0.274964 7.10327e+06 1.95315e+06 204204288
0.345688 7.07998e+06 2.44746e+06 257077888
0.435639 7.11084e+06 3.09776e+06 323641632
0.549597 7.07703e+06 3.88952e+06 407440256
0.694026 7.01791e+06 4.87062e+06 512936608
0.875189 7.03857e+06 6.16009e+06 645748768
1.09754 7.04377e+06 7.73084e+06 812949152
