# filename: ./acpphint-RPi4B-8192MiB-threads_4-LP64-ubuntu_20_04_1_64bit-g++_9_O3-libstdc++-cpulockdown-DSIZE_ull-ISIZE_ull-using_2_threads-cpus_1_2.txt
# acpphint_main version: 0.1.23

0.000115129 60801.4 7 976
9.9426e-05 90519.6 9 1184
9.2666e-05 118706 11 1392
9.0314e-05 143942 13 1600
9.1629e-05 163704 15 1808
9.8296e-05 193294 19 2224
0.000129536 177557 23 2640
0.00013174 219625 28.9334 3264
9.3092e-05 373592 34.7785 3888
0.000131221 326309 42.8186 4720
0.000110166 480026 52.8825 5760
0.000132702 488417 64.8139 7008
0.000100129 807423 80.8465 8672
0.00010287 979048 100.715 10752
0.000103833 1.22312e+06 127 13456
0.000102537 1.55066e+06 159 16784
0.000106055 1.87212e+06 198.548 20944
0.000106759 2.32925e+06 248.668 26144
0.000108277 2.88491e+06 312.369 32800
0.000109648 3.57844e+06 392.369 41120
0.000122147 4.04584e+06 494.187 51728
0.000113314 5.48372e+06 621.382 65040
0.000118759 6.58438e+06 781.955 81680
0.000127296 7.7237e+06 983.196 102688
0.000140517 8.78977e+06 1235.11 129104
0.000134684 1.15632e+07 1557.38 162384
0.000140147 1.3965e+07 1957.15 204192
0.000160906 1.52914e+07 2460.47 257024
0.000176795 1.75599e+07 3104.51 323376
0.000202442 1.928e+07 3903.07 406992
0.000251886 1.94724e+07 4904.82 512240
0.000327756 1.88957e+07 6193.19 644736
0.000519049 1.49982e+07 7784.78 811552
0.000808176 1.21049e+07 9782.87 1021632
0.00127213 9.71403e+06 12357.5 1286000
0.00174957 8.87645e+06 15530 1618800
0.00237449 8.21707e+06 19511.4 2037712
0.00320909 7.68332e+06 24656.5 2565200
0.00412417 7.51229e+06 30982 3229344
0.00537418 7.24236e+06 38921.7 4065296
0.00703001 6.9989e+06 49202.3 5117776
0.00878432 7.03655e+06 61811.3 6442736
0.0114527 6.77941e+06 77642.6 8110688
0.0145281 6.75675e+06 98162.9 10210656
0.0181295 6.80227e+06 123322 12854336
0.0233031 6.6468e+06 154891 16182544
0.029036 6.74375e+06 195811 20372496
0.0367574 6.69384e+06 246048 25647376
0.0464042 6.65872e+06 308992 32287984
0.0585856 6.66701e+06 390591 40647920
0.0739238 6.64053e+06 490894 51172512
0.0931416 6.61779e+06 616392 64422320
0.114824 6.78514e+06 779097 81102672
0.145291 6.74056e+06 979346 102102144
0.182103 6.75184e+06 1.22953e+06 128538944
0.229646 6.76655e+06 1.55391e+06 161820816
0.290815 6.71772e+06 1.95361e+06 203720128
0.366386 6.69307e+06 2.45225e+06 256468304
0.464686 6.66846e+06 3.09874e+06 322874384
0.577471 6.74707e+06 3.89624e+06 406474576
0.727842 6.71786e+06 4.88954e+06 511721120
0.914346 6.75588e+06 6.17721e+06 644218576
1.16412 6.67208e+06 7.76712e+06 811022928
