# filename: ./acpphint-RPi4B-4096MiB-threads_4-LP64-ubuntu_20_10_64bit-g++_10_O3-libstdc++-DSIZE_ul-ISIZE_ul-using_2_threads-cpus_1_2.txt
# acpphint_main version: 0.1.23

0.000111573 62739.2 7 976
0.000111535 80692.2 9 1184
0.000110055 99950 11 1392
0.000111814 116265 13 1600
0.000113129 132592 15 1808
0.000109055 174224 19 2224
0.000111406 206452 23 2640
0.000111961 258424 28.9334 3264
0.000108646 320108 34.7785 3888
0.000111017 385694 42.8186 4720
0.000113128 467457 52.8825 5760
0.000110017 589126 64.8139 7008
0.000117202 689805 80.8465 8672
0.00011211 898356 100.715 10752
0.00011248 1.12909e+06 127 13456
0.000113054 1.40641e+06 159 16784
0.000115887 1.71329e+06 198.548 20944
0.000115165 2.15924e+06 248.668 26144
0.000117203 2.6652e+06 312.369 32800
0.00011635 3.37231e+06 392.369 41120
0.00011774 4.19728e+06 494.187 51728
0.000121702 5.10576e+06 621.382 65040
0.000133183 5.87128e+06 781.955 81680
0.000138591 7.09423e+06 983.196 102688
0.000145757 8.47378e+06 1235.11 129104
0.000152757 1.01951e+07 1557.38 162384
0.00015948 1.22721e+07 1957.15 204192
0.000169645 1.45037e+07 2460.47 257024
0.000185164 1.67663e+07 3104.51 323376
0.000204145 1.91191e+07 3903.07 406992
0.000236238 2.07622e+07 4904.82 512240
0.000298495 2.07481e+07 6193.19 644736
0.000604082 1.2887e+07 7784.78 811552
0.000828412 1.18092e+07 9782.87 1021632
0.001214 1.01792e+07 12357.5 1286000
0.00169421 9.1665e+06 15530 1618800
0.00232768 8.38231e+06 19511.4 2037712
0.00305719 8.06508e+06 24656.5 2565200
0.00399339 7.75831e+06 30982 3229344
0.00519622 7.49038e+06 38921.7 4065296
0.00669285 7.35148e+06 49202.3 5117776
0.00862892 7.16326e+06 61811.3 6442736
0.0109982 7.05959e+06 77642.6 8110688
0.0139463 7.03864e+06 98162.9 10210656
0.0175898 7.01101e+06 123322 12854336
0.0223164 6.94068e+06 154891 16182544
0.0279497 7.00584e+06 195811 20372496
0.035237 6.98266e+06 246048 25647376
0.0443761 6.96303e+06 308992 32287984
0.0563184 6.93541e+06 390591 40647920
0.0710231 6.91174e+06 490894 51172512
0.0902563 6.82935e+06 616392 64422320
0.111815 6.96774e+06 779097 81102672
0.140145 6.98808e+06 979346 102102144
0.175367 7.0112e+06 1.22953e+06 128538944
0.220858 7.03579e+06 1.55391e+06 161820816
0.278001 7.02735e+06 1.95361e+06 203720128
0.351196 6.98255e+06 2.45225e+06 256468304
0.446814 6.9352e+06 3.09874e+06 322874384
0.564833 6.89803e+06 3.89624e+06 406474576
0.686852 7.11878e+06 4.88954e+06 511721120
0.872876 7.07685e+06 6.17721e+06 644218576
1.10327 7.0401e+06 7.76712e+06 811022928
