# filename: ./acpphint-RPi4B-4096MiB-threads_4-LP64-ubuntu_20_10_64bit-g++_10_O3lto-libstdc++-cpulockdown-DSIZE_f-ISIZE_us-using_2_threads-cpus_1_2.txt
# acpphint_main version: 0.1.23

0.000115535 60859.2 7.03137 528
0.000120627 74813.1 9.02447 624
0.000117887 93309.7 11 720
0.000117183 110938 13 816
0.000116887 128329 15 912
0.000117757 160936 18.9513 1104
0.000117332 196025 23 1296
0.00011698 246405 28.8244 1584
0.000118646 291166 34.5456 1872
0.000116313 365134 42.4698 2256
0.000118739 440573 52.3132 2736
