# filename: ./acpphint-RPi4B-4096MiB-threads_4-LP64-ubuntu_20_10_64bit-g++_10_O3-libstdc++-cpulockdown-DSIZE_f-ISIZE_ui-using_4_threads.txt
# acpphint_main version: 0.1.23

0.000212295 70656.4 15 1120
0.000210499 90247.2 18.9969 1328
0.000215406 106775 23 1536
0.000211221 127800 26.994 1744
0.00021235 145949 30.9922 1952
0.000210536 185155 38.9817 2368
0.00021461 218879 46.9737 2784
0.000210498 279079 58.7456 3408
0.000209072 335947 70.2371 4032
0.000212258 406693 86.3238 4864
0.000211499 503500 106.49 5904
0.000212406 612847 130.172 7152
0.000213536 759131 162.102 8816
0.000218017 924329 201.519 10896
0.000213702 1.18859e+06 254.004 13600
0.000216887 1.46383e+06 317.486 16928
0.000217351 1.81846e+06 395.245 21088
0.000217888 2.265e+06 493.517 26288
0.000219999 2.80514e+06 617.127 32944
0.000218776 3.52458e+06 771.094 41264
0.000223591 4.31809e+06 965.485 51872
