# filename: ./acpphint-RPi4B-8192MiB-threads_4-LP64-ubuntu_20_04_1_64bit-g++_9_O3-libstdc++-DSIZE_ul-ISIZE_ul-using_2_threads-cpus_2_3.txt
# acpphint_main version: 0.1.23

8.7556e-05 79948.8 7 976
8.6037e-05 104606 9 1184
8.763e-05 125528 11 1392
8.7963e-05 147789 13 1600
8.6204e-05 174006 15 1808
8.4889e-05 223822 19 2224
8.7e-05 264368 23 2640
8.7075e-05 332281 28.9334 3264
8.5223e-05 408088 34.7785 3888
8.5463e-05 501019 42.8186 4720
8.6204e-05 613458 52.8825 5760
8.5667e-05 756580 64.8139 7008
8.513e-05 949682 80.8465 8672
8.7871e-05 1.14617e+06 100.715 10752
8.7408e-05 1.45296e+06 127 13456
8.889e-05 1.78873e+06 159 16784
8.8055e-05 2.25482e+06 198.548 20944
9.0185e-05 2.75731e+06 248.668 26144
9.4167e-05 3.31718e+06 312.369 32800
0.000101482 3.86639e+06 392.369 41120
0.000103463 4.77646e+06 494.187 51728
0.000107686 5.77031e+06 621.382 65040
0.000110722 7.06232e+06 781.955 81680
0.000113685 8.64842e+06 983.196 102688
0.000117741 1.04901e+07 1235.11 129104
0.000124722 1.24868e+07 1557.38 162384
0.000134371 1.45653e+07 1957.15 204192
0.000145278 1.69363e+07 2460.47 257024
0.000160241 1.9374e+07 3104.51 323376
0.000177426 2.19983e+07 3903.07 406992
0.000250315 1.95946e+07 4904.82 512240
0.000304464 2.03413e+07 6193.19 644736
0.000574131 1.35592e+07 7784.78 811552
0.000875706 1.11714e+07 9782.87 1021632
0.00120682 1.02398e+07 12357.5 1286000
0.00172026 9.02768e+06 15530 1618800
0.00240123 8.12558e+06 19511.4 2037712
0.00317425 7.76766e+06 24656.5 2565200
0.00416742 7.43434e+06 30982 3229344
0.00539816 7.21018e+06 38921.7 4065296
0.0068949 7.13604e+06 49202.3 5117776
0.00884307 6.98979e+06 61811.3 6442736
0.011388 6.81794e+06 77642.6 8110688
0.0143406 6.84511e+06 98162.9 10210656
0.0182245 6.76684e+06 123322 12854336
0.0232723 6.65559e+06 154891 16182544
0.0289813 6.75647e+06 195811 20372496
0.0366101 6.72076e+06 246048 25647376
0.04627 6.67803e+06 308992 32287984
0.0583244 6.69687e+06 390591 40647920
0.0737262 6.65833e+06 490894 51172512
0.0928476 6.63875e+06 616392 64422320
0.114881 6.78178e+06 779097 81102672
0.144829 6.7621e+06 979346 102102144
0.182467 6.73839e+06 1.22953e+06 128538944
0.229773 6.7628e+06 1.55391e+06 161820816
0.290302 6.72959e+06 1.95361e+06 203720128
0.366951 6.68276e+06 2.45225e+06 256468304
0.471479 6.57238e+06 3.09874e+06 322874384
0.578132 6.73936e+06 3.89624e+06 406474576
0.726494 6.73033e+06 4.88954e+06 511721120
0.914438 6.7552e+06 6.17721e+06 644218576
1.18258 6.56796e+06 7.76712e+06 811022928
