# filename: ./acpphint-RPi4B-8192MiB-threads_4-LP64-ubuntu_20_04_1_64bit-g++_9_O3-libstdc++-cpulockdown-DSIZE_us-ISIZE_us-using_2_threads-cpus_2_3.txt
# acpphint_main version: 0.1.23

0.000116814 58356 6.81679 352
9.0296e-05 96163.9 8.68322 404
9.0962e-05 115851 10.538 456
9.8518e-05 125719 12.3856 508
9.5611e-05 148209 14.1704 560
0.000115536 152858 17.6606 664
0.000113851 185162 21.0809 768
0.000100166 259932 26.0363 924
0.000109906 278132 30.5684 1080
0.000108685 336550 36.578 1288
0.000102444 428406 43.8877 1548
