# filename: ./acpphint-RPi4B-4096MiB-threads_4-LP64-ubuntu_20_10_64bit-g++_10_O3lto-libstdc++-DSIZE_f-ISIZE_us-using_2_threads-cpus_1_3.txt
# acpphint_main version: 0.1.23

0.000110924 63389.1 7.03137 528
0.000109573 82360.4 9.02447 624
0.000129369 85028.1 11 720
0.00012935 100503 13 816
0.000128461 116767 15 912
0.000121906 155458 18.9513 1104
0.000130091 176799 23 1296
0.000129739 222173 28.8244 1584
0.000130794 264122 34.5456 1872
0.000111443 381090 42.4698 2256
0.00011235 465627 52.3132 2736
