# filename: ./acpphint-RPi4B-4096MiB-threads_4-LP64-ubuntu_20_10_64bit-g++_10_O3lto-libstdc++-DSIZE_s-ISIZE_us-using_1_threads.txt
# acpphint_main version: 0.1.23

7.72759e-08 1.29407e+07 1 124
1.07263e-07 1.84539e+07 1.97942 150
1.40286e-07 2.10733e+07 2.95628 176
1.70045e-07 2.29849e+07 3.90847 202
2.01722e-07 2.41042e+07 4.86235 228
2.35e-07 2.48093e+07 5.83019 254
2.65929e-07 2.53576e+07 6.74332 280
3.315e-07 2.58153e+07 8.55776 332
4.02875e-07 2.57074e+07 10.3569 384
5e-07 2.59807e+07 12.9903 462
5.92667e-07 2.61554e+07 15.5014 540
7.2225e-07 2.59853e+07 18.7679 644
8.8425e-07 2.57141e+07 22.7377 774
1.065e-06 2.55257e+07 27.1849 930
1.324e-06 2.46786e+07 32.6744 1138
1.639e-06 2.39306e+07 39.2222 1398
2.038e-06 2.29003e+07 46.6708 1736
2.575e-06 2.12918e+07 54.8265 2152
3.205e-06 1.99933e+07 64.0787 2672
4.075e-06 1.8154e+07 73.9773 3322
