# filename: ./acpphint-RPi4B-4096MiB-threads_4-LP64-ubuntu_20_10_64bit-g++_10_O3lto-libstdc++-cpulockdown-DSIZE_ull-ISIZE_ull-using_3_threads-cpus_0_1_2.txt
# acpphint_main version: 0.1.23

0.000162238 67801.6 11 1464
0.000164608 85050.5 14 1776
0.000160182 106129 17 2088
0.000165923 120538 20 2400
0.000161053 142810 23 2712
0.000162757 178180 29 3336
0.000159534 219389 35 3960
0.000163998 267483 43.8667 4896
0.000159812 328862 52.5562 5832
0.000163053 396415 64.6367 7080
0.000161535 493783 79.7633 8640
0.000162368 601301 97.6321 10512
0.000159775 761671 121.696 13008
0.000161589 937135 151.431 16128
0.000163108 1.171e+06 191 20184
0.000165886 1.44075e+06 239 25176
0.000165146 1.80507e+06 298.101 31416
0.000167775 2.22519e+06 373.332 39216
0.00016746 2.79897e+06 468.716 49200
0.00016846 3.49488e+06 588.747 61680
0.000167608 4.4232e+06 741.364 77592
0.000174645 5.33488e+06 931.71 97560
0.000177163 6.62061e+06 1172.93 122520
0.000187293 7.87201e+06 1474.37 154032
0.000193848 9.54927e+06 1851.11 193656
0.000204255 1.14356e+07 2335.79 243576
0.00024081 1.2185e+07 2934.27 306288
0.0002527 1.45893e+07 3686.7 385536
0.000288569 1.6135e+07 4656.07 485064
0.000387678 1.50926e+07 5851.08 610488
0.000516972 1.42138e+07 7348.13 768360
0.000744819 1.24708e+07 9288.46 967104
0.0010872 1.07335e+07 11669.4 1217328
0.00143418 1.02182e+07 14654.7 1532448
0.00197377 9.39022e+06 18534.2 1929000
0.00266387 8.73869e+06 23278.8 2428200
0.00356017 8.20908e+06 29225.7 3056568
0.00460104 8.03777e+06 36982.1 3847800
0.00609297 7.62184e+06 46439.6 4844016
0.00788315 7.39505e+06 58296.3 6097944
0.00955575 7.72327e+06 73801.6 7676664
0.0119945 7.72429e+06 92648.8 9664104
0.015411 7.54558e+06 116285 12166032
0.0193064 7.62633e+06 147237 15315984
0.0244238 7.56819e+06 184844 19281504
0.0314991 7.3642e+06 231965 24273816
0.0388457 7.56003e+06 293675 30558744
0.0493713 7.46969e+06 368788 38471064
0.0626152 7.38989e+06 462719 48431976
0.0785305 7.45882e+06 585745 60971880
0.098682 7.45578e+06 735751 76758768
0.125791 7.33739e+06 922980 96633480
0.158368 7.37663e+06 1.16823e+06 121654008
0.200822 7.30876e+06 1.46776e+06 153153216
0.250235 7.35662e+06 1.84089e+06 192808416
0.317856 7.32928e+06 2.32966e+06 242731224
0.398556 7.34548e+06 2.92759e+06 305580192
0.503975 7.28389e+06 3.6709e+06 384702456
0.637476 7.28585e+06 4.64455e+06 484311576
0.792724 7.36374e+06 5.83741e+06 609711864
0.995237 7.35211e+06 7.31709e+06 767581680
1.23843 7.47302e+06 9.2548e+06 966327864
