# filename: ./acpphint-HoneyComb-65536MiB-threads_16-LP64-Fedora_34_64bit-g++_11_O3lto-libstdc++-DSIZE_ull-ISIZE_ull-using_8_threads-cpus_kx4p1_kx4p2_1_14.txt
# acpphint_main version: 0.1.24

0.000424505 73026.2 31 3904
0.000428304 91056.8 39 4736
0.000425665 110415 47 5568
0.000424985 129416 55 6400
0.000429425 146708 63 7232
0.000426505 185226 79 8896
0.000429825 221020 95 10560
0.000431105 274952 118.533 13056
0.000425904 332105 141.445 15552
0.000429784 404220 173.727 18880
0.000432465 495218 214.164 23040
0.000435825 600543 261.732 28032
0.000428265 761092 325.949 34688
0.000428304 945624 405.014 43008
0.000431145 1.18522e+06 511 53824
0.000428185 1.49235e+06 639 67136
0.000424424 1.87519e+06 795.875 83776
0.000425505 2.34225e+06 996.639 104576
0.000428865 2.91562e+06 1250.41 131200
0.000430704 3.64672e+06 1570.66 164480
0.000430705 4.59069e+06 1977.23 206912
0.000427465 5.80926e+06 2483.26 260160
0.000427465 7.31714e+06 3127.82 326720
0.000447304 8.78648e+06 3930.23 410752
0.000455424 1.0827e+07 4930.87 516416
0.000457983 1.35985e+07 6227.89 649536
0.000474503 1.648e+07 7819.82 816768
0.000483823 2.02913e+07 9817.41 1028096
0.000490942 2.52859e+07 12413.9 1293504
0.000514461 3.03055e+07 15591 1627968
0.000525501 3.72289e+07 19563.8 2048960
0.00056474 4.38518e+07 24764.9 2578944
0.000594739 5.22793e+07 31092.5 3246208
0.000626897 6.22306e+07 39012.1 4086528
0.000752533 6.5668e+07 49417.3 5144000
0.000841489 7.3705e+07 62022 6475200
0.000937806 8.29524e+07 77793.3 8150848
0.00108352 9.10082e+07 98609.2 10260800
0.00127051 9.73825e+07 123726 12917376
0.00151794 1.02217e+08 155160 16261184
0.00192597 1.02179e+08 196794 20471104
0.00267406 9.2305e+07 246829 25770944
0.00359646 8.60491e+07 309472 32442752
0.00486282 8.07328e+07 392589 40842624
0.00643892 7.64769e+07 492428 51417344
0.00832913 7.41099e+07 617270 64730176
0.0107593 7.2767e+07 782923 81489984
0.0138786 7.07842e+07 982382 102589504
0.0176937 6.95807e+07 1.23114e+06 129151936
0.0225495 6.9236e+07 1.56124e+06 162591680
0.0285841 6.85564e+07 1.95962e+06 204690048
0.0361778 6.78637e+07 2.45516e+06 257689280
0.0457744 6.80025e+07 3.11277e+06 324410688
0.0579027 6.74955e+07 3.90817e+06 408408576
0.0732403 6.68327e+07 4.89484e+06 514155776
0.0924172 6.71313e+07 6.20409e+06 647283264
0.116286 6.69971e+07 7.79083e+06 814880512
0.147175 6.6271e+07 9.75343e+06 1025873216
0.185415 6.66434e+07 1.23567e+07 1291497536
0.233265 6.65209e+07 1.5517e+07 1625898304
0.294212 6.59831e+07 1.9413e+07 2046884480
0.370949 6.62524e+07 2.45763e+07 2576874304
0.466202 6.6174e+07 3.08505e+07 3244091712
0.587428 6.56313e+07 3.85537e+07 4084068928
0.739943 6.58737e+07 4.87428e+07 5141537600
0.929978 6.57222e+07 6.11202e+07 6472811648
1.17296 6.499e+07 7.62307e+07 8148786624
