# filename: ./acpphint-HoneyComb-65536MiB-threads_16-LP64-Fedora_34_64bit-g++_11_O3lto-libstdc++-DSIZE_ld-ISIZE_ull-using_4_threads-cpus_kx2sp1w0_0_7.txt
# acpphint_main version: 0.1.24

0.000180074 83299.1 15 3360
0.000181674 104583 19 4128
0.000181754 126545 23 4896
0.000181354 148880 27 5664
0.000183514 168924 31 6432
0.000184634 211229 39 7968
0.000188714 249054 47 9504
0.000193114 304484 58.8001 11808
0.000196993 357037 70.3339 14112
0.000198994 434459 86.4548 17184
0.000207354 514307 106.644 21024
0.000216512 602513 130.451 25632
0.000232313 699686 162.546 31776
0.000259911 777756 202.147 39456
0.00028439 896656 255 49440
0.00030043 1.06181e+06 319 61728
0.000329949 1.2052e+06 397.655 77088
0.000363428 1.37027e+06 497.994 96288
0.000407826 1.53266e+06 625.057 120864
0.000466703 1.68229e+06 785.128 151584
0.000539541 1.83219e+06 988.539 190752
0.000634457 1.95762e+06 1242.03 239904
0.000748452 2.08952e+06 1563.9 301344
0.000890487 2.20727e+06 1965.55 378912
0.0010776 2.28942e+06 2467.08 476448
0.00131295 2.37191e+06 3114.21 599328
0.00159522 2.45194e+06 3911.39 753696
0.00196453 2.5008e+06 4912.88 948768
0.00242867 2.55599e+06 6207.64 1193760
0.00301149 2.58978e+06 7799.09 1502496
0.00376406 2.60127e+06 9791.35 1891104
0.0046829 2.64447e+06 12383.8 2380320
0.00584562 2.66082e+06 15554.1 2996256
0.00732808 2.6646e+06 19526.4 3771936
0.00918153 2.69138e+06 24711 4748064
0.0115396 2.68881e+06 31027.7 5976864
0.0145586 2.6747e+06 38939.8 7523616
0.0183577 2.68597e+06 49308.1 9471264
0.023343 2.65167e+06 61897.9 11923488
0.0297542 2.61043e+06 77671 15010080
0.0382095 2.57535e+06 98402.6 18896160
0.0489031 2.52518e+06 123489 23788320
0.0624973 2.47898e+06 154930 29946912
0.0798951 2.45719e+06 196318 37700640
0.101748 2.42145e+06 246377 47461920
0.129152 2.39294e+06 309054 59750688
0.163908 2.38894e+06 391566 75221280
0.20761 2.36776e+06 491572 94697760
0.262351 2.34993e+06 616508 119216928
0.331422 2.35654e+06 781008 150084384
0.418868 2.34151e+06 980783 188944416
0.528052 2.32899e+06 1.22983e+06 237866784
0.66576 2.33986e+06 1.55779e+06 299455776
0.840763 2.32749e+06 1.95687e+06 376992288
1.05929 2.316e+06 2.4533e+06 474605088
