# filename: ./acpphint-HoneyComb-65536MiB-threads_16-LP64-Fedora_34_64bit-g++_11_O3lto-libstdc++-DSIZE_ull-ISIZE_ull-using_4_threads-cpus_kx4p3sw0_0_15.txt
# acpphint_main version: 0.1.24

0.000170475 87989.4 15 1952
0.000169475 112111 19 2368
0.000169515 135681 23 2784
0.000169555 159240 27 3200
0.000170874 181420 31 3616
0.000170154 229204 39 4448
0.000170074 276350 47 5280
0.000167754 350514 58.8001 6528
0.000171394 410364 70.3339 7776
0.000168834 512070 86.4548 9440
0.000173075 616170 106.644 11520
0.000168795 772839 130.451 14016
0.000168635 963893 162.546 17344
0.000172234 1.17368e+06 202.147 21504
0.000170595 1.49477e+06 255 26912
0.000175914 1.81339e+06 319 33568
0.000173354 2.29389e+06 397.655 41888
0.000175235 2.84186e+06 497.994 52288
0.000178154 3.50852e+06 625.057 65600
0.000179034 4.38536e+06 785.128 82240
0.000181914 5.4341e+06 988.539 103456
0.000183674 6.76212e+06 1242.03 130080
0.000189394 8.25741e+06 1563.9 163360
0.000187554 1.04799e+07 1965.55 205376
0.000194874 1.26598e+07 2467.07 258208
0.000199474 1.56121e+07 3114.2 324768
0.000212633 1.8395e+07 3911.39 408384
0.000222873 2.20434e+07 4912.88 514048
0.000252671 2.45681e+07 6207.63 646752
0.00029143 2.67614e+07 7799.08 813984
0.000312029 3.13795e+07 9791.33 1024480
0.000339148 3.65143e+07 12383.7 1289472
0.000391747 3.97044e+07 15554.1 1623104
0.000443624 4.40156e+07 19526.4 2043264
0.000502822 4.91443e+07 24710.8 2572000
0.000594859 5.21594e+07 31027.5 3237600
0.000683615 5.69612e+07 38939.5 4075424
0.000829969 5.9409e+07 49307.6 5130400
0.00106412 5.81673e+07 61897.1 6458688
0.00139967 5.54916e+07 77669.8 8130592
0.00194113 5.06925e+07 98400.6 10235552
0.00290849 4.2457e+07 123486 12885472
0.00423632 3.65706e+07 154925 16221376
0.00619189 3.17043e+07 196309 20421312
0.00862375 2.85681e+07 246365 25708672
0.0117622 2.62736e+07 309034 32365088
0.0160018 2.44681e+07 391534 40744992
0.0211854 2.32009e+07 491521 51294752
0.0283542 2.17403e+07 616428 64575968
0.0375861 2.07757e+07 780880 81295840
0.0495076 1.98067e+07 980581 102345024
0.0646616 1.90145e+07 1.22951e+06 128844640
0.0836796 1.861e+07 1.55728e+06 162205344
0.10684 1.83083e+07 1.95606e+06 204204288
0.136396 1.79774e+07 2.45204e+06 257077888
0.173624 1.78841e+07 3.10511e+06 323641632
0.220188 1.77172e+07 3.90112e+06 407440256
0.278161 1.75755e+07 4.88881e+06 512936608
0.351922 1.75869e+07 6.18922e+06 645748768
0.443492 1.75355e+07 7.77683e+06 812949152
0.558893 1.74305e+07 9.7418e+06 1023442240
0.705282 1.74794e+07 1.23279e+07 1288437152
0.889268 1.7418e+07 1.54893e+07 1622045856
1.12041 1.73067e+07 1.93906e+07 2042034464
