# filename: ./acpphint-HoneyComb-65536MiB-threads_16-LP64-Fedora_37_64bit-g++_12_O3lto-libstdc++-DSIZE_ull-ISIZE_ull-using_5_threads.txt
# acpphint_main version: 0.1.29

0.000301549 63008 19 2440
0.00029727 80734.7 24 2960
0.000299909 96696 29 3480
0.000304069 111817 34 4000
0.000298349 130719 39 4520
0.000297629 164634 49 5560
0.000296109 199251 59 6600
0.000300069 245721 73.7334 8160
0.000300869 292857 88.1116 9720
0.000302829 357538 108.273 11800
0.00029439 453561 133.524 14400
0.000298309 547322 163.271 17520
0.000297949 682656 203.397 21680
0.000301949 837439 252.864 26880
0.000300629 1.06111e+06 319 33640
0.000301109 1.3251e+06 399 41960
0.000300069 1.65698e+06 497.209 52360
0.000300149 2.07449e+06 622.655 65360
0.000301629 2.59059e+06 781.396 82000
0.000306349 3.20389e+06 981.51 102800
0.000302829 4.08056e+06 1235.71 129320
0.000300429 5.16707e+06 1552.34 162600
0.000307908 6.34892e+06 1954.88 204200
0.000324548 7.56966e+06 2456.72 256720
0.000326388 9.4459e+06 3083.03 322760
0.000328828 1.18379e+07 3892.62 405960
0.000328228 1.48936e+07 4888.5 510480
0.000342707 1.79133e+07 6139.02 642560
0.000364307 2.12985e+07 7759.21 808440
0.000379306 2.56971e+07 9747.07 1017480
0.000393985 3.10532e+07 12234.5 1280600
0.000438384 3.53093e+07 15479 1611840
0.000477343 4.07227e+07 19438.7 2028880
0.00055154 4.42359e+07 24397.9 2554080
0.000607018 5.0884e+07 30887.5 3215000
0.000701095 5.5308e+07 38776.2 4047000
0.000775491 6.27385e+07 48653.1 5094280
0.000896567 6.87434e+07 61633.1 6413000
0.00104592 7.39581e+07 77354.4 8073360
0.00126911 7.64649e+07 97042.7 10163240
0.00145531 8.45179e+07 122999 12794440
0.00193717 7.96638e+07 154322 16106840
0.00253211 7.64435e+07 193563 20276720
0.0033792 7.26152e+07 245381 25526640
0.00452735 6.80051e+07 307883 32135840
0.00591766 6.5245e+07 386098 40456360
0.00759816 6.44088e+07 489388 50931240
0.00989456 6.20793e+07 614247 64118440
0.0124184 6.20145e+07 770123 80719960
0.0160744 6.07175e+07 975996 101619800
0.0204853 5.98176e+07 1.22538e+06 127931280
0.0259776 5.91274e+07 1.53599e+06 161055800
0.0322185 6.04081e+07 1.94626e+06 202756680
0.0409133 5.97423e+07 2.44426e+06 255255360
0.0516751 5.92743e+07 3.063e+06 321347360
0.0647638 5.99143e+07 3.88028e+06 404552040
0.0821034 5.93667e+07 4.87421e+06 509300320
0.103161 5.91889e+07 6.10601e+06 641170760
0.130177 5.94018e+07 7.73276e+06 807185960
0.164144 5.91828e+07 9.7145e+06 1016186440
0.206874 5.87978e+07 1.21637e+07 1279302800
0.260158 5.91817e+07 1.53966e+07 1610546440
0.328134 5.89391e+07 1.93399e+07 2027557320
0.412618 5.86441e+07 2.41976e+07 2552543080
0.519339 5.8925e+07 3.06021e+07 3213461000
0.653986 5.87434e+07 3.84174e+07 4045507280
0.823319 5.83053e+07 4.80038e+07 5092991640
1.03759 5.84163e+07 6.06123e+07 6411696040
