# filename: ./acpphint-HoneyComb-65536MiB-threads_16-LP64-Fedora_34_64bit-g++_11_O3lto-libstdc++-DSIZE_ull-ISIZE_ull-using_4_threads-cpus_kx4p1_kx4p2w0_0_14.txt
# acpphint_main version: 0.1.24

0.000174755 85834.5 15 1952
0.000173154 109729 19 2368
0.000173314 132707 23 2784
0.000172794 156255 27 3200
0.000172635 179570 31 3616
0.000174154 223940 39 4448
0.000173874 270311 47 5280
0.000175034 335935 58.8001 6528
0.000171914 409122 70.3339 7776
0.000173355 498716 86.4548 9440
0.000172955 616598 106.644 11520
0.000174515 747508 130.451 14016
0.000173794 935281 162.546 17344
0.000178874 1.13011e+06 202.147 21504
0.000178634 1.4275e+06 255 26912
0.000179434 1.77781e+06 319 33568
0.000177474 2.24064e+06 397.655 41888
0.000181314 2.74658e+06 497.994 52288
0.000181394 3.44585e+06 625.057 65600
0.000182035 4.31306e+06 785.128 82240
0.000184874 5.3471e+06 988.539 103456
0.000186874 6.64633e+06 1242.03 130080
0.000194513 8.0401e+06 1563.9 163360
0.000199113 9.87151e+06 1965.55 205376
0.000200154 1.23259e+07 2467.07 258208
0.000202513 1.53778e+07 3114.2 324768
0.000212153 1.84366e+07 3911.39 408384
0.000233152 2.10716e+07 4912.88 514048
0.000243952 2.54461e+07 6207.63 646752
0.000260432 2.99467e+07 7799.08 813984
0.00028359 3.45264e+07 9791.33 1024480
0.000307429 4.02816e+07 12383.7 1289472
0.000349707 4.44775e+07 15554.1 1623104
0.000397466 4.91271e+07 19526.4 2043264
0.000455863 5.42067e+07 24710.8 2572000
0.00054286 5.71556e+07 31027.5 3237600
0.000629178 6.18895e+07 38939.5 4075424
0.000759172 6.49492e+07 49307.6 5130400
0.000966844 6.40197e+07 61897.1 6458688
0.00111896 6.94125e+07 77669.8 8130592
0.00197605 4.97967e+07 98400.6 10235552
0.00289893 4.2597e+07 123486 12885472
0.00219268 7.06555e+07 154925 16221376
0.00281005 6.98597e+07 196309 20421312
0.00366618 6.71992e+07 246365 25708672
0.00475422 6.5002e+07 309034 32365088
0.00602993 6.49317e+07 391534 40744992
0.0078801 6.23749e+07 491521 51294752
0.00991622 6.21636e+07 616428 64575968
0.012552 6.22116e+07 780880 81295840
0.01621 6.04923e+07 980581 102345024
0.0202195 6.08081e+07 1.22951e+06 128844640
0.0255277 6.10034e+07 1.55728e+06 162205344
0.0320857 6.09638e+07 1.95606e+06 204204288
0.0409488 5.98806e+07 2.45204e+06 257077888
0.0522811 5.93925e+07 3.10511e+06 323641632
0.0646701 6.03233e+07 3.90112e+06 407440256
0.0819119 5.96838e+07 4.88881e+06 512936608
0.104461 5.92489e+07 6.18922e+06 645748768
0.129269 6.016e+07 7.77683e+06 812949152
0.163233 5.96804e+07 9.7418e+06 1023442240
0.205113 6.0103e+07 1.23279e+07 1288437152
0.255846 6.05413e+07 1.54893e+07 1622045856
0.324438 5.97667e+07 1.93906e+07 2042034464
0.403609 6.07535e+07 2.45206e+07 2570768800
0.51173 6.01793e+07 3.07956e+07 3236405824
0.641867 5.99978e+07 3.85106e+07 4074393312
0.813034 5.98202e+07 4.86359e+07 5129356832
1.01388 6.01769e+07 6.10123e+07 6457477184
