# filename: ./acpphint-HoneyComb-65536MiB-threads_16-LP64-Fedora_34_64bit-g++_11_O3lto-libstdc++-DSIZE_ui-ISIZE_ui-using_8_threads-cpus_kx4p1_kx4p3_1_15.txt
# acpphint_main version: 0.1.24

0.000421505 73511.2 30.9854 2240
0.000423185 92103 38.9766 2656
0.000424945 110523 46.9661 3072
0.000427825 128449 54.9539 3488
0.000422904 148827 62.9395 3904
0.000431225 182977 78.9044 4736
0.000432585 219291 94.8621 5568
0.000425984 277759 118.321 6816
0.000422505 334052 141.139 8064
0.000425465 407237 173.265 9728
0.000424465 502912 213.468 11808
0.000426264 611570 260.69 14304
0.000428744 756470 324.332 17632
0.000417705 963697 402.541 21792
0.000420185 1.20672e+06 507.046 27200
0.000420665 1.50435e+06 632.826 33856
0.000426785 1.84245e+06 786.33 42176
0.000419305 2.34137e+06 981.747 52576
0.000415825 2.95078e+06 1227.01 65888
0.000424825 3.61083e+06 1533.97 82528
0.000438104 4.38106e+06 1919.36 103744
0.000420545 5.68924e+06 2392.58 130368
0.000418146 7.13953e+06 2985.37 163648
0.000421425 8.79909e+06 3708.16 205664
0.000428585 1.07001e+07 4585.92 258496
0.000437665 1.29953e+07 5687.58 325056
0.000454623 1.53687e+07 6986.96 408672
0.000464224 1.83935e+07 8538.72 514336
0.000468864 2.22614e+07 10437.6 647040
0.000487222 2.58518e+07 12595.5 814272
