# filename: ./acpphint-HoneyComb-65536MiB-threads_16-LP64-Fedora_34_64bit-g++_11_O3lto-libstdc++-DSIZE_ull-ISIZE_ull-using_4_threads-cpus_kx4s_0_12.txt
# acpphint_main version: 0.1.24

0.000171555 87435.5 15 1952
0.000169315 112217 19 2368
0.000168834 136228 23 2784
0.000171155 157752 27 3200
0.000169314 183092 31 3616
0.000169515 230068 39 4448
0.000169755 276870 47 5280
0.000169034 347859 58.8001 6528
0.000168794 416685 70.3339 7776
0.000169475 510133 86.4548 9440
0.000170835 624250 106.644 11520
0.000172474 756354 130.451 14016
0.000176114 922960 162.546 17344
0.000172154 1.17422e+06 202.147 21504
0.000173434 1.4703e+06 255 26912
0.000176234 1.81009e+06 319 33568
0.000174394 2.28021e+06 397.655 41888
0.000174554 2.85295e+06 497.994 52288
0.000178474 3.50223e+06 625.057 65600
0.000181754 4.31973e+06 785.128 82240
0.000184394 5.36101e+06 988.539 103456
0.000183074 6.78428e+06 1242.03 130080
0.000184954 8.45564e+06 1563.9 163360
0.000187034 1.0509e+07 1965.55 205376
0.000192834 1.27938e+07 2467.07 258208
0.000199594 1.56027e+07 3114.2 324768
0.000207913 1.88126e+07 3911.39 408384
0.000221913 2.21387e+07 4912.88 514048
0.000253472 2.44904e+07 6207.63 646752
0.00028239 2.76181e+07 7799.08 813984
0.000309909 3.15942e+07 9791.33 1024480
0.000329148 3.76236e+07 12383.7 1289472
0.000378547 4.10889e+07 15554.1 1623104
0.000437664 4.46149e+07 19526.4 2043264
0.000517782 4.77244e+07 24710.8 2572000
0.000608898 5.09568e+07 31027.5 3237600
0.000708614 5.49517e+07 38939.5 4075424
0.00082645 5.96619e+07 49307.6 5130400
0.0010644 5.8152e+07 61897.1 6458688
0.00140095 5.54409e+07 77669.8 8130592
0.00190577 5.1633e+07 98400.6 10235552
0.0027983 4.41289e+07 123486 12885472
0.00420036 3.68836e+07 154925 16221376
0.00625012 3.14089e+07 196309 20421312
0.00859628 2.86595e+07 246365 25708672
0.0118327 2.61169e+07 309034 32365088
0.0159157 2.46005e+07 391534 40744992
0.0214209 2.29459e+07 491521 51294752
0.0285843 2.15653e+07 616428 64575968
0.0375355 2.08037e+07 780880 81295840
0.0496605 1.97457e+07 980581 102345024
0.0645512 1.90471e+07 1.22951e+06 128844640
0.0833029 1.86942e+07 1.55728e+06 162205344
0.10708 1.82674e+07 1.95606e+06 204204288
0.136636 1.79458e+07 2.45204e+06 257077888
0.173951 1.78505e+07 3.10511e+06 323641632
0.220153 1.77201e+07 3.90112e+06 407440256
0.277987 1.75865e+07 4.88881e+06 512936608
0.351101 1.7628e+07 6.18922e+06 645748768
0.443387 1.75396e+07 7.77683e+06 812949152
0.559014 1.74267e+07 9.7418e+06 1023442240
0.705244 1.74803e+07 1.23279e+07 1288437152
0.889589 1.74117e+07 1.54893e+07 1622045856
1.12026 1.7309e+07 1.93906e+07 2042034464
