# filename: ./acpphint-HoneyComb-65536MiB-threads_16-LP64-Fedora_34_64bit-g++_11_O3lto-libstdc++-DSIZE_ull-ISIZE_ull-using_4_threads-cpus_kx8_kx8p2_0_2_8_10.txt
# acpphint_main version: 0.1.24

0.000171034 87701.9 15 1952
0.000169114 112350 19 2368
0.000170435 134949 23 2784
0.000169554 159241 27 3200
0.000169515 182875 31 3616
0.000168875 230940 39 4448
0.000170954 274928 47 5280
0.000171434 342989 58.8001 6528
0.000170715 411996 70.3339 7776
0.000170834 506075 86.4548 9440
0.000169835 627925 106.644 11520
0.000172234 757408 130.451 14016
0.000171755 946384 162.546 17344
0.000175754 1.15017e+06 202.147 21504
0.000175314 1.45453e+06 255 26912
0.000177754 1.79461e+06 319 33568
0.000175154 2.27031e+06 397.655 41888
0.000176434 2.82255e+06 497.994 52288
0.000180274 3.46726e+06 625.057 65600
0.000180474 4.35036e+06 785.128 82240
0.000180634 5.47261e+06 988.539 103456
0.000183754 6.75918e+06 1242.03 130080
0.000189514 8.25218e+06 1563.9 163360
0.000195393 1.00594e+07 1965.55 205376
0.000201554 1.22403e+07 2467.07 258208
0.000202033 1.54143e+07 3114.2 324768
0.000213873 1.82884e+07 3911.39 408384
0.000227633 2.15824e+07 4912.88 514048
0.000254191 2.44211e+07 6207.63 646752
0.000284111 2.74508e+07 7799.08 813984
0.00031227 3.13553e+07 9791.33 1024480
0.000344068 3.59921e+07 12383.7 1289472
0.000386987 4.01928e+07 15554.1 1623104
0.000441584 4.42189e+07 19526.4 2043264
0.000510702 4.8386e+07 24710.8 2572000
0.000610657 5.081e+07 31027.5 3237600
0.000705894 5.51634e+07 38939.5 4075424
0.000847009 5.82138e+07 49307.6 5130400
0.00109124 5.67218e+07 61897.1 6458688
0.00143699 5.40504e+07 77669.8 8130592
0.00190553 5.16395e+07 98400.6 10235552
0.00280849 4.39687e+07 123486 12885472
0.0042822 3.61788e+07 154925 16221376
0.0062412 3.14538e+07 196309 20421312
0.00870903 2.82884e+07 246365 25708672
0.0119106 2.5946e+07 309034 32365088
0.0160967 2.43239e+07 391534 40744992
0.0215335 2.28259e+07 491521 51294752
0.0284323 2.16805e+07 616428 64575968
0.0375693 2.0785e+07 780880 81295840
0.0495448 1.97918e+07 980581 102345024
0.0646182 1.90273e+07 1.22951e+06 128844640
0.0834054 1.86712e+07 1.55728e+06 162205344
0.107215 1.82443e+07 1.95606e+06 204204288
0.136697 1.79378e+07 2.45204e+06 257077888
0.17373 1.78732e+07 3.10511e+06 323641632
0.220014 1.77312e+07 3.90112e+06 407440256
0.278513 1.75533e+07 4.88881e+06 512936608
0.351148 1.76256e+07 6.18922e+06 645748768
0.443651 1.75292e+07 7.77683e+06 812949152
0.559454 1.7413e+07 9.7418e+06 1023442240
0.705493 1.74742e+07 1.23279e+07 1288437152
0.889704 1.74095e+07 1.54893e+07 1622045856
1.12133 1.72925e+07 1.93906e+07 2042034464
