# filename: ./acpphint-HoneyComb-65536MiB-threads_16-LP64-Fedora_37_64bit-g++_12_O3lto-libstdc++-cpulockdown-DSIZE_ul-ISIZE_ul-using_2_threads-cpus_2_3.txt
# acpphint_main version: 0.1.29

0.000105756 66190.1 7 976
0.000106516 84494.3 9 1184
0.000105396 104368 11 1392
0.000105676 123018 13 1600
0.000104596 143409 15 1808
0.000106117 179048 19 2224
0.000105316 218390 23 2640
0.000104996 275567 28.9334 3264
0.000105636 329229 34.7785 3888
0.000107356 398846 42.8186 4720
0.000105876 499476 52.8825 5760
0.000106196 610323 64.8139 7008
0.000107156 754475 80.8465 8672
0.000107796 934308 100.715 10752
0.000107396 1.18254e+06 127 13456
0.000107957 1.47281e+06 159 16784
0.000108436 1.83101e+06 198.548 20944
0.000109476 2.27144e+06 248.668 26144
0.000112716 2.77129e+06 312.369 32800
0.000114276 3.43352e+06 392.369 41120
0.000115676 4.27217e+06 494.187 51728
0.000118955 5.22367e+06 621.382 65040
0.000121995 6.40973e+06 781.955 81680
0.000124795 7.87849e+06 983.196 102688
0.000131515 9.39142e+06 1235.11 129104
0.000137795 1.13021e+07 1557.38 162384
0.000145794 1.34241e+07 1957.15 204192
0.000157914 1.55811e+07 2460.47 257024
0.000173193 1.79251e+07 3104.51 323376
0.000190513 2.04872e+07 3903.07 406992
0.000220672 2.22267e+07 4904.82 512240
0.000247471 2.50259e+07 6193.19 644736
0.00028519 2.72968e+07 7784.78 811552
0.000336547 2.90684e+07 9782.87 1021632
0.000396025 3.12039e+07 12357.5 1286000
0.000465703 3.33474e+07 15530 1618800
0.000556939 3.50332e+07 19511.4 2037712
0.000675655 3.64927e+07 24656.5 2565200
0.00082317 3.76374e+07 30982 3229344
0.00100456 3.87449e+07 38921.7 4065296
0.00122759 4.00803e+07 49202.3 5117776
0.00153458 4.02788e+07 61811.3 6442736
0.00191765 4.04884e+07 77642.6 8110688
0.00245883 3.99226e+07 98162.9 10210656
0.00310925 3.9663e+07 123322 12854336
0.00396878 3.90274e+07 154891 16182544
0.00523141 3.74299e+07 195811 20372496
0.00673859 3.65132e+07 246048 25647376
0.00868612 3.55731e+07 308992 32287984
0.0113012 3.45618e+07 390591 40647920
0.014019 3.50163e+07 490894 51172512
0.0178397 3.45516e+07 616392 64422320
0.0226837 3.43461e+07 779097 81102672
0.0288199 3.39815e+07 979346 102102144
0.0363423 3.3832e+07 1.22953e+06 128538944
0.0459341 3.38291e+07 1.55391e+06 161820816
0.0586165 3.33287e+07 1.95361e+06 203720128
0.0740696 3.31073e+07 2.45225e+06 256468304
0.0924428 3.35207e+07 3.09874e+06 322874384
0.116711 3.33836e+07 3.89624e+06 406474576
0.147109 3.32376e+07 4.88954e+06 511721120
0.185221 3.33504e+07 6.17721e+06 644218576
0.233192 3.33078e+07 7.76712e+06 811022928
0.293651 3.31817e+07 9.74384e+06 1021017232
0.369734 3.32816e+07 1.23053e+07 1285384400
0.465493 3.32334e+07 1.54699e+07 1618202912
0.585782 3.31109e+07 1.93958e+07 2037196656
0.737576 3.31875e+07 2.44783e+07 2564678416
0.928748 3.31167e+07 3.0757e+07 3228738592
1.16647 3.30251e+07 3.85229e+07 4064740928
