# filename: ./acpphint-HoneyComb-65536MiB-threads_16-LP64-Fedora_34_64bit-g++_11_O3lto-libstdc++-DSIZE_d-ISIZE_ull-using_4_threads-cpus_kx8p1_kx8p3w0_0_3_9_11.txt
# acpphint_main version: 0.1.24

0.000169994 88238.4 15 1952
0.000167794 113234 19 2368
0.000169714 135522 23 2784
0.000169674 159129 27 3200
0.000168634 183830 31 3616
0.000169794 229690 39 4448
0.000168714 278578 47 5280
0.000169435 347036 58.8001 6528
0.000169755 414326 70.3338 7776
0.000168834 512070 86.4548 9440
0.000169555 628962 106.644 11520
0.000171714 759701 130.451 14016
0.000172915 940035 162.546 17344
0.000173714 1.16368e+06 202.147 21504
0.000173435 1.47029e+06 255 26912
0.000175994 1.81256e+06 319 33568
0.000178434 2.22858e+06 397.655 41888
0.000176075 2.8283e+06 497.994 52288
0.000178794 3.49596e+06 625.057 65600
0.000181114 4.33499e+06 785.127 82240
0.000181634 5.44247e+06 988.538 103456
0.000186274 6.66773e+06 1242.02 130080
0.000192034 8.14388e+06 1563.9 163360
0.000191514 1.02632e+07 1965.54 205376
0.000197594 1.24856e+07 2467.07 258208
0.000210353 1.48046e+07 3114.2 324768
0.000218553 1.78967e+07 3911.38 408384
0.000249551 1.96868e+07 4912.86 514048
0.00026927 2.30535e+07 6207.61 646752
0.00029535 2.64061e+07 7799.04 813984
0.000325029 3.01243e+07 9791.26 1024480
0.000364908 3.39363e+07 12383.6 1289472
0.000423425 3.67335e+07 15553.9 1623104
0.000490462 3.98116e+07 19526.1 2043264
0.000564899 4.3743e+07 24710.4 2572000
0.000672376 4.61449e+07 31026.7 3237600
0.00081381 4.7847e+07 38938.4 4075424
0.00103252 4.77527e+07 49305.7 5130400
0.00131843 4.69453e+07 61894.1 6458688
0.00167358 4.64066e+07 77665.1 8130592
0.00217812 4.51735e+07 98393.2 10235552
0.00318096 3.88166e+07 123474 12885472
0.00480122 3.2264e+07 154906 16221376
0.00701042 2.79983e+07 196280 20421312
0.00972339 2.53325e+07 246318 25708672
0.0133265 2.31839e+07 308961 32365088
0.0178752 2.18972e+07 391417 40744992
0.0237487 2.0689e+07 491336 51294752
0.0314712 1.95778e+07 616138 64575968
0.0414523 1.88268e+07 780415 81295840
0.0537188 1.82403e+07 979847 102345024
0.0696712 1.76308e+07 1.22836e+06 128844640
0.0894639 1.73861e+07 1.55543e+06 162205344
0.115314 1.69376e+07 1.95315e+06 204204288
0.147051 1.66437e+07 2.44746e+06 257077888
0.186481 1.66117e+07 3.09776e+06 323641632
0.236192 1.64676e+07 3.88952e+06 407440256
0.29836 1.63246e+07 4.87062e+06 512936608
0.37578 1.63928e+07 6.16009e+06 645748768
0.474677 1.62865e+07 7.73084e+06 812949152
0.599295 1.61352e+07 9.66976e+06 1023442240
0.755216 1.61711e+07 1.22127e+07 1288437152
0.951602 1.60865e+07 1.53079e+07 1622045856
