# filename: ./acpphint-HoneyComb-65536MiB-threads_16-LP64-Fedora_37_64bit-g++_12_O3lto-libstdc++-cpulockdown-DSIZE_ul-ISIZE_ul-using_8_threads-cpus_kx4p2_kx4p3_2_15.txt
# acpphint_main version: 0.1.29

0.000553901 55966.7 31 3904
0.00054986 70927.1 39 4736
0.000548901 85625.6 47 5568
0.000538501 102135 55 6400
0.000541022 116446 63 7232
0.000560181 141026 79 8896
0.00055906 169928 95 10560
0.000549461 215727 118.533 13056
0.000550821 256789 141.445 15552
0.00056326 308432 173.727 18880
0.00056294 380439 214.164 23040
0.00056582 462570 261.732 28032
0.00056178 580208 325.949 34688
0.000557141 726951 405.014 43008
0.000549421 930070 511 53824
0.000551661 1.15832e+06 639 67136
0.000544901 1.46059e+06 795.875 83776
0.00056326 1.76941e+06 996.639 104576
0.00055802 2.2408e+06 1250.41 131200
0.0005603 2.80324e+06 1570.66 164480
0.000553221 3.57404e+06 1977.23 206912
0.00056154 4.42222e+06 2483.26 260160
0.00058366 5.35898e+06 3127.82 326720
0.00058058 6.76948e+06 3930.23 410752
0.000591659 8.33397e+06 4930.87 516416
0.000602299 1.03402e+07 6227.89 649536
0.000607659 1.28688e+07 7819.82 816768
0.000630698 1.55659e+07 9817.41 1028096
0.000657497 1.88806e+07 12413.9 1293504
0.000657177 2.37242e+07 15591 1627968
0.000672616 2.90861e+07 19563.8 2048960
0.000736534 3.36235e+07 24764.9 2578944
0.000762973 4.07518e+07 31092.5 3246208
0.000822891 4.74086e+07 39012.1 4086528
0.00086829 5.69134e+07 49417.3 5144000
0.000942326 6.5818e+07 62022 6475200
0.00105664 7.3623e+07 77793.3 8150848
0.00116212 8.48529e+07 98609.2 10260800
0.00141435 8.74788e+07 123726 12917376
0.00178426 8.69605e+07 155160 16261184
0.00238291 8.25854e+07 196794 20471104
0.00314181 7.85628e+07 246829 25770944
0.00416009 7.43908e+07 309472 32442752
0.0053888 7.28527e+07 392589 40842624
0.00695163 7.08364e+07 492428 51417344
0.0088834 6.94859e+07 617270 64730176
0.0113695 6.88614e+07 782923 81489984
0.0144641 6.79188e+07 982382 102589504
0.0183622 6.70473e+07 1.23114e+06 129151936
0.0232486 6.71542e+07 1.56124e+06 162591680
0.0293655 6.67321e+07 1.95962e+06 204690048
0.0371375 6.611e+07 2.45516e+06 257689280
0.0468721 6.641e+07 3.11277e+06 324410688
0.0592024 6.60137e+07 3.90817e+06 408408576
0.0747701 6.54653e+07 4.89484e+06 514155776
0.0941488 6.58966e+07 6.20409e+06 647283264
0.118616 6.5681e+07 7.79083e+06 814880512
0.149436 6.52681e+07 9.75343e+06 1025873216
0.188404 6.55864e+07 1.23567e+07 1291497536
0.236827 6.55205e+07 1.5517e+07 1625898304
0.298293 6.50804e+07 1.9413e+07 2046884480
0.375689 6.54166e+07 2.45763e+07 2576874304
0.473161 6.52009e+07 3.08505e+07 3244091712
0.595613 6.47294e+07 3.85537e+07 4084068928
0.750043 6.49867e+07 4.87428e+07 5141537600
0.944009 6.47453e+07 6.11202e+07 6472811648
1.18877 6.41259e+07 7.62307e+07 8148786624
