# filename: ./acpphint-HoneyComb-65536MiB-threads_16-LP64-Fedora_34_64bit-g++_11_O3lto-libstdc++-DSIZE_d-ISIZE_ull-using_8_threads.txt
# acpphint_main version: 0.1.24

0.000442584 70043.2 31 3904
0.000445944 87454.9 39 4736
0.000440904 106599 47 5568
0.000443825 123923 55 6400
0.000441944 142552 63 7232
0.000441144 179080 79 8896
0.000441745 215056 95 10560
0.000440625 269012 118.533 13056
0.000446304 316925 141.445 15552
0.000441904 393134 173.727 18880
0.000440784 485871 214.164 23040
0.000446384 586337 261.732 28032
0.000445544 731576 325.949 34688
0.000442544 915195 405.014 43008
0.000444624 1.14929e+06 511 53824
0.000442584 1.44379e+06 639 67136
0.000443544 1.79435e+06 795.874 83776
0.000439944 2.26538e+06 996.638 104576
0.000445944 2.80396e+06 1250.41 131200
0.000439944 3.57013e+06 1570.66 164480
0.000447344 4.41993e+06 1977.23 206912
0.000436424 5.69e+06 2483.25 260160
0.000448504 6.97389e+06 3127.82 326720
0.000464743 8.45675e+06 3930.22 410752
0.000475742 1.03646e+07 4930.85 516416
0.000488063 1.27604e+07 6227.86 649536
0.000494142 1.5825e+07 7819.77 816768
0.000493462 1.98948e+07 9817.34 1028096
0.000522181 2.3773e+07 12413.8 1293504
0.000537501 2.90062e+07 15590.8 1627968
0.000571019 3.42607e+07 19563.5 2048960
0.000602458 4.11056e+07 24764.4 2578944
0.000623657 4.9854e+07 31091.8 3246208
0.000689654 5.6566e+07 39011 4086528
0.000760932 6.49407e+07 49415.5 5144000
0.000867088 7.15256e+07 62019 6475200
0.000992364 7.83871e+07 77788.6 8150848
0.00113716 8.67089e+07 98601.7 10260800
0.00147627 8.38019e+07 123714 12917376
0.00209744 7.39669e+07 155141 16261184
0.00224499 8.76457e+07 196764 20471104
0.00299429 8.24177e+07 246782 25770944
0.00400265 7.72986e+07 309399 32442752
0.00525256 7.47199e+07 392471 40842624
0.00682674 7.21051e+07 492243 51417344
0.00897646 6.8733e+07 616979 64730176
0.0114435 6.83754e+07 782456 81489984
0.0148216 6.62309e+07 981645 102589504
0.0188884 6.51182e+07 1.22998e+06 129151936
0.023608 6.60531e+07 1.55938e+06 162591680
0.0310636 6.299e+07 1.9567e+06 204690048
0.0824909 2.97072e+07 2.45057e+06 257689280
0.105918 2.93188e+07 3.10539e+06 324410688
0.0603205 6.45971e+07 3.89653e+06 408408576
0.075819 6.4319e+07 4.8766e+06 514155776
0.0949541 6.50295e+07 6.17482e+06 647283264
0.120811 6.41061e+07 7.7447e+06 814880512
0.151141 6.4054e+07 9.68119e+06 1025873216
0.192945 6.34426e+07 1.22409e+07 1291497536
0.240106 6.38675e+07 1.53349e+07 1625898304
