# filename: ./acpphint-HoneyComb-65536MiB-threads_16-LP64-Fedora_37_64bit-g++_12_O3lto-libstdc++-DSIZE_ul-ISIZE_ul-using_14_threads.txt
# acpphint_main version: 0.1.29

0.00102032 53904.5 55 6832
0.00102784 67130.9 69 8288
0.00102332 81108.3 83 9744
0.00101308 95747.3 97 11200
0.00102072 108746 111 12656
0.00101536 136897 139 15568
0.00102788 162470 167 18480
0.00103876 200367 208.133 22848
0.00102648 241710 248.111 27216
0.00103092 295499 304.636 33040
0.00102804 365203 375.444 40320
0.00102404 447885 458.654 49056
0.00101384 563258 571.055 60704
0.0010212 694589 709.316 75264
0.00102376 874226 895 94192
0.00101988 1.09718e+06 1119 117488
0.00103124 1.351e+06 1393.21 146608
0.00102748 1.69794e+06 1744.6 183008
0.00102032 2.14484e+06 2188.43 229600
0.00102324 2.68652e+06 2748.96 287840
0.00103576 3.34079e+06 3460.27 362096
0.00105408 4.12214e+06 4345.08 455280
0.0010874 5.03376e+06 5473.71 571760
0.00110084 6.24726e+06 6877.24 718816
0.00106388 8.10853e+06 8626.51 903728
0.0010478 1.04012e+07 10898.4 1136688
0.0010326 1.32504e+07 13682.4 1429344
0.00103584 1.65799e+07 17174.1 1799168
0.00106288 2.04382e+07 21723.4 2263632
0.00106256 2.56727e+07 27278.9 2848944
0.00107464 3.18453e+07 34222.3 3585680
0.001075 4.0313e+07 43336.5 4513152
0.00110304 4.93182e+07 54399.9 5680864
0.001168 5.84249e+07 68240.2 7151424
0.00134339 6.43719e+07 86476.6 9002000
0.00147475 7.35807e+07 108513 11331600
0.00162162 8.3911e+07 136072 14263984
0.00174814 9.87106e+07 172559 17956400
0.002259 9.58234e+07 216465 22605408
0.00304705 8.90659e+07 271388 28457072
0.00410793 8.38319e+07 344375 35824432
0.00556564 7.75887e+07 431830 45099152
0.00732853 7.3858e+07 541270 56774816
0.00949525 7.23492e+07 686974 71474592
0.0122568 7.02851e+07 861470 89980352
0.0156242 6.90938e+07 1.07954e+06 113277808
0.0199252 6.87509e+07 1.36987e+06 142607472
0.0252237 6.81289e+07 1.71846e+06 179531632
0.0319921 6.72935e+07 2.15286e+06 226015888
0.0404365 6.75439e+07 2.73124e+06 284535440
0.051118 6.70477e+07 3.42735e+06 358207584
0.0645705 6.64748e+07 4.29231e+06 450956240
0.0815474 6.67575e+07 5.4439e+06 567718704
0.102803 6.64671e+07 6.83301e+06 714715008
0.1295 6.60528e+07 8.55381e+06 899772608
0.163288 6.64112e+07 1.08442e+07 1132745712
0.205491 6.62425e+07 1.36122e+07 1426040896
0.258901 6.57766e+07 1.70296e+07 1795278128
0.326019 6.61763e+07 2.15747e+07 2260120688
0.410722 6.59207e+07 2.70751e+07 2845322032
0.517332 6.5409e+07 3.38382e+07 3582047840
0.651487 6.57234e+07 4.28179e+07 4509530032
0.819903 6.54793e+07 5.36866e+07 5677160496
1.03265 6.48601e+07 6.6978e+07 7147120624
