# filename: ./acpphint-HoneyComb-65536MiB-threads_16-LP64-Fedora_34_64bit-g++_11_O3lto-libstdc++-DSIZE_ul-ISIZE_ul-using_4_threads-cpus_kx4p1_kx4p2w0_0_14.txt
# acpphint_main version: 0.1.24

0.000172194 87111 15 1952
0.000172114 110392 19 2368
0.000174755 131613 23 2784
0.000174635 154608 27 3200
0.000170994 181293 31 3616
0.000171634 227228 39 4448
0.000172634 272252 47 5280
0.000171555 342748 58.8001 6528
0.000171754 409503 70.3339 7776
0.000176355 490232 86.4548 9440
0.000174554 610950 106.644 11520
0.000175915 741559 130.451 14016
0.000175074 928443 162.546 17344
0.000178354 1.1334e+06 202.147 21504
0.000177434 1.43715e+06 255 26912
0.000174714 1.82584e+06 319 33568
0.000177274 2.24316e+06 397.655 41888
0.000179234 2.77846e+06 497.994 52288
0.000181954 3.43525e+06 625.057 65600
0.000186714 4.20498e+06 785.128 82240
0.000185034 5.34247e+06 988.539 103456
0.000191794 6.47583e+06 1242.03 130080
0.000194154 8.05497e+06 1563.9 163360
0.000195474 1.00553e+07 1965.55 205376
0.000201154 1.22646e+07 2467.07 258208
0.000205833 1.51298e+07 3114.2 324768
0.000217073 1.80188e+07 3911.39 408384
0.000232952 2.10897e+07 4912.88 514048
0.000245072 2.53298e+07 6207.63 646752
0.000259191 3.00901e+07 7799.08 813984
0.000285031 3.43518e+07 9791.33 1024480
0.000319029 3.8817e+07 12383.7 1289472
0.000363987 4.27325e+07 15554.1 1623104
0.000406626 4.80204e+07 19526.4 2043264
0.000466743 5.29431e+07 24710.8 2572000
0.000543221 5.71176e+07 31027.5 3237600
0.000656816 5.92853e+07 38939.5 4075424
0.00082501 5.97661e+07 49307.6 5130400
0.00108584 5.70039e+07 61897.1 6458688
0.001102 7.04808e+07 77669.8 8130592
0.00136067 7.23178e+07 98400.6 10235552
0.00169566 7.28247e+07 123486 12885472
0.00220452 7.0276e+07 154925 16221376
0.00621816 3.15703e+07 196309 20421312
0.00870171 2.83122e+07 246365 25708672
0.00471186 6.55863e+07 309034 32365088
0.0160165 2.44457e+07 391534 40744992
0.00777711 6.3201e+07 491521 51294752
0.00996926 6.18329e+07 616428 64575968
0.0126568 6.16967e+07 780880 81295840
0.0161893 6.05697e+07 980581 102345024
0.0203075 6.05446e+07 1.22951e+06 128844640
0.025961 5.99853e+07 1.55728e+06 162205344
0.0326385 5.99312e+07 1.95606e+06 204204288
0.0406763 6.02818e+07 2.45204e+06 257077888
0.0517068 6.00523e+07 3.10511e+06 323641632
0.0643724 6.06024e+07 3.90112e+06 407440256
0.0819356 5.96665e+07 4.88881e+06 512936608
0.102763 6.0228e+07 6.18922e+06 645748768
0.128636 6.04559e+07 7.77683e+06 812949152
0.16275 5.98574e+07 9.7418e+06 1023442240
0.203543 6.05666e+07 1.23279e+07 1288437152
0.254396 6.08863e+07 1.54893e+07 1622045856
0.322909 6.00497e+07 1.93906e+07 2042034464
0.402563 6.09113e+07 2.45206e+07 2570768800
0.510856 6.02824e+07 3.07956e+07 3236405824
0.640408 6.01345e+07 3.85106e+07 4074393312
0.808591 6.01489e+07 4.86359e+07 5129356832
1.00962 6.04312e+07 6.10123e+07 6457477184
