# filename: ./acpphint-HoneyComb-65536MiB-threads_16-LP64-Fedora_34_64bit-g++_11_O3lto-libstdc++-DSIZE_ul-ISIZE_ul-using_1_threads-cpus_11.txt
# acpphint_main version: 0.1.24

9.69423e-08 1.03154e+07 1 280
1.35324e-07 1.47794e+07 2 384
1.75423e-07 1.71015e+07 3 488
2.1405e-07 1.86872e+07 4 592
2.54176e-07 1.96714e+07 5 696
2.94357e-07 2.03834e+07 6 800
3.32385e-07 2.10599e+07 7 904
4.121e-07 2.18394e+07 9 1112
4.95062e-07 2.22194e+07 11 1320
6.13417e-07 2.2823e+07 14 1632
7.281e-07 2.33484e+07 17 1944
8.85125e-07 2.37255e+07 21 2360
1.08017e-06 2.40704e+07 26 2880
1.32e-06 2.42424e+07 32 3504
1.63025e-06 2.45361e+07 40 4336
2.02025e-06 2.47494e+07 50 5376
2.5205e-06 2.4995e+07 63 6728
3.1605e-06 2.4996e+07 79 8392
3.9405e-06 2.51237e+07 99 10472
4.921e-06 2.51981e+07 124 13072
6.161e-06 2.53206e+07 156 16400
7.761e-06 2.52545e+07 196 20560
9.801e-06 2.52015e+07 247 25864
1.2441e-05 2.4998e+07 311 32520
1.552e-05 2.51933e+07 391 40840
2e-05 2.46e+07 492 51344
2.544e-05 2.43318e+07 619 64552
3.2e-05 2.43437e+07 779 81192
4.0719e-05 2.40674e+07 980 102096
5.1319e-05 2.40457e+07 1234 128512
6.5598e-05 2.36745e+07 1553 161688
8.2638e-05 2.36574e+07 1955 203496
0.000103437 2.37922e+07 2461 256120
0.000130476 2.37438e+07 3098 322368
0.000163995 2.37812e+07 3900 405776
0.000208594 2.35385e+07 4909.99 510816
0.000264751 2.33464e+07 6180.99 643000
0.000328509 2.36858e+07 7780.99 809400
0.000416506 2.3517e+07 9794.98 1018856
0.000531981 2.31793e+07 12331 1282600
0.000676055 2.29625e+07 15523.9 1614672
0.000867488 2.25282e+07 19542.9 2032648
0.00110672 2.22304e+07 24602.9 2558888
0.00136067 2.27629e+07 30972.8 3221368
0.0017401 2.24078e+07 38991.6 4055344
0.00223036 2.20088e+07 49087.4 5105328
0.00278018 2.22278e+07 61797.1 6427168
0.00352815 2.20505e+07 77797.6 8091272
0.00462607 2.11715e+07 97940.8 10186248
0.00579402 2.12805e+07 123299 12823688
0.00724265 2.14319e+07 155223 16143992
0.00917602 2.1296e+07 195412 20323960
0.0122391 2.00999e+07 246006 25586256
0.0148736 2.0822e+07 309699 32211160
0.0187233 2.08232e+07 389880 40551336
0.0241098 2.03576e+07 490818 51051072
0.0306223 2.01776e+07 617885 64269472
0.0381837 2.0371e+07 777842 80910408
0.0489499 2.00041e+07 979199 101860064
0.0603737 2.04172e+07 1.23267e+06 128234152
0.0767716 2.02121e+07 1.55172e+06 161437192
0.0971048 2.01155e+07 1.95331e+06 203237288
0.121474 2.02413e+07 2.45879e+06 255860560
0.151862 2.03801e+07 3.09497e+06 322109288
0.195549 1.99214e+07 3.89561e+06 405511464
0.249213 1.96745e+07 4.90313e+06 510508616
0.309269 1.9953e+07 6.17085e+06 642692200
0.390825 1.98702e+07 7.76575e+06 809101456
0.484597 2.0165e+07 9.77193e+06 1018598328
0.606623 2.02677e+07 1.22949e+07 1282339208
0.769822 2.00915e+07 1.54669e+07 1614369296
0.976507 1.99215e+07 1.94535e+07 2032370464
1.21876 2.00711e+07 2.44618e+07 2558602768
