# filename: ./acpphint-HoneyComb-65536MiB-threads_16-LP64-Fedora_37_64bit-g++_12_O3lto-libstdc++-cpulockdown-DSIZE_ul-ISIZE_ul-using_1_threads-cpus_11.txt
# acpphint_main version: 0.1.29

8.53846e-08 1.17117e+07 1 280
1.26857e-07 1.57658e+07 2 384
1.64615e-07 1.82243e+07 3 488
2.05714e-07 1.94444e+07 4 592
2.44706e-07 2.04327e+07 5 696
2.85333e-07 2.1028e+07 6 800
3.26154e-07 2.14623e+07 7 904
4.04e-07 2.22772e+07 9 1112
4.825e-07 2.27979e+07 11 1320
6e-07 2.33333e+07 14 1632
7.2e-07 2.36111e+07 17 1944
8.75e-07 2.4e+07 21 2360
1.07317e-06 2.42274e+07 26 2880
1.3e-06 2.46154e+07 32 3504
1.61e-06 2.48447e+07 40 4336
2e-06 2.5e+07 50 5376
2.4995e-06 2.5205e+07 63 6728
3.1e-06 2.54839e+07 79 8392
3.9e-06 2.53846e+07 99 10472
4.88e-06 2.54098e+07 124 13072
6.36e-06 2.45283e+07 156 16400
7.76e-06 2.52577e+07 196 20560
9.72e-06 2.54115e+07 247 25864
1.2239e-05 2.54106e+07 311 32520
1.5599e-05 2.50657e+07 391 40840
2.0239e-05 2.43095e+07 492 51344
2.5239e-05 2.45255e+07 619 64552
3.1959e-05 2.4375e+07 779 81192
4.0959e-05 2.39264e+07 980 102096
5.0638e-05 2.4369e+07 1234 128512
6.4597e-05 2.40414e+07 1553 161688
8.2437e-05 2.37151e+07 1955 203496
0.000103236 2.38386e+07 2461 256120
0.000129595 2.39052e+07 3098 322368
0.000165074 2.36257e+07 3900 405776
0.000204552 2.40036e+07 4909.99 510816
0.00025767 2.3988e+07 6180.99 643000
0.000328468 2.36887e+07 7780.99 809400
0.000415904 2.35511e+07 9794.98 1018856
0.000527381 2.33815e+07 12331 1282600
0.000668016 2.32389e+07 15523.9 1614672
0.00083737 2.33384e+07 19542.9 2032648
0.00106312 2.31421e+07 24602.9 2558888
0.00136663 2.26636e+07 30972.8 3221368
0.00171498 2.2736e+07 38991.6 4055344
0.00215356 2.27936e+07 49087.4 5105328
0.00277906 2.22367e+07 61797.1 6427168
0.00338824 2.29611e+07 77797.6 8091272
0.004259 2.29962e+07 97940.8 10186248
0.00568643 2.16831e+07 123299 12823688
0.00749701 2.07047e+07 155223 16143992
0.00906523 2.15562e+07 195412 20323960
0.011935 2.06121e+07 246006 25586256
0.0148606 2.08403e+07 309699 32211160
0.0187051 2.08435e+07 389880 40551336
0.0233689 2.1003e+07 490818 51051072
0.0313045 1.97379e+07 617885 64269472
0.0395655 1.96596e+07 777842 80910408
0.050548 1.93717e+07 979199 101860064
0.0611551 2.01564e+07 1.23267e+06 128234152
0.0771397 2.01157e+07 1.55172e+06 161437192
0.095963 2.03549e+07 1.95331e+06 203237288
0.12174 2.01971e+07 2.45879e+06 255860560
0.153315 2.01871e+07 3.09497e+06 322109288
0.19889 1.95868e+07 3.89561e+06 405511464
0.24607 1.99257e+07 4.90313e+06 510508616
0.313147 1.97059e+07 6.17085e+06 642692200
0.383585 2.02452e+07 7.76575e+06 809101456
0.484413 2.01727e+07 9.77193e+06 1018598328
0.610938 2.01246e+07 1.22949e+07 1282339208
0.793585 1.94899e+07 1.54669e+07 1614369296
0.96598 2.01386e+07 1.94535e+07 2032370464
1.21548 2.01252e+07 2.44618e+07 2558602768
