# filename: ./acpphint-HoneyComb-65536MiB-threads_16-LP64-Fedora_34_64bit-g++_11_O3lto-libstdc++-DSIZE_ld-ISIZE_ul-using_8_threads-cpus_kx4p1_kx4p2w0_0_14.txt
# acpphint_main version: 0.1.24

0.000427065 72588.5 31 6720
0.000425745 91604.1 39 8256
0.000425545 110447 47 9792
0.000423265 129942 55 11328
0.000424504 148408 63 12864
0.000420065 188066 79 15936
0.000429185 221350 95 19008
0.000440424 269135 118.533 23616
0.000456183 310061 141.445 28224
0.000452423 383993 173.727 34368
0.000468663 456969 214.164 42048
0.000469584 557369 261.732 51264
0.000478543 681128 325.949 63552
0.000490103 826386 405.014 78912
0.000514901 992424 511 98880
0.000524101 1.21923e+06 639 123456
0.0005545 1.4353e+06 795.875 154176
0.000590859 1.68676e+06 996.639 192576
0.000626937 1.99447e+06 1250.41 241728
0.000723814 2.16997e+06 1570.66 303168
0.000790371 2.50165e+06 1977.23 381504
0.000888688 2.7943e+06 2483.26 479808
0.00100352 3.11684e+06 3127.82 602688
0.0011458 3.43013e+06 3930.23 757824
0.00133599 3.6908e+06 4930.87 952896
0.00156522 3.97892e+06 6227.9 1198656
0.00186525 4.19238e+06 7819.83 1507392
0.00222244 4.41742e+06 9817.43 1897536
0.00269814 4.60093e+06 12414 2387520
0.00328048 4.75268e+06 15591.1 3004992
0.00401549 4.87211e+06 19563.9 3782208
0.00495309 4.99991e+06 24765 4760640
0.00611609 5.08376e+06 31092.7 5992512
0.00758255 5.14503e+06 39012.5 7543872
0.00941116 5.25098e+06 49417.9 9496128
0.01179 5.26063e+06 62022.8 11953728
0.0147565 5.27189e+06 77794.5 15047232
0.0187696 5.25378e+06 98611.2 18942528
0.024001 5.15515e+06 123729 23846976
0.030708 5.05291e+06 155165 30020160
0.0393007 5.0076e+06 196802 37792320
0.0504397 4.8938e+06 246842 47576640
0.0640935 4.82877e+06 309492 59893824
0.0813689 4.8252e+06 392621 75401280
0.103286 4.7681e+06 492479 94923840
0.131156 4.70699e+06 617350 119501376
0.16602 4.71662e+06 783052 150442560
0.209604 4.68781e+06 982585 189395520
0.26456 4.65473e+06 1.23145e+06 238433856
0.334175 4.67344e+06 1.56175e+06 300168768
0.421385 4.65234e+06 1.96043e+06 377888832
0.531935 4.61791e+06 2.45643e+06 475733568
0.670563 4.64507e+06 3.11481e+06 598911552
0.843921 4.63477e+06 3.91138e+06 753984576
1.06376 4.6062e+06 4.89988e+06 949210176
