# filename: ./acpphint-HoneyComb-65536MiB-threads_16-LP64-Fedora_34_64bit-g++_11_O3lto-libstdc++-DSIZE_d-ISIZE_ull-using_4_threads-cpus_kx4s_0_12.txt
# acpphint_main version: 0.1.24

0.000168435 89055.1 15 1952
0.000169514 112085 19 2368
0.000170715 134727 23 2784
0.000169874 158941 27 3200
0.000168555 183916 31 3616
0.000168754 231106 39 4448
0.000169155 277852 47 5280
0.000170235 345405 58.8001 6528
0.000169155 415795 70.3338 7776
0.000170954 505720 86.4548 9440
0.000169715 628369 106.644 11520
0.000173034 753906 130.451 14016
0.000173634 936142 162.546 17344
0.000175595 1.15121e+06 202.147 21504
0.000177954 1.43295e+06 255 26912
0.000179554 1.77662e+06 319 33568
0.000176914 2.24773e+06 397.655 41888
0.000178834 2.78467e+06 497.994 52288
0.000180754 3.45805e+06 625.057 65600
0.000183994 4.26714e+06 785.127 82240
0.000183314 5.3926e+06 988.538 103456
0.000185914 6.68064e+06 1242.02 130080
0.000191354 8.17282e+06 1563.9 163360
0.000195554 1.00512e+07 1965.54 205376
0.000201393 1.225e+07 2467.07 258208
0.000206393 1.50887e+07 3114.2 324768
0.000219113 1.7851e+07 3911.38 408384
0.000251471 1.95365e+07 4912.86 514048
0.00027971 2.2193e+07 6207.61 646752
0.00029135 2.67686e+07 7799.04 813984
0.000328508 2.98052e+07 9791.26 1024480
0.000370267 3.34451e+07 12383.6 1289472
0.000420465 3.69921e+07 15553.9 1623104
0.000489182 3.99158e+07 19526.1 2043264
0.000574979 4.29761e+07 24710.4 2572000
0.000688014 4.50961e+07 31026.7 3237600
0.00082101 4.74274e+07 38938.4 4075424
0.00104832 4.7033e+07 49305.7 5130400
0.00129559 4.77728e+07 61894.1 6458688
0.0016323 4.75802e+07 77665.1 8130592
0.00220772 4.45678e+07 98393.2 10235552
0.0032864 3.75712e+07 123474 12885472
0.00486322 3.18526e+07 154906 16221376
0.00697034 2.81593e+07 196280 20421312
0.00968579 2.54309e+07 246318 25708672
0.0132194 2.33717e+07 308961 32365088
0.0177776 2.20173e+07 391417 40744992
0.0237045 2.07276e+07 491336 51294752
0.0313391 1.96603e+07 616138 64575968
0.0412968 1.88977e+07 780415 81295840
0.0536418 1.82665e+07 979847 102345024
0.0694995 1.76743e+07 1.22836e+06 128844640
0.089698 1.73408e+07 1.55543e+06 162205344
0.115584 1.68981e+07 1.95315e+06 204204288
0.147024 1.66466e+07 2.44746e+06 257077888
0.185976 1.66567e+07 3.09776e+06 323641632
0.236336 1.64576e+07 3.88952e+06 407440256
0.298044 1.6342e+07 4.87062e+06 512936608
0.374443 1.64513e+07 6.16009e+06 645748768
0.473932 1.63121e+07 7.73084e+06 812949152
0.598838 1.61475e+07 9.66976e+06 1023442240
0.753566 1.62065e+07 1.22127e+07 1288437152
0.952654 1.60687e+07 1.53079e+07 1622045856
