# filename: ./acpphint-HoneyComb-65536MiB-threads_16-LP64-Fedora_34_64bit-g++_11_O3lto-libstdc++-DSIZE_f-ISIZE_ui-using_1_threads-cpus_11.txt
# acpphint_main version: 0.1.24

1.09791e-07 9.11269e+06 1.00049 176
1.60036e-07 1.25006e+07 2.00055 228
2.03857e-07 1.4721e+07 3.00098 280
2.54176e-07 1.57401e+07 4.00076 332
3e-07 1.66703e+07 5.0011 384
3.50083e-07 1.7143e+07 6.00149 436
3.9405e-07 1.77692e+07 7.00195 488
4.9e-07 1.83705e+07 9.00152 592
5.82929e-07 1.88702e+07 11 696
7.281e-07 1.92281e+07 14 852
8.65125e-07 1.96475e+07 16.9975 1008
1.0535e-06 1.99335e+07 21 1216
1.2935e-06 2.00962e+07 25.9944 1476
1.58025e-06 2.0242e+07 31.9875 1788
1.96e-06 2.03983e+07 39.9807 2204
2.4205e-06 2.06364e+07 49.9504 2724
3.0405e-06 2.06997e+07 62.9376 3400
3.8e-06 2.07575e+07 78.8784 4232
4.761e-06 2.07541e+07 98.8103 5272
5.921e-06 2.09022e+07 123.762 6572
7.44e-06 2.09114e+07 155.581 8236
9.321e-06 2.0969e+07 195.452 10316
1.1721e-05 2.09943e+07 246.074 12968
1.4721e-05 2.10277e+07 309.548 16296
1.8481e-05 2.10327e+07 388.706 20456
2.328e-05 2.09486e+07 487.683 25708
2.924e-05 2.09088e+07 611.374 32312
3.688e-05 2.07447e+07 765.065 40632
4.6319e-05 2.06673e+07 957.287 51084
5.9439e-05 2.01467e+07 1197.5 64292
7.4718e-05 2.0034e+07 1496.9 80880
9.3758e-05 1.99305e+07 1868.64 101784
0.000118916 1.95067e+07 2319.66 128096
0.000149555 1.92238e+07 2875.01 161220
0.000193074 1.84029e+07 3553.12 202924
