# filename: ./acpphint-HoneyComb-65536MiB-threads_16-LP64-Fedora_34_64bit-g++_11_O3lto-libstdc++-DSIZE_f-ISIZE_ui-using_4_threads-cpus_kx8_kx8p2n0_1_2_8_10.txt
# acpphint_main version: 0.1.24

0.000169755 88362.6 15 1120
0.000167035 113730 18.9969 1328
0.000168235 136714 23 1536
0.000168154 160532 26.994 1744
0.000167874 184616 30.9922 1952
0.000168354 231546 38.9817 2368
0.000170275 275870 46.9737 2784
0.000172314 340922 58.7456 3408
0.000168235 417494 70.2371 4032
0.000171234 504128 86.3238 4864
0.000173275 614571 106.49 5904
0.000169554 767734 130.172 7152
0.000168875 959892 162.102 8816
0.000174635 1.15395e+06 201.519 10896
0.000172675 1.47099e+06 254.004 13600
0.000174234 1.82218e+06 317.486 16928
0.000175114 2.25707e+06 395.245 21088
0.000177274 2.78392e+06 493.517 26288
0.000181874 3.39316e+06 617.127 32944
0.000180675 4.26785e+06 771.094 41264
0.000180755 5.3414e+06 965.485 51872
