# filename: ./acpphint-HoneyComb-65536MiB-threads_16-LP64-Fedora_34_64bit-g++_11_O3lto-libstdc++-DSIZE_d-ISIZE_ul-using_4_threads-cpus_kp2_2_5.txt
# acpphint_main version: 0.1.24

0.000157235 95398.6 15 1952
0.000157115 120931 19 2368
0.000159554 144152 23 2784
0.000157795 171108 27 3200
0.000155875 198877 31 3616
0.000160115 243575 39 4448
0.000157275 298840 47 5280
0.000157675 372919 58.8001 6528
0.000159195 441809 70.3338 7776
0.000159075 543485 86.4548 9440
0.000158795 671581 106.644 11520
0.000159235 819238 130.451 14016
0.000162435 1.00068e+06 162.546 17344
0.000162475 1.24417e+06 202.147 21504
0.000162995 1.56446e+06 255 26912
0.000163795 1.94756e+06 319 33568
0.000163395 2.4337e+06 397.655 41888
0.000173114 2.87668e+06 497.994 52288
0.000168155 3.71715e+06 625.057 65600
0.000179675 4.36971e+06 785.127 82240
0.000183154 5.39731e+06 988.538 103456
0.000187634 6.6194e+06 1242.02 130080
0.000192073 8.14223e+06 1563.9 163360
0.000191434 1.02675e+07 1965.54 205376
0.000199994 1.23357e+07 2467.07 258208
0.000205113 1.51828e+07 3114.2 324768
0.000215553 1.81458e+07 3911.38 408384
0.000241072 2.03792e+07 4912.86 514048
0.000272471 2.27826e+07 6207.61 646752
0.00030415 2.56421e+07 7799.04 813984
0.000341348 2.86841e+07 9791.26 1024480
0.000375027 3.30206e+07 12383.6 1289472
0.000425745 3.65334e+07 15553.9 1623104
0.000505182 3.86516e+07 19526.1 2043264
0.000586859 4.21061e+07 24710.4 2572000
0.000681055 4.55569e+07 31026.7 3237600
0.000811011 4.80121e+07 38938.4 4075424
0.000970484 5.08053e+07 49305.7 5130400
0.00115524 5.3577e+07 61894.1 6458688
0.00142743 5.44092e+07 77665.1 8130592
0.00174849 5.62731e+07 98393.2 10235552
0.00217448 5.67833e+07 123474 12885472
0.00271394 5.70781e+07 154906 16221376
0.00349231 5.62035e+07 196280 20421312
0.00451603 5.45431e+07 246318 25708672
0.00578198 5.34351e+07 308961 32365088
0.00734788 5.32693e+07 391417 40744992
0.00967563 5.07808e+07 491336 51294752
0.0121755 5.06047e+07 616138 64575968
0.0154309 5.05747e+07 780415 81295840
0.0201762 4.85646e+07 979847 102345024
0.0249803 4.91729e+07 1.22836e+06 128844640
0.0311464 4.99393e+07 1.55543e+06 162205344
0.0403304 4.84287e+07 1.95315e+06 204204288
0.0497023 4.92424e+07 2.44746e+06 257077888
0.0629008 4.92483e+07 3.09776e+06 323641632
0.0796234 4.88489e+07 3.88952e+06 407440256
0.0976667 4.98698e+07 4.87062e+06 512936608
0.123194 5.00033e+07 6.16009e+06 645748768
0.156217 4.9488e+07 7.73084e+06 812949152
0.196888 4.9113e+07 9.66976e+06 1023442240
0.246771 4.94899e+07 1.22127e+07 1288437152
0.317249 4.82521e+07 1.53079e+07 1622045856
