# filename: ./acpphint-HoneyComb-65536MiB-threads_16-LP64-Fedora_34_64bit-g++_11_O3lto-libstdc++-DSIZE_d-ISIZE_ui-using_4_threads-cpus_kx8_kx8p2n0_1_2_8_10.txt
# acpphint_main version: 0.1.24

0.000171555 87435.5 15 1824
0.000171475 110800 18.9994 2208
0.000173075 132884 22.9989 2592
0.000169995 158822 26.9989 2976
0.000169835 182521 30.9985 3360
0.000172635 225899 38.9981 4128
0.000174274 269678 46.9978 4896
0.000173274 339323 58.7958 6048
0.000175634 400415 70.3266 7200
0.000173874 497174 86.4457 8736
0.000173195 615680 106.633 10656
0.000172275 757120 130.433 12960
0.000173595 936160 162.513 16032
0.000172874 1.16906e+06 202.101 19872
0.000173835 1.46646e+06 254.922 24864
0.000174834 1.82392e+06 318.884 31008
0.000178875 2.22203e+06 397.465 38688
0.000181434 2.74313e+06 497.697 48288
0.000184114 3.39244e+06 624.596 60576
0.000180994 4.33405e+06 784.438 75936
0.000184194 5.3598e+06 987.242 95520
0.000185554 6.68221e+06 1239.91 120096
0.000189794 8.22236e+06 1560.55 150816
0.000195393 1.0032e+07 1960.17 189600
0.000201234 1.22182e+07 2458.71 238368
0.000209433 1.48047e+07 3100.6 299808
0.000221033 1.75962e+07 3889.33 376992
0.000241712 2.01816e+07 4878.14 474528
0.000279311 2.20261e+07 6152.14 597024
0.00029915 2.5779e+07 7711.8 751392
0.000330669 2.91917e+07 9652.77 945696
0.000372347 3.26678e+07 12163.8 1190304
0.000424065 3.58634e+07 15208.4 1498272
