# filename: ./acpphint-HoneyComb-65536MiB-threads_16-LP64-Fedora_34_64bit-g++_11_O3lto-libstdc++-DSIZE_ui-ISIZE_ui-using_4_threads-cpus_0_1_8_9.txt
# acpphint_main version: 0.1.24

0.000168515 88992.6 14.9966 1120
0.000169275 112210 18.9944 1328
0.000171075 134396 22.9919 1536
0.000157555 171298 26.9889 1744
0.000157835 196315 30.9854 1952
0.000157755 247070 38.9766 2368
0.000159035 295320 46.9661 2784
0.000157635 372683 58.7479 3408
0.000159555 440332 70.2572 4032
0.000160955 536431 86.3413 4864
0.000161435 659525 106.47 5904
0.000160275 812297 130.191 7152
0.000162114 1.00018e+06 162.144 8816
0.000171035 1.17827e+06 201.526 10896
0.000167995 1.51202e+06 254.012 13600
0.000170274 1.86437e+06 317.453 16928
0.000173675 2.27586e+06 395.259 21088
0.000173515 2.84844e+06 494.246 26288
0.000175155 3.53487e+06 619.15 32944
0.000174434 4.44781e+06 775.849 41264
0.000172474 5.64637e+06 973.853 51872
0.000172874 7.05084e+06 1218.91 65184
0.000182834 8.35439e+06 1527.47 81824
0.000180834 1.05532e+07 1908.38 102832
0.000184634 1.28771e+07 2377.55 129248
0.000183554 1.61966e+07 2972.96 162528
0.000189514 1.94778e+07 3691.32 204336
0.000196194 2.3295e+07 4570.33 257168
0.000205513 2.75929e+07 5670.69 323520
0.000219993 3.16824e+07 6969.9 407136
0.000256151 3.32567e+07 8518.73 512384
0.00028643 3.63645e+07 10415.9 644880
0.00031263 4.02111e+07 12571.2 811696
