# filename: ./acpphint-HoneyComb-65536MiB-threads_16-LP64-Fedora_34_64bit-g++_11_O3lto-libstdc++-DSIZE_d-ISIZE_ull-using_4_threads-cpus_kx2s_0_6.txt
# acpphint_main version: 0.1.24

0.000169315 88592.3 15 1952
0.000168794 112563 19 2368
0.000169194 135939 23 2784
0.000169754 159054 27 3200
0.000169955 182401 31 3616
0.000168074 232041 39 4448
0.000172514 272442 47 5280
0.000171234 343390 58.8001 6528
0.000172795 407036 70.3338 7776
0.000171874 503013 86.4548 9440
0.000172915 616741 106.644 11520
0.000170915 763253 130.451 14016
0.000173594 936358 162.546 17344
0.000175674 1.1507e+06 202.147 21504
0.000173715 1.46792e+06 255 26912
0.000177234 1.79988e+06 319 33568
0.000176075 2.25844e+06 397.655 41888
0.000178394 2.79154e+06 497.994 52288
0.000181074 3.45194e+06 625.057 65600
0.000181794 4.31877e+06 785.127 82240
0.000183074 5.39966e+06 988.538 103456
0.000190474 6.52071e+06 1242.02 130080
0.000194233 8.05168e+06 1563.9 163360
0.000196034 1.00265e+07 1965.54 205376
0.000200633 1.22964e+07 2467.07 258208
0.000207033 1.5042e+07 3114.2 324768
0.000218032 1.79395e+07 3911.38 408384
0.000248791 1.97469e+07 4912.86 514048
0.00027975 2.21898e+07 6207.61 646752
0.00030263 2.57709e+07 7799.04 813984
0.000324109 3.02098e+07 9791.26 1024480
0.000369827 3.34849e+07 12383.6 1289472
0.000428265 3.63184e+07 15553.9 1623104
0.000495582 3.94003e+07 19526.1 2043264
0.000589418 4.19233e+07 24710.4 2572000
0.000681656 4.55167e+07 31026.7 3237600
0.000790611 4.9251e+07 38938.4 4075424
0.000979243 5.03509e+07 49305.7 5130400
0.00123887 4.996e+07 61894.1 6458688
0.00159698 4.86325e+07 77665.1 8130592
0.00217572 4.52233e+07 98393.2 10235552
0.00314344 3.92799e+07 123474 12885472
0.00480654 3.22282e+07 154906 16221376
0.0069101 2.84048e+07 196280 20421312
0.00968907 2.54222e+07 246318 25708672
0.0130709 2.36372e+07 308961 32365088
0.0176823 2.21361e+07 391417 40744992
0.023465 2.09391e+07 491336 51294752
0.0310451 1.98465e+07 616138 64575968
0.0412731 1.89086e+07 780415 81295840
0.0535981 1.82814e+07 979847 102345024
0.0695738 1.76554e+07 1.22836e+06 128844640
0.0893334 1.74115e+07 1.55543e+06 162205344
0.115597 1.68962e+07 1.95315e+06 204204288
0.146943 1.66559e+07 2.44746e+06 257077888
0.185153 1.67308e+07 3.09776e+06 323641632
0.236379 1.64546e+07 3.88952e+06 407440256
0.297976 1.63456e+07 4.87062e+06 512936608
0.375603 1.64005e+07 6.16009e+06 645748768
0.475042 1.6274e+07 7.73084e+06 812949152
0.598808 1.61483e+07 9.66976e+06 1023442240
0.753837 1.62007e+07 1.22127e+07 1288437152
0.951545 1.60875e+07 1.53079e+07 1622045856
