# filename: ./acpphint-HoneyComb-65536MiB-threads_16-LP64-Fedora_34_64bit-g++_11_O3lto-libstdc++-DSIZE_f-ISIZE_ui-using_15_threads-cpus_0_2_15.txt
# acpphint_main version: 0.1.24

0.000953324 61843.6 58.957 4200
0.000939045 78707.3 73.9097 4980
0.000950965 93434.1 88.8525 5760
0.000941005 110260 103.755 6540
0.000953525 124435 118.652 7320
0.000943885 157231 148.408 8880
0.000933446 190817 178.117 10440
0.000943445 235289 221.983 12780
0.000939725 281154 264.207 15120
0.000940725 344271 323.865 18240
0.000930525 428458 398.691 22140
0.000954205 509246 485.925 26820
0.000938606 643068 603.587 33060
0.000956405 780217 746.204 40860
