# filename: ./acpphint-HoneyComb-65536MiB-threads_16-LP64-Fedora_34_64bit-g++_11_O3lto-libstdc++-DSIZE_d-ISIZE_ui-using_4_threads-cpus_kx2s_0_14.txt
# acpphint_main version: 0.1.24

0.000169995 88237.9 15 1824
0.000173034 109802 18.9994 2208
0.000173515 132547 22.9989 2592
0.000172555 156465 26.9989 2976
0.000174555 177586 30.9985 3360
0.000172354 226267 38.9981 4128
0.000174114 269925 46.9978 4896
0.000177994 330325 58.7958 6048
0.000173995 404187 70.3266 7200
0.000172914 499935 86.4457 8736
0.000172274 618971 106.633 10656
0.000173594 751367 130.433 12960
0.000172075 944429 162.513 16032
0.000173394 1.16556e+06 202.101 19872
0.000176834 1.44159e+06 254.922 24864
0.000178474 1.78673e+06 318.884 31008
0.000180674 2.1999e+06 397.465 38688
0.000178954 2.78115e+06 497.697 48288
0.000179514 3.47937e+06 624.596 60576
0.000183354 4.27827e+06 784.438 75936
0.000184074 5.36329e+06 987.242 95520
0.000186874 6.63501e+06 1239.91 120096
0.000192834 8.09273e+06 1560.55 150816
0.000197353 9.93232e+06 1960.17 189600
0.000200313 1.22743e+07 2458.71 238368
0.000213153 1.45464e+07 3100.6 299808
0.000228232 1.70411e+07 3889.33 376992
0.000231272 2.10926e+07 4878.14 474528
0.000247551 2.4852e+07 6152.14 597024
0.000271551 2.83991e+07 7711.8 751392
0.00029939 3.22415e+07 9652.77 945696
0.000334948 3.63154e+07 12163.8 1190304
0.000382386 3.97725e+07 15208.4 1498272
