# filename: ./acpphint-HoneyComb-65536MiB-threads_16-LP64-Fedora_34_64bit-g++_11_O3lto-libstdc++-DSIZE_ld-ISIZE_ul-using_4_threads-cpus_kx4s_0_12.txt
# acpphint_main version: 0.1.24

0.000174434 85992.4 15 3360
0.000178434 106482 19 4128
0.000178674 128726 23 4896
0.000181315 148912 27 5664
0.000180394 171846 31 6432
0.000182754 213402 39 7968
0.000187114 251184 47 9504
0.000190273 309030 58.8001 11808
0.000194554 361513 70.3339 14112
0.000199034 434372 86.4548 17184
0.000204554 521347 106.644 21024
0.000214353 608582 130.451 25632
0.000233952 694784 162.546 31776
0.000258191 782937 202.147 39456
0.000298389 854589 255 49440
0.00029963 1.06465e+06 319 61728
0.000327949 1.21255e+06 397.655 77088
0.000360147 1.38275e+06 497.994 96288
0.000407866 1.53251e+06 625.057 120864
0.000463704 1.69317e+06 785.128 151584
0.000535741 1.84518e+06 988.539 190752
0.000628697 1.97556e+06 1242.03 239904
0.000740452 2.11209e+06 1563.9 301344
0.000886087 2.21823e+06 1965.55 378912
0.00106644 2.31337e+06 2467.08 476448
0.00129907 2.39726e+06 3114.21 599328
0.00158666 2.46517e+06 3911.39 753696
0.00194653 2.52392e+06 4912.88 948768
0.00240583 2.58025e+06 6207.64 1193760
0.00298153 2.6158e+06 7799.09 1502496
0.00370098 2.64561e+06 9791.35 1891104
0.00462059 2.68013e+06 12383.8 2380320
0.00578062 2.69074e+06 15554.1 2996256
0.00723993 2.69705e+06 19526.4 3771936
0.00906574 2.72575e+06 24711 4748064
0.0114336 2.71374e+06 31027.7 5976864
0.014515 2.68273e+06 38939.8 7523616
0.0183749 2.68344e+06 49308.1 9471264
0.0233495 2.65093e+06 61897.9 11923488
0.0297638 2.60958e+06 77671 15010080
0.0381161 2.58165e+06 98402.6 18896160
0.0487623 2.53247e+06 123489 23788320
0.0621828 2.49152e+06 154930 29946912
0.0793489 2.47411e+06 196318 37700640
0.101151 2.43575e+06 246377 47461920
0.127989 2.4147e+06 309054 59750688
0.162631 2.40769e+06 391566 75221280
0.20609 2.38523e+06 491572 94697760
0.260733 2.36452e+06 616508 119216928
0.32944 2.37071e+06 781008 150084384
0.416171 2.35668e+06 980783 188944416
0.52564 2.33968e+06 1.22983e+06 237866784
0.662807 2.35029e+06 1.55779e+06 299455776
0.833668 2.3473e+06 1.95687e+06 376992288
1.05281 2.33025e+06 2.4533e+06 474605088
