# filename: ./acpphint-HoneyComb-65536MiB-threads_16-LP64-Fedora_34_64bit-g++_11_O3lto-libstdc++-DSIZE_ui-ISIZE_ui-using_4_threads-cpus_2_3_8_9.txt
# acpphint_main version: 0.1.24

0.000158155 94822.1 14.9966 1120
0.000156195 121607 18.9944 1328
0.000157715 145781 22.9919 1536
0.000157275 171603 26.9889 1744
0.000161675 191652 30.9854 1952
0.000160355 243064 38.9766 2368
0.000167915 279702 46.9661 2784
0.000169195 347220 58.7479 3408
0.000169314 414952 70.2572 4032
0.000167555 515301 86.3413 4864
0.000169875 626758 106.47 5904
0.000159035 818630 130.191 7152
0.000158915 1.02032e+06 162.144 8816
0.000158515 1.27133e+06 201.526 10896
0.000160555 1.58208e+06 254.012 13600
0.000161395 1.96693e+06 317.453 16928
0.000160835 2.45754e+06 395.259 21088
0.000162514 3.04125e+06 494.246 26288
0.000165395 3.74346e+06 619.15 32944
0.000167474 4.63265e+06 775.849 41264
0.000171794 5.66872e+06 973.853 51872
0.000173435 7.02803e+06 1218.91 65184
0.000174434 8.7567e+06 1527.47 81824
0.000182154 1.04767e+07 1908.38 102832
0.000185394 1.28243e+07 2377.55 129248
0.000191714 1.55073e+07 2972.96 162528
0.000198113 1.86324e+07 3691.32 204336
0.000208153 2.19566e+07 4570.33 257168
0.000218832 2.59134e+07 5670.69 323520
0.000224993 3.09783e+07 6969.9 407136
0.000256552 3.32047e+07 8518.73 512384
0.00028467 3.65894e+07 10415.9 644880
0.000313669 4.00779e+07 12571.2 811696
