# filename: ./acpphint-HoneyComb-65536MiB-threads_16-LP64-Fedora_37_64bit-g++_12_O3lto-libstdc++-cpulockdown-DSIZE_ull-ISIZE_ull-using_4_threads-cpus_2_3_8_9.txt
# acpphint_main version: 0.1.29

0.000179714 83466 15 1952
0.000173514 109501 19 2368
0.000181995 126377 23 2784
0.000184554 146299 27 3200
0.000184555 167972 31 3616
0.000184515 211365 39 4448
0.000183155 256613 47 5280
0.000184475 318743 58.8001 6528
0.000185954 378233 70.3339 7776
0.000183874 470185 86.4548 9440
0.000184234 578849 106.644 11520
0.000186674 698819 130.451 14016
0.000184034 883240 162.546 17344
0.000182955 1.1049e+06 202.147 21504
0.000182994 1.39349e+06 255 26912
0.000179354 1.77861e+06 319 33568
0.000180554 2.20241e+06 397.655 41888
0.000184074 2.7054e+06 497.994 52288
0.000189554 3.29752e+06 625.057 65600
0.000185675 4.22851e+06 785.128 82240
0.000188194 5.25277e+06 988.539 103456
0.000193234 6.42757e+06 1242.03 130080
0.000196634 7.95337e+06 1563.9 163360
0.000201634 9.74809e+06 1965.55 205376
0.000204273 1.20773e+07 2467.07 258208
0.000212954 1.46238e+07 3114.2 324768
0.000219153 1.78477e+07 3911.39 408384
0.000233032 2.10824e+07 4912.88 514048
0.000253791 2.44596e+07 6207.63 646752
0.000270831 2.87969e+07 7799.08 813984
0.00030087 3.25434e+07 9791.33 1024480
0.000344789 3.59169e+07 12383.7 1289472
0.000385587 4.03387e+07 15554.1 1623104
0.000435625 4.48238e+07 19526.4 2043264
0.000495502 4.98703e+07 24710.8 2572000
0.0005673 5.46932e+07 31027.5 3237600
0.000669057 5.82006e+07 38939.5 4075424
0.000778132 6.33666e+07 49307.6 5130400
0.000913687 6.77443e+07 61897.1 6458688
0.00111396 6.9724e+07 77669.8 8130592
0.00135659 7.25352e+07 98400.6 10235552
0.00171894 7.18384e+07 123486 12885472
0.0022418 6.91073e+07 154925 16221376
0.00309657 6.33958e+07 196309 20421312
0.00405837 6.07053e+07 246365 25708672
0.00516341 5.98507e+07 309034 32365088
0.00677779 5.77672e+07 391534 40744992
0.00895635 5.48796e+07 491521 51294752
0.0110658 5.57057e+07 616428 64575968
0.0141612 5.51423e+07 780880 81295840
0.0178639 5.48918e+07 980581 102345024
0.0226982 5.41677e+07 1.22951e+06 128844640
0.0305064 5.10476e+07 1.55728e+06 162205344
0.0365015 5.35886e+07 1.95606e+06 204204288
0.0461784 5.30992e+07 2.45204e+06 257077888
0.0582068 5.33462e+07 3.10511e+06 323641632
0.0729592 5.34699e+07 3.90112e+06 407440256
0.0920638 5.31024e+07 4.88881e+06 512936608
0.115764 5.3464e+07 6.18922e+06 645748768
0.14583 5.33281e+07 7.77683e+06 812949152
0.184209 5.28846e+07 9.7418e+06 1023442240
0.232245 5.30814e+07 1.23279e+07 1288437152
0.291686 5.31026e+07 1.54893e+07 1622045856
0.367222 5.28036e+07 1.93906e+07 2042034464
0.461907 5.30856e+07 2.45206e+07 2570768800
0.582086 5.29056e+07 3.07956e+07 3236405824
0.732462 5.2577e+07 3.85106e+07 4074393312
0.922201 5.27389e+07 4.86359e+07 5129356832
1.15923 5.26316e+07 6.10123e+07 6457477184
