# filename: ./acpphint-HoneyComb-65536MiB-threads_16-LP64-Fedora_34_64bit-g++_11_O3lto-libstdc++-DSIZE_ull-ISIZE_ull-using_4_threads-cpus_kx8p1_kx8p3w0_0_3_9_11.txt
# acpphint_main version: 0.1.24

0.000168355 89097.4 15 1952
0.000166634 114022 19 2368
0.000169354 135810 23 2784
0.000168274 160453 27 3200
0.000170435 181888 31 3616
0.000168034 232096 39 4448
0.000167474 280641 47 5280
0.000171514 342829 58.8001 6528
0.000168955 416287 70.3339 7776
0.000170714 506431 86.4548 9440
0.000170114 626895 106.644 11520
0.000170994 762900 130.451 14016
0.000170714 952155 162.546 17344
0.000173954 1.16207e+06 202.147 21504
0.000174075 1.46489e+06 255 26912
0.000173274 1.84101e+06 319 33568
0.000172354 2.3072e+06 397.655 41888
0.000177354 2.80791e+06 497.994 52288
0.000177555 3.52036e+06 625.057 65600
0.000181674 4.32163e+06 785.128 82240
0.000182274 5.42337e+06 988.539 103456
0.000185714 6.68784e+06 1242.03 130080
0.000192753 8.11351e+06 1563.9 163360
0.000192674 1.02014e+07 1965.55 205376
0.000194633 1.26755e+07 2467.07 258208
0.000197034 1.58054e+07 3114.2 324768
0.000211593 1.84854e+07 3911.39 408384
0.000218593 2.2475e+07 4912.88 514048
0.000256991 2.41551e+07 6207.63 646752
0.00027875 2.79788e+07 7799.08 813984
0.000298789 3.277e+07 9791.33 1024480
0.000332548 3.7239e+07 12383.7 1289472
0.000381987 4.07189e+07 15554.1 1623104
0.000441024 4.4275e+07 19526.4 2043264
0.000500542 4.93681e+07 24710.8 2572000
0.000591938 5.24168e+07 31027.5 3237600
0.000697134 5.58566e+07 38939.5 4075424
0.00081173 6.07439e+07 49307.6 5130400
0.00102492 6.0392e+07 61897.1 6458688
0.00134951 5.75541e+07 77669.8 8130592
0.00182357 5.39604e+07 98400.6 10235552
0.00279469 4.41858e+07 123486 12885472
0.00397517 3.89731e+07 154925 16221376
0.00623476 3.14863e+07 196309 20421312
0.00865319 2.84709e+07 246365 25708672
0.011751 2.62985e+07 309034 32365088
0.0159025 2.46209e+07 391534 40744992
0.0212943 2.30823e+07 491521 51294752
0.0284602 2.16593e+07 616428 64575968
0.0377261 2.06987e+07 780880 81295840
0.0495521 1.97889e+07 980581 102345024
0.0645457 1.90487e+07 1.22951e+06 128844640
0.0834653 1.86578e+07 1.55728e+06 162205344
0.107074 1.82683e+07 1.95606e+06 204204288
0.136725 1.79341e+07 2.45204e+06 257077888
0.17406 1.78393e+07 3.10511e+06 323641632
0.220426 1.76981e+07 3.90112e+06 407440256
0.278144 1.75766e+07 4.88881e+06 512936608
0.350968 1.76347e+07 6.18922e+06 645748768
0.443138 1.75494e+07 7.77683e+06 812949152
0.55929 1.74182e+07 9.7418e+06 1023442240
0.705594 1.74717e+07 1.23279e+07 1288437152
0.889838 1.74068e+07 1.54893e+07 1622045856
1.12016 1.73105e+07 1.93906e+07 2042034464
