# filename: ./acpphint-HoneyComb-65536MiB-threads_16-LP64-Fedora_34_64bit-g++_11_O3lto-libstdc++-DSIZE_us-ISIZE_s-using_1_threads-cpus_1.txt
# acpphint_main version: 0.1.24

9.16545e-08 1.09105e+07 1 124
1.27595e-07 1.55134e+07 1.97942 150
1.64481e-07 1.79734e+07 2.95628 176
2.01818e-07 1.93663e+07 3.90847 202
2.37833e-07 2.04444e+07 4.86235 228
2.74733e-07 2.12213e+07 5.83019 254
3.09269e-07 2.1804e+07 6.74332 280
3.81909e-07 2.24078e+07 8.55776 332
4.53389e-07 2.28432e+07 10.3569 384
5.62929e-07 2.30764e+07 12.9903 462
6.70083e-07 2.31336e+07 15.5014 540
8.24e-07 2.27766e+07 18.7679 644
1e-06 2.27377e+07 22.7377 774
1.22017e-06 2.22797e+07 27.1849 930
1.51025e-06 2.16351e+07 32.6744 1138
1.87025e-06 2.09716e+07 39.2222 1398
2.3605e-06 1.97716e+07 46.6708 1736
2.9405e-06 1.86453e+07 54.8265 2152
3.7005e-06 1.73162e+07 64.0787 2672
4.761e-06 1.55382e+07 73.9773 3322
