# filename: ./acpphint-HoneyComb-65536MiB-threads_16-LP64-Fedora_34_64bit-g++_11_O3lto-libstdc++-DSIZE_ul-ISIZE_ul-using_4_threads-cpus_kx2sp1_1_7.txt
# acpphint_main version: 0.1.24

0.000170314 88072.6 15 1952
0.000171514 110778 19 2368
0.000168594 136422 23 2784
0.000170074 158754 27 3200
0.000173755 178412 31 3616
0.000170514 228720 39 4448
0.000173194 271372 47 5280
0.000173675 338564 58.8001 6528
0.000173195 406096 70.3339 7776
0.000176715 489233 86.4548 9440
0.000171194 622941 106.644 11520
0.000172395 756701 130.451 14016
0.000172434 942657 162.546 17344
0.000173555 1.16474e+06 202.147 21504
0.000174355 1.46253e+06 255 26912
0.000176954 1.80273e+06 319 33568
0.000175835 2.26152e+06 397.655 41888
0.000176515 2.82125e+06 497.994 52288
0.000180354 3.46572e+06 625.057 65600
0.000180794 4.34266e+06 785.128 82240
0.000183034 5.40085e+06 988.539 103456
0.000184314 6.73864e+06 1242.03 130080
0.000187594 8.33664e+06 1563.9 163360
0.000193993 1.0132e+07 1965.55 205376
0.000194473 1.26859e+07 2467.07 258208
0.000203514 1.53022e+07 3114.2 324768
0.000213193 1.83467e+07 3911.39 408384
0.000222993 2.20315e+07 4912.88 514048
0.000252711 2.45642e+07 6207.63 646752
0.00029115 2.67872e+07 7799.08 813984
0.00031207 3.13754e+07 9791.33 1024480
0.000341828 3.6228e+07 12383.7 1289472
0.000388907 3.99943e+07 15554.1 1623104
0.000446184 4.3763e+07 19526.4 2043264
0.000504422 4.89884e+07 24710.8 2572000
0.000598579 5.18352e+07 31027.5 3237600
0.000690694 5.63774e+07 38939.5 4075424
0.00081937 6.01775e+07 49307.6 5130400
0.000979524 6.3191e+07 61897.1 6458688
0.00118944 6.52997e+07 77669.8 8130592
0.00145407 6.76727e+07 98400.6 10235552
0.00182593 6.76289e+07 123486 12885472
0.00226532 6.83899e+07 154925 16221376
0.00286089 6.86183e+07 196309 20421312
0.0037777 6.52156e+07 246365 25708672
0.0047325 6.53003e+07 309034 32365088
0.00619433 6.32085e+07 391534 40744992
0.00776583 6.32928e+07 491521 51294752
0.0102133 6.03557e+07 616428 64575968
0.0130901 5.96544e+07 780880 81295840
0.0162755 6.02489e+07 980581 102345024
0.020212 6.08309e+07 1.22951e+06 128844640
0.026033 5.98194e+07 1.55728e+06 162205344
0.0322482 6.06566e+07 1.95606e+06 204204288
0.0407322 6.0199e+07 2.45204e+06 257077888
0.0512933 6.05364e+07 3.10511e+06 323641632
0.0644086 6.05683e+07 3.90112e+06 407440256
0.0813575 6.00905e+07 4.88881e+06 512936608
0.104167 5.94163e+07 6.18922e+06 645748768
0.128985 6.02925e+07 7.77683e+06 812949152
0.162629 5.99021e+07 9.7418e+06 1023442240
0.204988 6.01397e+07 1.23279e+07 1288437152
0.255577 6.0605e+07 1.54893e+07 1622045856
0.323955 5.98559e+07 1.93906e+07 2042034464
0.403255 6.08068e+07 2.45206e+07 2570768800
0.509739 6.04145e+07 3.07956e+07 3236405824
0.641947 5.99904e+07 3.85106e+07 4074393312
0.80608 6.03363e+07 4.86359e+07 5129356832
1.01075 6.03634e+07 6.10123e+07 6457477184
