# filename: ./acpphint-HoneyComb-65536MiB-threads_16-LP64-Fedora_34_64bit-g++_11_O3lto-libstdc++-DSIZE_f-ISIZE_us-using_1_threads-cpus_1.txt
# acpphint_main version: 0.1.24

1.15372e-07 8.73559e+06 1.00784 168
1.64172e-07 1.2236e+07 2.00881 216
2.11476e-07 1.42602e+07 3.01569 264
2.58882e-07 1.54983e+07 4.01224 312
3.05786e-07 1.6409e+07 5.01763 360
3.5675e-07 1.68858e+07 6.02401 408
3.9805e-07 1.76645e+07 7.03137 456
4.92563e-07 1.83215e+07 9.02447 552
5.88714e-07 1.86848e+07 11 648
7.281e-07 1.92281e+07 14 792
8.70125e-07 1.9492e+07 16.9605 936
1.06017e-06 1.98082e+07 21 1128
1.2935e-06 2.00319e+07 25.9113 1368
1.57025e-06 2.02563e+07 31.8075 1656
1.94025e-06 2.04584e+07 39.6944 2040
2.4005e-06 2.06164e+07 49.4897 2520
3.0205e-06 2.05315e+07 62.0154 3144
3.7605e-06 2.05009e+07 77.0937 3912
4.721e-06 2.0343e+07 96.0393 4872
5.881e-06 2.04554e+07 120.298 6072
7.36e-06 2.03142e+07 149.512 7608
9.24e-06 2.0293e+07 187.507 9528
1.172e-05 1.9868e+07 232.853 11976
