# filename: ./acpphint-HoneyComb-65536MiB-threads_16-LP64-Fedora_34_64bit-g++_11_O3lto-libstdc++-DSIZE_ui-ISIZE_ui-using_1_threads-cpus_0.txt
# acpphint_main version: 0.1.24

8.30923e-08 1.20348e+07 1 176
1.16302e-07 1.71961e+07 1.99994 228
1.47531e-07 2.03338e+07 2.99988 280
1.8e-07 2.22208e+07 3.99974 332
2.09571e-07 2.38564e+07 4.99961 384
2.42278e-07 2.47628e+07 5.99947 436
2.72563e-07 2.56795e+07 6.99927 488
3.35462e-07 2.68249e+07 8.99872 592
4.0605e-07 2.70856e+07 10.9981 696
5.00063e-07 2.79905e+07 13.997 852
5.94429e-07 2.85912e+07 16.9954 1008
7.201e-07 2.9153e+07 20.9931 1216
8.80125e-07 2.95295e+07 25.9897 1476
1.06683e-06 2.99803e+07 31.9839 1788
1.32e-06 3.02842e+07 39.9752 2204
1.63025e-06 3.06467e+07 49.9617 2724
2.04025e-06 3.08489e+07 62.9395 3400
2.5405e-06 3.10586e+07 78.9044 4232
3.1605e-06 3.12767e+07 98.8501 5272
3.96e-06 3.12544e+07 123.767 6572
4.961e-06 3.13703e+07 155.628 8236
6.201e-06 3.15135e+07 195.415 10316
7.801e-06 3.15437e+07 246.073 12968
9.84e-06 3.14561e+07 309.528 16296
1.2321e-05 3.1546e+07 388.678 20456
1.552e-05 3.14651e+07 488.339 25708
1.948e-05 3.14785e+07 613.201 32312
2.508e-05 3.06955e+07 769.843 40632
3.216e-05 3.00239e+07 965.569 51084
4.0999e-05 2.95418e+07 1211.18 64292
5.3919e-05 2.81356e+07 1517.04 80880
6.8158e-05 2.78526e+07 1898.38 101784
8.7877e-05 2.69915e+07 2371.93 128096
0.000111277 2.65839e+07 2958.17 161220
0.000139716 2.63462e+07 3680.99 202924
0.000179394 2.54622e+07 4567.76 255444
0.000226072 2.49846e+07 5648.31 321536
0.00028723 2.4215e+07 6955.27 404736
0.000361347 2.3582e+07 8521.3 509464
0.000460343 2.25446e+07 10378.2 641336
0.000590859 2.12421e+07 12551.1 807372
0.000745213 2.02006e+07 15053.7 1016360
0.000993723 1.80007e+07 17887.7 1279480
0.00132007 1.59331e+07 21032.8 1610720
0.0017329 1.41074e+07 24446.7 2027708
0.00228579 1.22783e+07 28065.7 2552700
0.00297453 1.06928e+07 31806 3213620
