# filename: ./acpphint-HoneyComb-65536MiB-threads_16-LP64-Fedora_34_64bit-g++_11_O3lto-libstdc++-DSIZE_ul-ISIZE_ul-using_4_threads-cpus_kx8p1_kx8p3w0_0_3_9_11.txt
# acpphint_main version: 0.1.24

0.000169514 88488.3 15 1952
0.000171474 110804 19 2368
0.000172634 133230 23 2784
0.000171314 157605 27 3200
0.000170155 182187 31 3616
0.000170315 228987 39 4448
0.000170474 275702 47 5280
0.000169675 346545 58.8001 6528
0.000171675 409692 70.3339 7776
0.000169874 508935 86.4548 9440
0.000170954 623815 106.644 11520
0.000173914 750091 130.451 14016
0.000173034 939389 162.546 17344
0.000175355 1.15279e+06 202.147 21504
0.000178434 1.4291e+06 255 26912
0.000175075 1.82208e+06 319 33568
0.000176234 2.2564e+06 397.655 41888
0.000173914 2.86345e+06 497.994 52288
0.000176834 3.53471e+06 625.057 65600
0.000178274 4.40405e+06 785.128 82240
0.000179354 5.51166e+06 988.539 103456
0.000182954 6.78873e+06 1242.03 130080
0.000186594 8.38132e+06 1563.9 163360
0.000193034 1.01824e+07 1965.55 205376
0.000194914 1.26572e+07 2467.07 258208
0.000199833 1.5584e+07 3114.2 324768
0.000208273 1.87801e+07 3911.39 408384
0.000222153 2.21148e+07 4912.88 514048
0.000251951 2.46383e+07 6207.63 646752
0.00028267 2.75908e+07 7799.08 813984
0.00030407 3.22009e+07 9791.33 1024480
0.000339708 3.64541e+07 12383.7 1289472
0.000374787 4.15011e+07 15554.1 1623104
0.000431504 4.52519e+07 19526.4 2043264
0.000496823 4.97377e+07 24710.8 2572000
0.000593258 5.23001e+07 31027.5 3237600
0.000692135 5.626e+07 38939.5 4075424
0.000856249 5.75856e+07 49307.6 5130400
0.00108396 5.71027e+07 61897.1 6458688
0.00138051 5.62617e+07 77669.8 8130592
0.00184497 5.33345e+07 98400.6 10235552
0.00283305 4.35875e+07 123486 12885472
0.00429472 3.60733e+07 154925 16221376
0.00618089 3.17607e+07 196309 20421312
0.00866947 2.84175e+07 246365 25708672
0.0117226 2.63623e+07 309034 32365088
0.0159232 2.45888e+07 391534 40744992
0.0213237 2.30505e+07 491521 51294752
0.028333 2.17565e+07 616428 64575968
0.0376357 2.07484e+07 780880 81295840
0.0495578 1.97866e+07 980581 102345024
0.0645414 1.905e+07 1.22951e+06 128844640
0.083522 1.86451e+07 1.55728e+06 162205344
0.107243 1.82395e+07 1.95606e+06 204204288
0.136684 1.79394e+07 2.45204e+06 257077888
0.173892 1.78566e+07 3.10511e+06 323641632
0.220472 1.76944e+07 3.90112e+06 407440256
0.278121 1.7578e+07 4.88881e+06 512936608
0.351143 1.76259e+07 6.18922e+06 645748768
0.443663 1.75287e+07 7.77683e+06 812949152
0.559257 1.74192e+07 9.7418e+06 1023442240
0.705417 1.74761e+07 1.23279e+07 1288437152
0.889795 1.74077e+07 1.54893e+07 1622045856
1.12042 1.73065e+07 1.93906e+07 2042034464
