# filename: ./acpphint-HoneyComb-65536MiB-threads_16-LP64-Fedora_37_64bit-g++_12_O3lto-libstdc++-cpulockdown-DSIZE_ul-ISIZE_ul-using_14_threads.txt
# acpphint_main version: 0.1.29

0.00110876 49605 55 6832
0.0010992 62773 69 8288
0.00107256 77384.9 83 9744
0.00110436 87833.7 97 11200
0.00104272 106452 111 12656
0.00104996 132386 139 15568
0.00105204 158739 167 18480
0.00105276 197702 208.133 22848
0.00105364 235480 248.111 27216
0.00105656 288328 304.636 33040
0.0010568 355265 375.444 40320
0.00105972 432806 458.654 49056
0.001057 540260 571.055 60704
0.00106452 666324 709.316 75264
0.00105988 844434 895 94192
0.00105332 1.06235e+06 1119 117488
0.00105804 1.31678e+06 1393.21 146608
0.00105732 1.65002e+06 1744.6 183008
0.00106116 2.06229e+06 2188.43 229600
0.00106244 2.5874e+06 2748.96 287840
0.00107752 3.21132e+06 3460.27 362096
0.0010762 4.03743e+06 4345.08 455280
0.0010942 5.00247e+06 5473.71 571760
0.00109312 6.29138e+06 6877.24 718816
0.00107824 8.00054e+06 8626.51 903728
0.001097 9.93475e+06 10898.4 1136688
0.00105624 1.29539e+07 13682.4 1429344
0.00105088 1.63426e+07 17174.1 1799168
0.00104816 2.07252e+07 21723.4 2263632
0.00107972 2.52647e+07 27278.9 2848944
0.00108904 3.14242e+07 34222.3 3585680
0.00105176 4.12037e+07 43336.5 4513152
0.0011188 4.86235e+07 54399.9 5680864
0.00117736 5.79605e+07 68240.2 7151424
0.00145147 5.95788e+07 86476.6 9002000
0.00147239 7.36986e+07 108513 11331600
0.00142627 9.54041e+07 136072 14263984
0.00162766 1.06017e+08 172559 17956400
0.0021638 1.00039e+08 216465 22605408
0.00304657 8.90799e+07 271388 28457072
0.00417201 8.25443e+07 344375 35824432
0.00557432 7.74679e+07 431830 45099152
0.00731377 7.4007e+07 541270 56774816
0.00947433 7.25089e+07 686974 71474592
0.0121439 7.09387e+07 861470 89980352
0.0155527 6.94117e+07 1.07954e+06 113277808
0.0198414 6.90412e+07 1.36987e+06 142607472
0.025209 6.81688e+07 1.71846e+06 179531632
0.0320121 6.72515e+07 2.15286e+06 226015888
0.0404687 6.74902e+07 2.73124e+06 284535440
0.0510834 6.70931e+07 3.42735e+06 358207584
0.0645508 6.64951e+07 4.29231e+06 450956240
0.0814253 6.68576e+07 5.4439e+06 567718704
0.102771 6.64877e+07 6.83301e+06 714715008
0.129453 6.60767e+07 8.55381e+06 899772608
0.163271 6.64182e+07 1.08442e+07 1132745712
0.205559 6.62203e+07 1.36122e+07 1426040896
0.259124 6.572e+07 1.70296e+07 1795278128
0.326146 6.61505e+07 2.15747e+07 2260120688
0.410942 6.58854e+07 2.70751e+07 2845322032
0.517488 6.53893e+07 3.38382e+07 3582047840
0.651617 6.57103e+07 4.28179e+07 4509530032
0.820404 6.54393e+07 5.36866e+07 5677160496
1.0332 6.48261e+07 6.6978e+07 7147120624
