# filename: ./acpphint-HoneyComb-65536MiB-threads_16-LP64-Fedora_34_64bit-g++_11_O3lto-libstdc++-DSIZE_ld-ISIZE_ull-using_4_threads-cpus_kx8_kx8p2n0_1_2_8_10.txt
# acpphint_main version: 0.1.24

0.000177714 84405.3 15 3360
0.000179674 105747 19 4128
0.000181114 126992 23 4896
0.000181354 148880 27 5664
0.000185074 167501 31 6432
0.000185354 210408 39 7968
0.000189714 247741 47 9504
0.000194913 301673 58.8001 11808
0.000199193 353094 70.3339 14112
0.000199513 433329 86.4548 17184
0.000205833 518108 106.644 21024
0.000219513 594276 130.451 25632
0.000230512 705153 162.546 31776
0.000241952 835485 202.147 39456
0.000277031 920475 255 49440
0.00029555 1.07934e+06 319 61728
0.000320149 1.24209e+06 397.655 77088
0.000361867 1.37618e+06 497.994 96288
0.000404426 1.54554e+06 625.057 120864
0.000463983 1.69215e+06 785.128 151584
0.000535861 1.84477e+06 988.539 190752
0.000626418 1.98274e+06 1242.03 239904
0.000731574 2.13773e+06 1563.9 301344
0.000882048 2.22839e+06 1965.55 378912
0.00105984 2.32778e+06 2467.08 476448
0.00129559 2.40369e+06 3114.21 599328
0.00158274 2.47128e+06 3911.39 753696
0.00194341 2.52797e+06 4912.88 948768
0.00240283 2.58347e+06 6207.64 1193760
0.00297541 2.62118e+06 7799.09 1502496
0.00370054 2.64592e+06 9791.35 1891104
0.00462375 2.6783e+06 12383.8 2380320
0.00577798 2.69197e+06 15554.1 2996256
0.00723329 2.69952e+06 19526.4 3771936
0.00906082 2.72723e+06 24711 4748064
0.0113474 2.73434e+06 31027.7 5976864
0.0142352 2.73547e+06 38939.8 7523616
0.0178915 2.75595e+06 49308.1 9471264
0.0225207 2.74849e+06 61897.9 11923488
0.0281933 2.75495e+06 77671 15010080
0.0353721 2.78193e+06 98402.6 18896160
0.0444316 2.7793e+06 123489 23788320
0.0559722 2.76798e+06 154930 29946912
0.0702064 2.79629e+06 196318 37700640
0.0881864 2.79383e+06 246377 47461920
0.110713 2.79149e+06 309054 59750688
0.139112 2.81476e+06 391566 75221280
0.17489 2.81074e+06 491572 94697760
0.220309 2.79838e+06 616508 119216928
0.276672 2.82287e+06 781008 150084384
0.34827 2.81616e+06 980783 188944416
0.438165 2.80677e+06 1.22983e+06 237866784
0.550478 2.82988e+06 1.55779e+06 299455776
0.696082 2.81126e+06 1.95687e+06 376992288
0.878078 2.79394e+06 2.4533e+06 474605088
1.09953 2.82589e+06 3.10713e+06 597492000
