# filename: ./acpphint-HoneyComb-65536MiB-threads_16-LP64-Fedora_34_64bit-g++_11_O3lto-libstdc++-DSIZE_ull-ISIZE_ull-using_4_threads-cpus_kx4_kx4p3n0_1_15.txt
# acpphint_main version: 0.1.24

0.000171594 87415.6 15 1952
0.000170035 111742 19 2368
0.000171994 133726 23 2784
0.000171634 157311 27 3200
0.000171594 180659 31 3616
0.000169955 229473 39 4448
0.000171195 274541 47 5280
0.000170235 345405 58.8001 6528
0.000171514 410076 70.3339 7776
0.000171875 503010 86.4548 9440
0.000174915 609689 106.644 11520
0.000176834 737705 130.451 14016
0.000171195 949480 162.546 17344
0.000170954 1.18247e+06 202.147 21504
0.000174035 1.46522e+06 255 26912
0.000177835 1.7938e+06 319 33568
0.000177675 2.2381e+06 397.655 41888
0.000178354 2.79216e+06 497.994 52288
0.000178114 3.50931e+06 625.057 65600
0.000182314 4.30646e+06 785.128 82240
0.000185114 5.34016e+06 988.539 103456
0.000184914 6.71678e+06 1242.03 130080
0.000185273 8.44108e+06 1563.9 163360
0.000192593 1.02057e+07 1965.55 205376
0.000196994 1.25236e+07 2467.07 258208
0.000200553 1.55281e+07 3114.2 324768
0.000214393 1.8244e+07 3911.39 408384
0.000229432 2.14132e+07 4912.88 514048
0.000236912 2.62023e+07 6207.63 646752
0.000254152 3.06867e+07 7799.08 813984
0.000277551 3.52776e+07 9791.33 1024480
0.000309269 4.0042e+07 12383.7 1289472
0.000341068 4.5604e+07 15554.1 1623104
0.000387466 5.0395e+07 19526.4 2043264
0.000458544 5.38898e+07 24710.8 2572000
0.000533861 5.8119e+07 31027.5 3237600
0.000631137 6.16974e+07 38939.5 4075424
0.000754972 6.53105e+07 49307.6 5130400
0.000914846 6.76584e+07 61897.1 6458688
0.0010952 7.09184e+07 77669.8 8130592
0.00136731 7.19666e+07 98400.6 10235552
0.00173741 7.10744e+07 123486 12885472
0.00219348 7.06297e+07 154925 16221376
0.00290065 6.76778e+07 196309 20421312
0.0037351 6.59593e+07 246365 25708672
0.00480402 6.43282e+07 309034 32365088
0.00604841 6.47334e+07 391534 40744992
0.00780438 6.29801e+07 491521 51294752
0.0099997 6.16447e+07 616428 64575968
0.0126144 6.19036e+07 780880 81295840
0.0161837 6.05905e+07 980581 102345024
0.0203007 6.05648e+07 1.22951e+06 128844640
0.0248995 6.25426e+07 1.55728e+06 162205344
0.0326992 5.98199e+07 1.95606e+06 204204288
0.0408329 6.00505e+07 2.45204e+06 257077888
0.0520949 5.96048e+07 3.10511e+06 323641632
0.0644871 6.04946e+07 3.90112e+06 407440256
0.0813402 6.01032e+07 4.88881e+06 512936608
0.103185 5.99816e+07 6.18922e+06 645748768
0.129382 6.01074e+07 7.77683e+06 812949152
0.163317 5.96496e+07 9.7418e+06 1023442240
0.204304 6.03411e+07 1.23279e+07 1288437152
0.258941 5.98178e+07 1.54893e+07 1622045856
0.32424 5.98033e+07 1.93906e+07 2042034464
0.40476 6.05807e+07 2.45206e+07 2570768800
0.514087 5.99034e+07 3.07956e+07 3236405824
0.642935 5.98982e+07 3.85106e+07 4074393312
0.809393 6.00894e+07 4.86359e+07 5129356832
1.01552 6.00799e+07 6.10123e+07 6457477184
