# filename: ./acpphint-HoneyComb-65536MiB-threads_16-LP64-Fedora_37_64bit-g++_12_O3lto-libstdc++-DSIZE_ull-ISIZE_ull-using_15_threads.txt
# acpphint_main version: 0.1.29

0.00112048 52656.1 59 7320
0.00111184 66556.4 74 8880
0.0011216 79351 89 10440
0.00112396 92530.1 104 12000
0.0010968 108497 119 13560
0.00110772 134511 149 16680
0.00110872 161448 179 19800
0.0011214 198918 223.067 24480
0.00111828 237766 265.889 29160
0.00112452 290306 326.455 35400
0.00111064 362246 402.324 43200
0.00110592 444404 491.474 52560
0.0011298 541606 611.906 65040
0.0011256 675225 760.033 80640
0.0011196 856556 959 100920
0.0011146 1.07572e+06 1199 125880
0.00112396 1.32813e+06 1492.76 157080
0.00112136 1.66696e+06 1869.27 196080
0.00113388 2.06791e+06 2344.76 246000
0.0011348 2.59547e+06 2945.34 308400
0.0011306 3.27918e+06 3707.44 387960
0.0011532 4.03693e+06 4655.38 487800
0.0011818 4.96252e+06 5864.69 612600
0.001194 6.17121e+06 7368.4 770160
0.0011764 7.85658e+06 9242.45 968280
0.00119016 9.81117e+06 11676.8 1217880
0.00114048 1.28539e+07 14659.5 1531440
0.00111996 1.64294e+07 18400.2 1927680
0.00113752 2.04611e+07 23274.9 2425320
0.001138 2.56826e+07 29226.8 3052440
0.00118744 3.08777e+07 36665.3 3841800
0.00116144 3.99778e+07 46431.7 4835520
0.00129199 4.51121e+07 58284.5 6086640
0.00136627 5.35117e+07 73111.4 7662240
0.00133859 6.92169e+07 92653.1 9645000
0.0015169 7.66437e+07 116261 12141000
0.00176977 8.23747e+07 145785 15282840
0.00199177 9.28242e+07 184884 19239000
0.00254851 9.10028e+07 231921 24220080
0.00331032 8.78341e+07 290759 30489720
0.00440816 8.37019e+07 368971 38383320
0.00595014 7.77565e+07 462662 48320520
0.00787667 7.36226e+07 579901 60830160
0.0101643 7.24136e+07 736034 76579920
0.0131212 7.0342e+07 922971 96407520
0.0167366 6.91042e+07 1.15657e+06 121369080
0.021307 6.88827e+07 1.46768e+06 152793720
0.0270715 6.80096e+07 1.84112e+06 192355320
0.0342239 6.73927e+07 2.30644e+06 242159880
0.0433196 6.75486e+07 2.92618e+06 304859400
0.0547446 6.70728e+07 3.67187e+06 383793840
0.0691195 6.65275e+07 4.59835e+06 483167400
0.0872963 6.6809e+07 5.83217e+06 608270040
0.110038 6.65232e+07 7.32009e+06 765766080
0.138718 6.60553e+07 9.16303e+06 964042080
0.174882 6.64249e+07 1.16165e+07 1213656120
0.220276 6.61937e+07 1.45809e+07 1527900960
0.277497 6.57303e+07 1.82399e+07 1923512280
0.349586 6.60988e+07 2.31072e+07 2421557880
0.440077 6.58869e+07 2.89953e+07 3048559320
0.55428 6.53693e+07 3.62329e+07 3837908400
0.698036 6.56743e+07 4.58431e+07 4831639320
0.87874 6.53992e+07 5.74689e+07 6082671960
1.10649 6.478e+07 7.16786e+07 7657629240
