# filename: ./acpphint-HoneyComb-65536MiB-threads_16-LP64-Fedora_34_64bit-g++_11_O3lto-libstdc++-DSIZE_ld-ISIZE_ull-using_15_threads-cpus_kp1_1_15.txt
# acpphint_main version: 0.1.24

0.000940006 62765.6 59 12600
0.000920446 80395.8 74 15480
0.000915327 97233 89 18360
0.000946125 109922 104 21240
0.000933326 127501 119 24120
0.000938885 158699 149 29880
0.000949605 188499 179 35640
0.000948485 235182 223.067 44280
0.000963445 275977 265.889 52920
0.000958164 340709 326.455 64440
0.000950045 423479 402.325 78840
0.000945845 519614 491.474 96120
0.000952485 642431 611.906 119160
0.000941126 807578 760.033 147960
0.000977284 981291 959 185400
0.000966004 1.2412e+06 1199 231480
0.00100804 1.48085e+06 1492.76 289080
0.00101384 1.84374e+06 1869.27 361080
0.00104792 2.23754e+06 2344.76 453240
0.0011138 2.64441e+06 2945.34 568440
0.00118336 3.13299e+06 3707.44 715320
0.00125043 3.72302e+06 4655.39 899640
0.00134507 4.36014e+06 5864.69 1130040
0.00155978 4.72401e+06 7368.42 1420920
0.00174941 5.28318e+06 9242.47 1786680
0.00199468 5.85399e+06 11676.9 2247480
0.00230659 6.35551e+06 14659.6 2826360
0.00266366 6.9079e+06 18400.3 3557880
0.00313776 7.41772e+06 23275 4476600
0.00371726 7.86251e+06 29227 5634360
0.00445767 8.22528e+06 36665.6 7091640
0.00538568 8.62142e+06 46432.2 8926200
0.00658219 8.85498e+06 58285.2 11235960
0.00804882 9.08364e+06 73112.6 14144760
0.00990863 9.35094e+06 92654.9 17805240
0.012242 9.49713e+06 116264 22413240
0.0151542 9.62037e+06 145789 28213560
0.0187994 9.83494e+06 184891 35517240
0.0234046 9.90968e+06 231932 44713080
0.0292346 9.94631e+06 290777 56287800
0.0365438 1.00975e+07 369000 70860600
0.0457216 1.01201e+07 462707 89206200
0.0572929 1.01229e+07 579971 112300920
0.0718506 1.02455e+07 736148 141377400
0.0902312 1.02309e+07 923150 177982200
0.11301 1.02367e+07 1.15685e+06 224065080
0.142314 1.03161e+07 1.46813e+06 282079800
0.17899 1.02901e+07 1.84183e+06 355116600
0.224798 1.02651e+07 2.30756e+06 447063480
0.282295 1.0372e+07 2.92798e+06 562816440
0.355191 1.03457e+07 3.6747e+06 708541560
0.446255 1.03143e+07 4.60279e+06 892000440
0.562116 1.03881e+07 5.83932e+06 1122959160
0.708241 1.03515e+07 7.33136e+06 1413721080
0.890893 1.0305e+07 9.18069e+06 1779769080
1.1219 1.03797e+07 1.16449e+07 2240595000
