# filename: ./acpphint-HoneyComb-65536MiB-threads_16-LP64-Fedora_34_64bit-g++_11_O3lto-libstdc++-DSIZE_d-ISIZE_ull-using_1_threads-cpus_1.txt
# acpphint_main version: 0.1.24

1.20025e-07 8.3316e+06 1 280
1.73885e-07 1.15019e+07 2 384
2.2205e-07 1.35105e+07 3 488
2.77563e-07 1.44112e+07 4 592
3.26231e-07 1.53266e+07 5 696
3.78273e-07 1.58616e+07 6 800
4.241e-07 1.65055e+07 7 904
5.30125e-07 1.69771e+07 9 1112
6.30083e-07 1.7458e+07 11 1320
7.801e-07 1.79464e+07 14 1632
9.35125e-07 1.81794e+07 17 1944
1.1335e-06 1.85267e+07 21 2360
1.39025e-06 1.87017e+07 26 2880
1.7e-06 1.88235e+07 32 3504
2.1005e-06 1.90431e+07 40 4336
2.6205e-06 1.90803e+07 50 5376
3.2605e-06 1.93222e+07 63 6728
4.08e-06 1.93627e+07 79 8392
5.12e-06 1.93359e+07 99 10472
6.361e-06 1.94938e+07 124 13072
7.961e-06 1.95955e+07 156 16400
1.0001e-05 1.9598e+07 196 20560
1.2601e-05 1.96016e+07 247 25864
1.588e-05 1.95844e+07 311 32520
2.012e-05 1.94334e+07 391 40840
2.6e-05 1.89231e+07 492 51344
3.276e-05 1.8895e+07 619 64552
4.1639e-05 1.87084e+07 778.999 81192
5.2879e-05 1.85329e+07 979.999 102096
6.6958e-05 1.84294e+07 1234 128512
8.4158e-05 1.84534e+07 1553 161688
0.000107597 1.81696e+07 1955 203496
0.000133996 1.83662e+07 2460.99 256120
0.000170315 1.81898e+07 3097.99 322368
0.000215553 1.80929e+07 3899.99 405776
0.00027215 1.80414e+07 4909.98 510816
0.000342708 1.80357e+07 6180.96 643000
0.000430585 1.80706e+07 7780.94 809400
0.00054718 1.79007e+07 9794.91 1018856
0.000700854 1.7594e+07 12330.9 1282600
0.000878008 1.76807e+07 15523.8 1614672
0.00109328 1.78752e+07 19542.6 2032648
0.00140043 1.75678e+07 24602.4 2558888
0.00179585 1.72464e+07 30972 3221368
0.00223332 1.74586e+07 38990.5 4055344
0.00280977 1.74696e+07 49085.6 5105328
0.00358443 1.72396e+07 61794.2 6427168
0.00450615 1.72637e+07 77792.9 8091272
0.00573139 1.70872e+07 97933.4 10186248
0.00723101 1.70499e+07 123288 12823688
0.00945428 1.64164e+07 155205 16143992
0.0117647 1.66075e+07 195383 20323960
0.0147937 1.6626e+07 245959 25586256
0.0187016 1.65561e+07 309625 32211160
0.0235367 1.65598e+07 389763 40551336
0.0299295 1.6393e+07 490634 51051072
0.0384486 1.60628e+07 617593 64269472
0.0475074 1.63634e+07 777381 80910408
0.0624343 1.56719e+07 978467 101860064
0.0754398 1.63243e+07 1.2315e+06 128234152
0.0950269 1.63099e+07 1.54988e+06 161437192
0.118906 1.64029e+07 1.9504e+06 203237288
0.158391 1.54944e+07 2.45418e+06 255860560
0.194586 1.58679e+07 3.08767e+06 322109288
0.243677 1.59393e+07 3.88404e+06 405511464
0.306835 1.59201e+07 4.88483e+06 510508616
0.387493 1.58503e+07 6.14187e+06 642692200
0.486747 1.58602e+07 7.71989e+06 809101456
0.607685 1.59613e+07 9.69942e+06 1018598328
0.775575 1.57048e+07 1.21803e+07 1282339208
0.987118 1.54855e+07 1.5286e+07 1614369296
1.22002 1.57114e+07 1.91683e+07 2032370464
