# filename: ./acpphint-HoneyComb-65536MiB-threads_16-LP64-Fedora_37_64bit-g++_12_O3lto-libstdc++-cpulockdown-DSIZE_ul-ISIZE_ul-using_11_threads.txt
# acpphint_main version: 0.1.29

0.000788331 54545.6 43 5368
0.000788452 68488.6 54 6512
0.000787292 82561.5 65 7656
0.000785051 96809 76 8800
0.000785611 110742 87 9944
0.000795771 136974 109 12232
0.000782971 167311 131 14520
0.000791131 206456 163.333 17952
0.00080073 243251 194.778 21384
0.000793051 301597 239.182 25960
0.000783531 376251 294.804 31680
0.000800851 449762 360.193 38544
0.000791011 566998 448.502 47696
0.000779412 714853 557.165 59136
0.000783851 896854 703 74008
0.000779572 1.12754e+06 879 92312
0.000784012 1.39608e+06 1094.54 115192
0.000787531 1.7404e+06 1370.62 143792
0.000795691 2.16091e+06 1719.42 180400
0.000786771 2.74515e+06 2159.81 226160
0.000791051 3.43688e+06 2718.75 284504
0.000792291 4.30924e+06 3414.17 357720
0.00080517 5.34144e+06 4300.76 449240
0.000809051 6.6791e+06 5403.73 564784
0.000804891 8.42188e+06 6778.7 710072
0.000807291 1.06073e+07 8563.15 893112
0.000797291 1.34846e+07 10751.1 1123056
0.000787971 1.71272e+07 13495.8 1413632
0.000787051 2.16868e+07 17068.6 1778568
0.000802611 2.67065e+07 21434.9 2238456
0.000844929 3.18288e+07 26893.1 2817320
0.000850289 4.0046e+07 34050.7 3546048
0.000886567 4.82155e+07 42746.2 4463536
0.000927966 5.7789e+07 53626.2 5618976
0.000994004 6.83569e+07 67947.1 7073000
0.00104368 8.16988e+07 85267.5 8903400
0.00113532 9.41875e+07 106933 11207416
0.00125103 1.08378e+08 135585 14108600
0.00154382 1.10178e+08 170096 17761392
0.00223124 9.55859e+07 213275 22359128
0.00311889 8.67572e+07 270586 28147768
0.00422441 8.03265e+07 339332 35435048
0.00560836 7.58466e+07 425375 44608784
0.00732053 7.3736e+07 539786 56158608
0.00942445 7.18299e+07 676957 70698848
0.0121135 7.00391e+07 848417 89003992
0.0154626 6.96141e+07 1.07642e+06 112048728
0.0196822 6.8613e+07 1.35045e+06 141060568
0.025025 6.76143e+07 1.69205e+06 177583912
0.0316598 6.77932e+07 2.14632e+06 223563560
0.0400111 6.73216e+07 2.69361e+06 281448816
0.0505707 6.67172e+07 3.37393e+06 354322760
0.0637797 6.70848e+07 4.27865e+06 446064696
0.080563 6.66694e+07 5.37109e+06 561561792
0.101539 6.62316e+07 6.72511e+06 706964192
0.128038 6.65846e+07 8.52538e+06 890014488
0.161229 6.63868e+07 1.07035e+07 1120460704
0.203215 6.59136e+07 1.33946e+07 1410575672
0.255933 6.63092e+07 1.69707e+07 1775809112
0.322305 6.60984e+07 2.13039e+07 2235610168
0.40599 6.56119e+07 2.66378e+07 2814466160
0.511162 6.59608e+07 3.37166e+07 3543202168
0.643615 6.57213e+07 4.22992e+07 4460626104
0.810277 6.51795e+07 5.28135e+07 5615594776
1.02027 6.54042e+07 6.67298e+07 7069614200
