# filename: ./acpphint-HoneyComb-65536MiB-threads_16-LP64-Fedora_34_64bit-g++_11_O3lto-libstdc++-DSIZE_ul-ISIZE_ul-using_4_threads-cpus_kx4p1_kx4p2_1_14.txt
# acpphint_main version: 0.1.24

0.000170955 87742.4 15 1952
0.000170314 111559 19 2368
0.000173034 132922 23 2784
0.000174235 154963 27 3200
0.000171395 180869 31 3616
0.000174794 223120 39 4448
0.000173194 271372 47 5280
0.000174394 337168 58.8001 6528
0.000172354 408078 70.3339 7776
0.000171435 504301 86.4548 9440
0.000174034 612775 106.644 11520
0.000171794 759348 130.451 14016
0.000176394 921495 162.546 17344
0.000174634 1.15755e+06 202.147 21504
0.000176194 1.44727e+06 255 26912
0.000176355 1.80885e+06 319 33568
0.000177274 2.24316e+06 397.655 41888
0.000178994 2.78218e+06 497.994 52288
0.000180114 3.47034e+06 625.057 65600
0.000182674 4.29797e+06 785.128 82240
0.000186914 5.28874e+06 988.539 103456
0.000187674 6.618e+06 1242.03 130080
0.000190753 8.19858e+06 1563.9 163360
0.000192794 1.01951e+07 1965.55 205376
0.000198914 1.24027e+07 2467.07 258208
0.000204793 1.52066e+07 3114.2 324768
0.000214312 1.82509e+07 3911.39 408384
0.000230793 2.12869e+07 4912.88 514048
0.000238392 2.60396e+07 6207.63 646752
0.000249951 3.12024e+07 7799.08 813984
0.000283391 3.45506e+07 9791.33 1024480
0.000307269 4.03026e+07 12383.7 1289472
0.000343428 4.52907e+07 15554.1 1623104
0.000388786 5.02239e+07 19526.4 2043264
0.000459304 5.38006e+07 24710.8 2572000
0.000536021 5.78848e+07 31027.5 3237600
0.000637737 6.10589e+07 38939.5 4075424
0.000754692 6.53347e+07 49307.6 5130400
0.000909847 6.80302e+07 61897.1 6458688
0.00111392 6.97267e+07 77669.8 8130592
0.00134439 7.31935e+07 98400.6 10235552
0.0016813 7.34467e+07 123486 12885472
0.0021736 7.12757e+07 154925 16221376
0.00280593 6.99623e+07 196309 20421312
0.00373162 6.60209e+07 246365 25708672
0.00469546 6.58154e+07 309034 32365088
0.00600637 6.51864e+07 391534 40744992
0.00786454 6.24984e+07 491521 51294752
0.0100943 6.10672e+07 616428 64575968
0.0130292 5.99329e+07 780880 81295840
0.0160892 6.09465e+07 980581 102345024
0.0201431 6.10389e+07 1.22951e+06 128844640
0.0257736 6.04215e+07 1.55728e+06 162205344
0.0319973 6.11321e+07 1.95606e+06 204204288
0.0409227 5.99188e+07 2.45204e+06 257077888
0.0518331 5.99059e+07 3.10511e+06 323641632
0.0643879 6.05877e+07 3.90112e+06 407440256
0.0810909 6.0288e+07 4.88881e+06 512936608
0.102918 6.01374e+07 6.18922e+06 645748768
0.12874 6.04072e+07 7.77683e+06 812949152
0.162587 5.99175e+07 9.7418e+06 1023442240
0.203386 6.06133e+07 1.23279e+07 1288437152
0.254959 6.0752e+07 1.54893e+07 1622045856
0.322913 6.0049e+07 1.93906e+07 2042034464
0.403378 6.07882e+07 2.45206e+07 2570768800
0.512677 6.00682e+07 3.07956e+07 3236405824
0.643861 5.9812e+07 3.85106e+07 4074393312
0.807215 6.02514e+07 4.86359e+07 5129356832
1.0125 6.0259e+07 6.10123e+07 6457477184
