# filename: ./acpphint-HoneyComb-65536MiB-threads_16-LP64-Fedora_34_64bit-g++_11_O3lto-libstdc++-DSIZE_ld-ISIZE_ull-using_8_threads-cpus_kx4p1_kx4p2w0_0_14.txt
# acpphint_main version: 0.1.24

0.000421105 73615.8 31 6720
0.000424785 91811.2 39 8256
0.000423225 111052 47 9792
0.000420705 130733 55 11328
0.000422385 149153 63 12864
0.000421105 187602 79 15936
0.000440744 215545 95 19008
0.000433544 273406 118.533 23616
0.000451144 313525 141.445 28224
0.000461543 376406 173.727 34368
0.000460704 464863 214.164 42048
0.000466143 561484 261.732 51264
0.000471903 690712 325.949 63552
0.000489743 826994 405.014 78912
0.000514182 993812 511 98880
0.000519741 1.22946e+06 639 123456
0.0005497 1.44783e+06 795.875 154176
0.000581499 1.71391e+06 996.639 192576
0.000620337 2.01569e+06 1250.41 241728
0.000717014 2.19055e+06 1570.66 303168
0.000795371 2.48592e+06 1977.23 381504
0.000877448 2.83009e+06 2483.26 479808
0.00100012 3.12744e+06 3127.82 602688
0.00114876 3.42129e+06 3930.23 757824
0.00133351 3.69767e+06 4930.87 952896
0.00157454 3.95537e+06 6227.9 1198656
0.00185589 4.21352e+06 7819.83 1507392
0.00222796 4.40648e+06 9817.43 1897536
0.00268622 4.62135e+06 12414 2387520
0.00326912 4.7692e+06 15591.1 3004992
0.00400833 4.88081e+06 19563.9 3782208
0.00493085 5.02246e+06 24765 4760640
0.00607377 5.11918e+06 31092.7 5992512
0.00754403 5.1713e+06 39012.5 7543872
0.0093968 5.25901e+06 49417.9 9496128
0.0117271 5.28884e+06 62022.8 11953728
0.0146961 5.29356e+06 77794.5 15047232
0.0185845 5.30611e+06 98611.2 18942528
0.0238595 5.18573e+06 123729 23846976
0.0305055 5.08645e+06 155165 30020160
0.0390394 5.04112e+06 196802 37792320
0.0501023 4.92676e+06 246842 47576640
0.0635999 4.86624e+06 309492 59893824
0.0808974 4.85332e+06 392621 75401280
0.102779 4.79161e+06 492479 94923840
0.130482 4.7313e+06 617350 119501376
0.165183 4.7405e+06 783052 150442560
0.209578 4.6884e+06 982585 189395520
0.264014 4.66436e+06 1.23145e+06 238433856
0.333431 4.68387e+06 1.56175e+06 300168768
0.420561 4.66146e+06 1.96043e+06 377888832
0.530208 4.63296e+06 2.45643e+06 475733568
0.668278 4.66095e+06 3.11481e+06 598911552
0.842555 4.64229e+06 3.91138e+06 753984576
1.06154 4.61581e+06 4.89988e+06 949210176
