# filename: ./acpphint-HoneyComb-65536MiB-threads_16-LP64-Fedora_34_64bit-g++_11_O3lto-libstdc++-DSIZE_ui-ISIZE_ui-using_4_threads-cpus_kx4_kx4p3n0_1_15.txt
# acpphint_main version: 0.1.24

0.000175995 85210.3 14.9966 1120
0.000173914 109217 18.9944 1328
0.000172995 132905 22.9919 1536
0.000172634 156336 26.9889 1744
0.000170034 182230 30.9854 1952
0.000171674 227038 38.9766 2368
0.000171874 273259 46.9661 2784
0.000172074 341411 58.7479 3408
0.000176954 397036 70.2572 4032
0.000173835 496685 86.3413 4864
0.000171114 622220 106.47 5904
0.000172075 756594 130.191 7152
0.000171115 947572 162.144 8816
0.000171874 1.17252e+06 201.526 10896
0.000170795 1.48723e+06 254.012 13600
0.000173594 1.82871e+06 317.453 16928
0.000175795 2.24841e+06 395.259 21088
0.000176274 2.80385e+06 494.246 26288
0.000176635 3.50525e+06 619.15 32944
0.000178234 4.35298e+06 775.849 41264
0.000183674 5.30207e+06 973.853 51872
0.000179954 6.77343e+06 1218.91 65184
0.000182594 8.36537e+06 1527.47 81824
0.000184914 1.03203e+07 1908.38 102832
0.000188874 1.2588e+07 2377.55 129248
0.000195553 1.52028e+07 2972.96 162528
0.000199714 1.8483e+07 3691.32 204336
0.000206793 2.2101e+07 4570.33 257168
0.000214553 2.64303e+07 5670.69 323520
0.000233072 2.99045e+07 6969.9 407136
0.000243992 3.4914e+07 8518.73 512384
0.00026999 3.85788e+07 10415.9 644880
0.00028727 4.37609e+07 12571.2 811696
