# filename: ./acpphint-2018macMiniVM-49152MiB-threads_11-LP64-Fedora_37_64bit-g++_12_O3lto-libc++-DSIZE_ul-ISIZE_ul-using_10_threads-cpus_kp1_1_10.txt
# acpphint_main version: 0.1.26

0.000444904 87659.4 39 4880
0.000446058 109851 49 5920
0.0004803 122840 59 6960
0.000473524 145716 69 8000
0.000475928 165991 79 9040
0.000457703 216297 99 11120
0.00044669 266404 119 13200
0.000450855 329152 148.4 16320
0.000449622 393665 177 19440
0.000453985 478791 217.364 23600
0.000440409 608353 267.924 28800
0.000442588 739677 327.372 35040
0.000461554 883214 407.651 43360
0.000448457 1.12931e+06 506.448 53760
0.00049164 1.29973e+06 639 67280
0.000439646 1.81737e+06 799 83920
0.00045344 2.1943e+06 994.985 104720
0.000448162 2.78016e+06 1245.96 130720
0.000445371 3.50962e+06 1563.08 164000
0.000445835 4.40392e+06 1963.42 205600
0.000454272 5.44074e+06 2471.58 258640
0.00046035 6.7424e+06 3103.86 325200
0.000464307 8.42069e+06 3909.78 408400
0.000456787 1.07546e+07 4912.56 513440
0.00047236 1.30467e+07 6162.75 645520
0.000452161 1.72167e+07 7784.73 811920
0.000464748 2.10308e+07 9774.03 1020960
0.000439425 2.79221e+07 12269.7 1285120
0.000441624 3.51364e+07 15517.1 1616880
0.000458821 4.24718e+07 19487 2034960
0.000497597 4.91361e+07 24450 2561200
0.000567753 5.45227e+07 30955.4 3223680
0.000561584 6.92001e+07 38861.7 4057760
0.000582455 8.37058e+07 48754.9 5108160
0.000788147 7.83743e+07 61770.5 6430000
0.00087212 8.88857e+07 77519 8094000
0.000983597 9.88409e+07 97219.7 10188560
0.00123069 1.00155e+08 123260 12826000
0.00151752 1.01902e+08 154639 16146720
0.00229289 8.45672e+07 193903 20326480
0.00301988 8.14565e+07 245989 25588880
0.00328782 9.38305e+07 308498 32213680
0.00420951 9.18733e+07 386741 40553440
0.00533187 9.20356e+07 490722 51053280
0.00678082 9.07633e+07 615449 64271680
0.00892348 8.64428e+07 771371 80912720
0.011584 8.4478e+07 978591 101862480
0.0142761 8.6002e+07 1.22777e+06 128236880
0.0183719 8.37379e+07 1.53842e+06 161439920
0.0233916 8.34191e+07 1.95131e+06 203239600
0.0299871 8.16675e+07 2.44897e+06 255862560
0.03756 8.16752e+07 3.06772e+06 322111600
0.0475761 8.17657e+07 3.8901e+06 405513360
0.0602958 8.09933e+07 4.88356e+06 510510720
0.07665 7.97808e+07 6.11519e+06 642694720
0.0976188 7.94099e+07 7.7519e+06 809104080
0.122704 7.93213e+07 9.73305e+06 1018600640
0.154369 7.8912e+07 1.21816e+07 1282341520
0.194019 7.95479e+07 1.54338e+07 1614371920
0.245621 7.88883e+07 1.93767e+07 2032372880
0.310188 7.81213e+07 2.42323e+07 2558605600
0.391301 7.83903e+07 3.06742e+07 3221092880
0.491038 7.83846e+07 3.84898e+07 4055114640
0.617351 7.78662e+07 4.80708e+07 5105086160
0.776794 7.82075e+07 6.07511e+07 6426922000
0.978235 7.78149e+07 7.61213e+07 8091014560
1.23071 7.70622e+07 9.4841e+07 10185983280
