# filename: ./acpphint-2018macMiniVM-49152MiB-threads_11-LP64-Fedora_37_64bit-g++_12_O3lto-libstdc++-DSIZE_ull-ISIZE_ull-using_5_threads-cpus_kx4p2_kx4p3_2_10.txt
# acpphint_main version: 0.1.25

0.000252822 75151.7 19 2440
0.000253194 94789 24 2960
0.000264907 109472 29 3480
0.000251938 134954 34 4000
0.000286195 136271 39 4520
0.0002627 186525 49 5560
0.000273724 215546 59 6600
0.000269065 274036 73.7334 8160
0.000261189 337348 88.1116 9720
0.000263055 411598 108.273 11800
0.000264962 503936 133.524 14400
0.000296394 550859 163.271 17520
0.000276691 735104 203.397 21680
0.000266049 950441 252.864 26880
0.000271872 1.17335e+06 319 33640
0.000268558 1.48571e+06 399 41960
0.000270677 1.83691e+06 497.209 52360
0.000290104 2.14632e+06 622.655 65360
0.000268451 2.91076e+06 781.396 82000
0.00025677 3.82252e+06 981.51 102800
0.000288415 4.28449e+06 1235.71 129320
0.000280502 5.53414e+06 1552.34 162600
0.000290623 6.72652e+06 1954.88 204200
0.00029222 8.40708e+06 2456.72 256720
0.00028396 1.08573e+07 3083.03 322760
0.000279312 1.39365e+07 3892.62 405960
0.000287276 1.70167e+07 4888.5 510480
0.000294065 2.08764e+07 6139.02 642560
0.000306847 2.52869e+07 7759.21 808440
0.000270382 3.60493e+07 9747.07 1017480
0.000335604 3.64551e+07 12234.5 1280600
0.000316629 4.8887e+07 15479 1611840
0.000355327 5.47065e+07 19438.7 2028880
0.000329832 7.39706e+07 24397.9 2554080
0.000415063 7.44164e+07 30887.5 3215000
0.000415163 9.33998e+07 38776.2 4047000
0.000457239 1.06406e+08 48653.1 5094280
0.000488253 1.26232e+08 61633.1 6413000
0.000565592 1.36767e+08 77354.4 8073360
0.000645747 1.5028e+08 97042.7 10163240
0.00084209 1.46064e+08 122999 12794440
0.00130673 1.18098e+08 154322 16106840
0.00171054 1.13159e+08 193563 20276720
0.00218173 1.12471e+08 245381 25526640
0.00291279 1.057e+08 307883 32135840
0.00378961 1.01883e+08 386098 40456360
0.00491917 9.9486e+07 489388 50931240
0.00646063 9.50754e+07 614247 64118440
0.00841461 9.15221e+07 770123 80719960
0.0111374 8.76325e+07 975996 101619800
0.0140789 8.70368e+07 1.22538e+06 127931280
0.0181428 8.4661e+07 1.53599e+06 161055800
0.0233702 8.32794e+07 1.94626e+06 202756680
0.0298937 8.17651e+07 2.44426e+06 255255360
0.0376331 8.13912e+07 3.063e+06 321347360
0.0482864 8.03596e+07 3.88028e+06 404552040
0.0607983 8.01702e+07 4.87421e+06 509300320
0.077236 7.90565e+07 6.10601e+06 641170760
0.099724 7.75417e+07 7.73276e+06 807185960
0.125227 7.75753e+07 9.7145e+06 1016186440
0.157241 7.73573e+07 1.21637e+07 1279302800
0.197615 7.79122e+07 1.53966e+07 1610546440
0.249295 7.75786e+07 1.93399e+07 2027557320
0.315344 7.6734e+07 2.41976e+07 2552543080
0.39622 7.72351e+07 3.06021e+07 3213461000
0.499215 7.69556e+07 3.84174e+07 4045507280
0.629376 7.62721e+07 4.80038e+07 5092991640
0.79368 7.63686e+07 6.06123e+07 6411696040
0.998339 7.6106e+07 7.59796e+07 8071846480
1.25631 7.53898e+07 9.47128e+07 10161852320
