# filename: ./acpphint-2018macMiniVM-49152MiB-threads_11-LP64-Fedora_37_64bit-g++_12_O3lto-libc++-DSIZE_ul-ISIZE_ul-using_1_threads-cpus_0.txt
# acpphint_main version: 0.1.26

4.29444e-08 2.32859e+07 1 280
6.38333e-08 3.13316e+07 2 384
8.37778e-08 3.5809e+07 3 488
1.04714e-07 3.81992e+07 4 592
1.24667e-07 4.0107e+07 5 696
1.432e-07 4.18994e+07 6 800
1.6425e-07 4.2618e+07 7 904
2.02167e-07 4.45177e+07 9 1112
2.48667e-07 4.42359e+07 11 1320
2.9825e-07 4.69405e+07 14 1632
3.56e-07 4.77528e+07 17 1944
4.35e-07 4.82759e+07 21 2360
5.2e-07 5e+07 26 2880
6.415e-07 4.98831e+07 32 3504
8.1e-07 4.93827e+07 40 4336
9.82e-07 5.09165e+07 50 5376
1.23e-06 5.12195e+07 63 6728
1.447e-06 5.45957e+07 79 8392
1.843e-06 5.37168e+07 99 10472
2.277e-06 5.44576e+07 124 13072
2.852e-06 5.46985e+07 156 16400
3.516e-06 5.57452e+07 196 20560
4.589e-06 5.38244e+07 247 25864
5.601e-06 5.55258e+07 311 32520
7.207e-06 5.42528e+07 391 40840
8.925e-06 5.5126e+07 492 51344
1.1286e-05 5.48467e+07 619 64552
1.437e-05 5.42102e+07 779 81192
1.8287e-05 5.359e+07 980 102096
2.2959e-05 5.3748e+07 1234 128512
2.8551e-05 5.43939e+07 1553 161688
3.5861e-05 5.4516e+07 1955 203496
4.5709e-05 5.38406e+07 2461 256120
5.763e-05 5.37567e+07 3098 322368
7.2517e-05 5.37804e+07 3900 405776
9.1085e-05 5.39056e+07 4909.99 510816
0.000115074 5.37132e+07 6180.99 643000
0.000145694 5.34064e+07 7780.99 809400
0.000183918 5.32573e+07 9794.98 1018856
0.000231248 5.33236e+07 12331 1282600
0.000284725 5.45226e+07 15523.9 1614672
0.000370113 5.28026e+07 19542.9 2032648
0.00048915 5.02972e+07 24602.9 2558888
0.000597587 5.18297e+07 30972.8 3221368
0.000742752 5.24962e+07 38991.6 4055344
0.00093299 5.2613e+07 49087.4 5105328
0.00118339 5.22203e+07 61797.1 6427168
0.00154407 5.03848e+07 77797.6 8091272
0.00204002 4.80096e+07 97940.8 10186248
0.00254737 4.84026e+07 123299 12823688
0.00337922 4.59347e+07 155223 16143992
0.00440633 4.4348e+07 195412 20323960
0.00534106 4.60594e+07 246006 25586256
0.00673825 4.59613e+07 309699 32211160
0.00844275 4.61792e+07 389880 40551336
0.0107714 4.55667e+07 490818 51051072
0.0137026 4.50924e+07 617885 64269472
0.0174007 4.47019e+07 777842 80910408
0.0216227 4.52857e+07 979199 101860064
0.0274442 4.49153e+07 1.23267e+06 128234152
0.0346489 4.47841e+07 1.55172e+06 161437192
0.0436038 4.47969e+07 1.95331e+06 203237288
0.0562797 4.36887e+07 2.45879e+06 255860560
0.0714011 4.33463e+07 3.09497e+06 322109288
0.089269 4.3639e+07 3.89561e+06 405511464
0.113048 4.3372e+07 4.90313e+06 510508616
0.141447 4.36265e+07 6.17085e+06 642692200
0.178142 4.35931e+07 7.76575e+06 809101456
0.222392 4.39402e+07 9.77193e+06 1018598328
0.281597 4.36612e+07 1.22949e+07 1282339208
0.353608 4.37401e+07 1.54669e+07 1614369296
0.447463 4.34751e+07 1.94535e+07 2032370464
0.562951 4.34529e+07 2.44618e+07 2558602768
0.706231 4.35414e+07 3.07503e+07 3221089944
0.89099 4.33683e+07 3.86407e+07 4055111912
1.12063 4.33083e+07 4.85327e+07 5105083328
