# filename: ./acpphint-2018macMiniVM-49152MiB-threads_11-LP64-Fedora_37_64bit-g++_12_O3lto-libc++-cpulockdown-DSIZE_ull-ISIZE_ull-using_1_threads-cpus_1.txt
# acpphint_main version: 0.1.26

4.09063e-08 2.44461e+07 1 280
6.00952e-08 3.32805e+07 2 384
8.66875e-08 3.46071e+07 3 488
9.70769e-08 4.12044e+07 4 592
1.144e-07 4.37063e+07 5 696
1.35222e-07 4.43714e+07 6 800
1.56e-07 4.48718e+07 7 904
1.89833e-07 4.741e+07 9 1112
2.36e-07 4.66102e+07 11 1320
2.805e-07 4.99109e+07 14 1632
3.33333e-07 5.1e+07 17 1944
4.03e-07 5.21092e+07 21 2360
4.9175e-07 5.28724e+07 26 2880
5.83e-07 5.48885e+07 32 3504
7.285e-07 5.49073e+07 40 4336
8.96e-07 5.58036e+07 50 5376
1.0735e-06 5.86865e+07 63 6728
1.378e-06 5.73295e+07 79 8392
1.714e-06 5.77596e+07 99 10472
2.121e-06 5.8463e+07 124 13072
2.676e-06 5.8296e+07 156 16400
3.357e-06 5.83855e+07 196 20560
4.127e-06 5.98498e+07 247 25864
5.36e-06 5.80224e+07 311 32520
6.634e-06 5.89388e+07 391 40840
8.394e-06 5.86133e+07 492 51344
1.0551e-05 5.86674e+07 619 64552
1.3317e-05 5.84966e+07 779 81192
1.7093e-05 5.73334e+07 980 102096
2.2496e-05 5.48542e+07 1234 128512
2.6949e-05 5.76273e+07 1553 161688
3.4596e-05 5.65094e+07 1955 203496
4.3326e-05 5.68019e+07 2461 256120
5.4329e-05 5.70229e+07 3098 322368
6.856e-05 5.68844e+07 3900 405776
8.6535e-05 5.674e+07 4909.99 510816
0.000109459 5.64686e+07 6180.99 643000
0.000200219 3.88624e+07 7780.99 809400
0.000191644 5.11103e+07 9794.98 1018856
0.000232806 5.29667e+07 12331 1282600
0.000294833 5.26533e+07 15523.9 1614672
0.000347909 5.61725e+07 19542.9 2032648
0.000490209 5.01885e+07 24602.9 2558888
0.000600739 5.15578e+07 30972.8 3221368
0.000749356 5.20335e+07 38991.6 4055344
0.000942474 5.20836e+07 49087.4 5105328
0.00118893 5.19771e+07 61797.1 6427168
0.00152103 5.11479e+07 77797.6 8091272
0.00192765 5.08083e+07 97940.8 10186248
0.002634 4.68107e+07 123299 12823688
0.00332814 4.66397e+07 155223 16143992
0.00409111 4.77651e+07 195412 20323960
0.0051947 4.73571e+07 246006 25586256
0.00672856 4.60275e+07 309699 32211160
0.00861835 4.52383e+07 389880 40551336
0.0105424 4.65567e+07 490818 51051072
0.0135012 4.57653e+07 617885 64269472
0.0169864 4.57921e+07 777842 80910408
0.0214613 4.56261e+07 979199 101860064
0.0273884 4.50068e+07 1.23267e+06 128234152
0.0342306 4.53314e+07 1.55172e+06 161437192
0.0430735 4.53484e+07 1.95331e+06 203237288
0.0544809 4.51312e+07 2.45879e+06 255860560
0.070282 4.40364e+07 3.09497e+06 322109288
0.0887581 4.38902e+07 3.89561e+06 405511464
0.111121 4.41244e+07 4.90313e+06 510508616
0.14056 4.3902e+07 6.17085e+06 642692200
0.175638 4.42146e+07 7.76575e+06 809101456
0.22109 4.41988e+07 9.77193e+06 1018598328
0.281271 4.37118e+07 1.22949e+07 1282339208
0.353664 4.37333e+07 1.54669e+07 1614369296
0.441641 4.40483e+07 1.94535e+07 2032370464
0.556681 4.39423e+07 2.44618e+07 2558602768
0.701034 4.38642e+07 3.07503e+07 3221089944
0.881562 4.38321e+07 3.86407e+07 4055111912
1.1127 4.3617e+07 4.85327e+07 5105083328
