# filename: ./acpphint-2018macMiniVM-49152MiB-threads_11-LP64-Fedora_37_64bit-g++_12_O3lto-libc++-cpulockdown-DSIZE_ull-ISIZE_ull-using_2_threads-cpus_2_10.txt
# acpphint_main version: 0.1.26

5.759e-05 121549 7 976
6.1808e-05 145612 9 1184
5.7622e-05 190899 11 1392
5.8016e-05 224076 13 1600
5.7198e-05 262247 15 1808
5.7699e-05 329295 19 2224
5.717e-05 402309 23 2640
5.7792e-05 500647 28.9334 3264
5.7899e-05 600675 34.7785 3888
5.7706e-05 742012 42.8186 4720
5.8548e-05 903234 52.8825 5760
5.8234e-05 1.11299e+06 64.8139 7008
5.8752e-05 1.37606e+06 80.8465 8672
5.8573e-05 1.71947e+06 100.715 10752
5.8255e-05 2.18007e+06 127 13456
6.0203e-05 2.64106e+06 159 16784
5.879e-05 3.37724e+06 198.548 20944
0.000119237 2.0855e+06 248.668 26144
6.4657e-05 4.83117e+06 312.369 32800
6.5343e-05 6.00475e+06 392.369 41120
6.6703e-05 7.40877e+06 494.187 51728
7.0372e-05 8.82996e+06 621.382 65040
6.5287e-05 1.19772e+07 781.955 81680
6.7182e-05 1.46348e+07 983.196 102688
7.1079e-05 1.73766e+07 1235.11 129104
7.4012e-05 2.10423e+07 1557.38 162384
7.9202e-05 2.47109e+07 1957.15 204192
8.3477e-05 2.94749e+07 2460.47 257024
8.729e-05 3.55655e+07 3104.51 323376
9.4694e-05 4.12177e+07 3903.07 406992
0.000130515 3.75805e+07 4904.82 512240
0.000119726 5.17281e+07 6193.19 644736
0.000158415 4.91417e+07 7784.78 811552
0.000183079 5.34353e+07 9782.87 1021632
0.00017723 6.9726e+07 12357.5 1286000
0.000297396 5.22199e+07 15530 1618800
0.000313824 6.2173e+07 19511.4 2037712
0.0003376 7.30346e+07 24656.5 2565200
0.000395243 7.83872e+07 30982 3229344
0.000507282 7.6726e+07 38921.7 4065296
0.000592074 8.31016e+07 49202.3 5117776
0.00076753 8.05327e+07 61811.3 6442736
0.000956582 8.11667e+07 77642.6 8110688
0.00117095 8.38315e+07 98162.9 10210656
0.00143916 8.56904e+07 123322 12854336
0.00181184 8.54879e+07 154891 16182544
0.00231191 8.46969e+07 195811 20372496
0.00291456 8.44203e+07 246048 25647376
0.00363877 8.49168e+07 308992 32287984
0.00464078 8.4165e+07 390591 40647920
0.00585436 8.38509e+07 490894 51172512
0.00759462 8.11616e+07 616392 64422320
0.00983229 7.92386e+07 779097 81102672
0.0123343 7.94002e+07 979346 102102144
0.0155635 7.90012e+07 1.22953e+06 128538944
0.0195681 7.94104e+07 1.55391e+06 161820816
0.0246941 7.91127e+07 1.95361e+06 203720128
0.031298 7.83514e+07 2.45225e+06 256468304
0.0394937 7.84618e+07 3.09874e+06 322874384
0.0500861 7.77908e+07 3.89624e+06 406474576
0.0639717 7.64329e+07 4.88954e+06 511721120
0.0814723 7.58198e+07 6.17721e+06 644218576
0.101903 7.62207e+07 7.76712e+06 811022928
0.127976 7.61383e+07 9.74384e+06 1021017232
0.161878 7.6016e+07 1.23053e+07 1285384400
0.202954 7.62238e+07 1.54699e+07 1618202912
0.255157 7.60151e+07 1.93958e+07 2037196656
0.321931 7.60359e+07 2.44783e+07 2564678416
0.407414 7.54933e+07 3.0757e+07 3228738592
0.508971 7.56877e+07 3.85229e+07 4064740928
0.642356 7.55921e+07 4.85571e+07 5117205536
0.807424 7.54695e+07 6.09359e+07 6442179888
1.0154 7.50215e+07 7.61765e+07 8110223824
