# filename: ./acpphint-2018macMiniVM-49152MiB-threads_11-LP64-Fedora_37_64bit-g++_12_O3lto-libstdc++-DSIZE_ul-ISIZE_ul-using_5_threads-cpus_kx4p2_kx4p3_2_10.txt
# acpphint_main version: 0.1.25

0.000257235 73862.4 19 2440
0.000255925 93777.5 24 2960
0.000269606 107564 29 3480
0.000268122 126808 34 4000
0.000255487 152650 39 4520
0.000269289 181961 49 5560
0.00028379 207900 59 6600
0.000269381 273714 73.7334 8160
0.000276681 318459 88.1116 9720
0.000296848 364742 108.273 11800
0.000293886 454339 133.524 14400
0.000281487 580031 163.271 17520
0.000280312 725608 203.397 21680
0.000270417 935089 252.864 26880
0.00026774 1.19145e+06 319 33640
0.000283825 1.4058e+06 399 41960
0.000268085 1.85467e+06 497.209 52360
0.000271 2.29762e+06 622.655 65360
0.000293313 2.66404e+06 781.396 82000
0.000271629 3.61342e+06 981.51 102800
0.00027634 4.47171e+06 1235.71 129320
0.000279509 5.5538e+06 1552.34 162600
0.000289525 6.75203e+06 1954.88 204200
0.000294641 8.338e+06 2456.72 256720
0.000298249 1.03371e+07 3083.03 322760
0.000276793 1.40633e+07 3892.62 405960
0.000287831 1.69839e+07 4888.5 510480
0.000312925 1.96182e+07 6139.02 642560
0.000298867 2.59621e+07 7759.21 808440
0.000304145 3.20474e+07 9747.07 1017480
0.000330432 3.70257e+07 12234.5 1280600
0.000330058 4.68979e+07 15479 1611840
0.000352745 5.5107e+07 19438.7 2028880
0.000313267 7.7882e+07 24397.9 2554080
0.000371481 8.31469e+07 30887.5 3215000
0.000402764 9.62751e+07 38776.2 4047000
0.000441916 1.10096e+08 48653.1 5094280
0.000498352 1.23674e+08 61633.1 6413000
0.000533255 1.45061e+08 77354.4 8073360
0.000644785 1.50504e+08 97042.7 10163240
0.00084336 1.45844e+08 122999 12794440
0.00126835 1.21672e+08 154322 16106840
0.00184219 1.05072e+08 193563 20276720
0.0021963 1.11725e+08 245381 25526640
0.00315979 9.74377e+07 307883 32135840
0.00392326 9.84125e+07 386098 40456360
0.00497277 9.84137e+07 489388 50931240
0.00646141 9.50639e+07 614247 64118440
0.00845077 9.11305e+07 770123 80719960
0.0108373 9.00589e+07 975996 101619800
0.0140647 8.7125e+07 1.22538e+06 127931280
0.0180352 8.51663e+07 1.53599e+06 161055800
0.0229773 8.47037e+07 1.94626e+06 202756680
0.0294778 8.29187e+07 2.44426e+06 255255360
0.0375583 8.15534e+07 3.063e+06 321347360
0.0486119 7.98216e+07 3.88028e+06 404552040
0.0606093 8.04202e+07 4.87421e+06 509300320
0.0792986 7.70002e+07 6.10601e+06 641170760
0.0992703 7.7896e+07 7.73276e+06 807185960
0.125433 7.74478e+07 9.7145e+06 1016186440
0.157257 7.73495e+07 1.21637e+07 1279302800
0.197849 7.78201e+07 1.53966e+07 1610546440
0.249746 7.74384e+07 1.93399e+07 2027557320
0.316049 7.65627e+07 2.41976e+07 2552543080
0.396978 7.70876e+07 3.06021e+07 3213461000
0.500524 7.67543e+07 3.84174e+07 4045507280
0.63026 7.61651e+07 4.80038e+07 5092991640
0.793733 7.63636e+07 6.06123e+07 6411696040
1.00231 7.58043e+07 7.59796e+07 8071846480
