# filename: ./acpphint-2018macMiniVM-49152MiB-threads_11-LP64-Fedora_37_64bit-g++_12_O3lto-libstdc++-cpulockdown-DSIZE_ul-ISIZE_ul-using_5_threads-cpus_kx4p2_kx4p3_2_10.txt
# acpphint_main version: 0.1.25

0.000295016 64403.3 19 2440
0.000279675 85813.9 24 2960
0.000245274 118235 29 3480
0.000289806 117320 34 4000
0.000282221 138190 39 4520
0.000332322 147447 49 5560
0.000303383 194474 59 6600
0.00029692 248327 73.7334 8160
0.000298979 294708 88.1116 9720
0.000298974 362148 108.273 11800
0.000267578 499009 133.524 14400
0.000270606 603354 163.271 17520
0.000304338 668325 203.397 21680
0.000298875 846052 252.864 26880
0.00029865 1.06814e+06 319 33640
0.00029869 1.33583e+06 399 41960
0.000308771 1.61029e+06 497.209 52360
0.000276441 2.2524e+06 622.655 65360
0.000309323 2.52615e+06 781.396 82000
0.000303355 3.23551e+06 981.51 102800
0.000313469 3.94206e+06 1235.71 129320
0.000299533 5.18252e+06 1552.34 162600
0.000343079 5.69805e+06 1954.88 204200
0.000316108 7.77177e+06 2456.72 256720
0.000309312 9.96738e+06 3083.03 322760
0.00030346 1.28275e+07 3892.62 405960
0.000308573 1.58423e+07 4888.5 510480
0.000311541 1.97053e+07 6139.02 642560
0.000290345 2.67241e+07 7759.21 808440
0.000333846 2.91963e+07 9747.07 1017480
0.000314507 3.89005e+07 12234.5 1280600
0.000309819 4.99615e+07 15479 1611840
0.000356207 5.45714e+07 19438.7 2028880
0.000418093 5.83551e+07 24397.9 2554080
0.000393392 7.85158e+07 30887.5 3215000
0.000421812 9.19276e+07 38776.2 4047000
0.000483371 1.00654e+08 48653.1 5094280
0.000500785 1.23073e+08 61633.1 6413000
0.00057226 1.35173e+08 77354.4 8073360
0.000676209 1.4351e+08 97042.7 10163240
0.000814957 1.50927e+08 122999 12794440
0.00151452 1.01895e+08 154322 16106840
0.00180901 1.07e+08 193563 20276720
0.00213561 1.14899e+08 245381 25526640
0.00278535 1.10536e+08 307883 32135840
0.0037976 1.01669e+08 386098 40456360
0.00502479 9.73947e+07 489388 50931240
0.00613499 1.00122e+08 614247 64118440
0.00808097 9.53008e+07 770123 80719960
0.0104011 9.38363e+07 975996 101619800
0.0136471 8.97908e+07 1.22538e+06 127931280
0.017201 8.92966e+07 1.53599e+06 161055800
0.0222609 8.74296e+07 1.94626e+06 202756680
0.0282741 8.64485e+07 2.44426e+06 255255360
0.0358446 8.54524e+07 3.063e+06 321347360
0.0457368 8.48392e+07 3.88028e+06 404552040
0.0588118 8.28781e+07 4.87421e+06 509300320
0.073636 8.29215e+07 6.10601e+06 641170760
0.0945536 8.17818e+07 7.73276e+06 807185960
0.11943 8.13407e+07 9.7145e+06 1016186440
0.150107 8.10339e+07 1.21637e+07 1279302800
0.189675 8.11734e+07 1.53966e+07 1610546440
0.237947 8.12783e+07 1.93399e+07 2027557320
0.300124 8.06254e+07 2.41976e+07 2552543080
0.377851 8.09899e+07 3.06021e+07 3213461000
0.476553 8.0615e+07 3.84174e+07 4045507280
0.600372 7.99568e+07 4.80038e+07 5092991640
0.757002 8.00688e+07 6.06123e+07 6411696040
0.951672 7.9838e+07 7.59796e+07 8071846480
1.20334 7.87085e+07 9.47128e+07 10161852320
