./cpp_clockinfo_main-2018macMiniVM-49152MiB-threads_11-LP64-Fedora_37_64bit-g++_12_O3lto-libc++ . . .
cpp_clockinfo_main version: acpphint_0.1.26


is_steady:                           true
period 'resolution' : 1 ns
duration max        : 9'223'372'036'854'775'807 ns
now (from epoch)    : 145'511'488'363'315 ns


main thread by itself:

Clock tick is not slow relative to execution:
no zero durations observed.

Of 2'000'000 near 'back to back now()' durations:

minimum duration                     : 17 ns
(to be subtracted out from activity durations)

target approx. min actvity duration  : 900 ns
(with min duration still included)

target with min duration subtracted  : 883 ns

Other information for reference:

small scale duration variability     : 9 ns

largest observed duration            : 87'537 ns
(with min duration still included)


      list  #Examples       duration   fraction
  position  of durat.           (ns)    with <=

         0          1             17 0.00000050
         1          1             18 0.00000100
         2          3             19 0.00000250
         3          5             20 0.00000500
         4          4             21 0.00000700
         5        315             22 0.00016450
         6     49'208             23 0.02476850
         7    521'996             24 0.28576650
         8    784'551             25 0.67804200
         9    482'937             26 0.91951050
        10    128'730             27 0.98387550
        11     21'869             28 0.99481000
        12      1'843             29 0.99573150
        13        542             30 0.99600250
        14        436             31 0.99622050
        15        349             32 0.99639500
        16        281             33 0.99653550
        17        207             34 0.99663900
        18        171             35 0.99672450
        19        211             36 0.99683000
        20        125             37 0.99689250
        21         45             38 0.99691500
        22         19             39 0.99692450
        23         15             40 0.99693200
        24          9             41 0.99693650
        25          8             42 0.99694050
        26          8             43 0.99694450
        27          8             44 0.99694850
        28         11             45 0.99695400
        29          5             46 0.99695650
        30          5             47 0.99695900
        31          4             48 0.99696100
        32          2             49 0.99696200
        33          2             50 0.99696300
        34          2             51 0.99696400
        35          1             52 0.99696450
        36          1             53 0.99696500
        37          1             54 0.99696550
        38          2             55 0.99696650
        39          8             57 0.99697050
        40         22             58 0.99698150
        41         39             59 0.99700100
        42         49             60 0.99702550
        43         85             61 0.99706800
        44         83             62 0.99710950
        45        134             63 0.99717650
        46        173             64 0.99726300
        47        121             65 0.99732350
        48        124             66 0.99738550
        49        217             67 0.99749400
        50        171             68 0.99757950
        51         89             69 0.99762400
        52         25             70 0.99763650
        53         18             71 0.99764550
        54         18             72 0.99765450
        55          9             73 0.99765900
        56          6             74 0.99766200
        57          4             75 0.99766400
        58          1             76 0.99766450
        59          7             77 0.99766800
        60          5             78 0.99767050
        61          5             79 0.99767300
        62          3             80 0.99767450
        63          4             81 0.99767650
        64          1             82 0.99767700
        65          1             84 0.99767750
        66          3             85 0.99767900
        67          5             86 0.99768150
        68         13             87 0.99768800
        69         15             88 0.99769550
        70          7             89 0.99769900
        71          4             90 0.99770100
        72         12             91 0.99770700
        73         31             92 0.99772250
        74         24             93 0.99773450
        75         10             94 0.99773950
        76          5             95 0.99774200
        77          1             96 0.99774250
        78          3             97 0.99774400
        79          3             98 0.99774550
        80          3             99 0.99774700
        81          6            100 0.99775000
        82          6            101 0.99775300
        83          6            102 0.99775600
        84          7            103 0.99775950
        85          7            104 0.99776300
        86          3            105 0.99776450
        87          4            106 0.99776650
        88          5            107 0.99776900
        89          3            108 0.99777050
        90          4            109 0.99777250
        91          4            110 0.99777450
        92          5            111 0.99777700
        93          9            112 0.99778150
        94         11            113 0.99778700
        95         10            114 0.99779200
        96          5            115 0.99779450
        97         12            116 0.99780050
        98          6            117 0.99780350
        99          9            118 0.99780800
       100          1            119 0.99780850
       101          8            120 0.99781250
       102          6            121 0.99781550
       103          2            122 0.99781650
       104         11            123 0.99782200
       105         16            124 0.99783000
       106         14            125 0.99783700
       107          7            126 0.99784050
       108         14            127 0.99784750
       109         10            128 0.99785250
       110          8            129 0.99785650
       111         11            130 0.99786200
       112         12            131 0.99786800
       113          6            132 0.99787100
       114          2            133 0.99787200
       115          2            134 0.99787300
       116          7            135 0.99787650
       117          1            136 0.99787700
       118          1            137 0.99787750
       119          1            138 0.99787800
       120          1            139 0.99787850
       121          1            141 0.99787900
       122          2            143 0.99788000
       123          3            144 0.99788150
       124          1            145 0.99788200
       125          2            146 0.99788300
       126          1            147 0.99788350
       127          1            149 0.99788400
       128          1            151 0.99788450
       129          2            154 0.99788550
       130          1            156 0.99788600
       131          1            157 0.99788650
       132          1            159 0.99788700
       133          2            160 0.99788800
       134          1            161 0.99788850
       135          1            162 0.99788900
       136          1            165 0.99788950
       137          2            166 0.99789050
       138          1            167 0.99789100
       139          1            168 0.99789150
       140          1            169 0.99789200
       141          2            170 0.99789300
       142          1            172 0.99789350
       143          3            173 0.99789500
       144          3            174 0.99789650
       145          1            176 0.99789700
       146          2            177 0.99789800
       147          2            179 0.99789900
       148          1            181 0.99789950
       149          1            182 0.99790000
       150          2            183 0.99790100
       151          2            185 0.99790200
       152          2            186 0.99790300
       153          1            188 0.99790350
       154          1            190 0.99790400
       155          1            198 0.99790450
       156          1            199 0.99790500
       157          1            201 0.99790550
       158          1            202 0.99790600
       159          1            203 0.99790650
       160          1            214 0.99790700
       161          1            221 0.99790750
       162          1            226 0.99790800
       163          1            241 0.99790850
       164          1            243 0.99790900
       165          1            263 0.99790950
       166          1            281 0.99791000
       167          1            283 0.99791050
       168          1            284 0.99791100
       169          1            302 0.99791150
       170          1            318 0.99791200
       171          1            326 0.99791250
       172          1            329 0.99791300
       173          1            362 0.99791350
       174          1            399 0.99791400
       175          1            430 0.99791450
       176          1            440 0.99791500
       177          1            458 0.99791550
       178          1            461 0.99791600
       179          1            522 0.99791650
       180          1            638 0.99791700
       181          1            920 0.99791750
       182          1          1'075 0.99791800
       183          2          1'080 0.99791900
       184          2          1'081 0.99792000
       185          2          1'085 0.99792100
       186          1          1'086 0.99792150
       187          1          1'087 0.99792200
       188          1          1'088 0.99792250
       189          3          1'089 0.99792400
       190          2          1'090 0.99792500
       191          2          1'091 0.99792600
       192          1          1'092 0.99792650
       193          5          1'094 0.99792900
       194          2          1'095 0.99793000
       195          2          1'096 0.99793100
       196          1          1'098 0.99793150
       197          1          1'099 0.99793200
       198          2          1'100 0.99793300
       199          2          1'101 0.99793400
       200          1          1'102 0.99793450
       201          2          1'104 0.99793550
       202          3          1'105 0.99793700
       203          1          1'106 0.99793750
       204          1          1'107 0.99793800
       205          1          1'108 0.99793850
       206          1          1'109 0.99793900
       207          1          1'110 0.99793950
       208          1          1'111 0.99794000
       209          1          1'112 0.99794050
       210          2          1'115 0.99794150
       211          1          1'116 0.99794200
       212          1          1'117 0.99794250
       213          2          1'118 0.99794350
       214          2          1'119 0.99794450
       215          1          1'120 0.99794500
       216          2          1'122 0.99794600
       217          4          1'123 0.99794800
       218          1          1'125 0.99794850
       219          2          1'126 0.99794950
       220          1          1'127 0.99795000
       221          1          1'128 0.99795050
       222          2          1'129 0.99795150
       223          2          1'131 0.99795250
       224          2          1'132 0.99795350
       225          1          1'133 0.99795400
       226          6          1'134 0.99795700
       227          2          1'135 0.99795800
       228          2          1'136 0.99795900
       229          5          1'137 0.99796150
       230          2          1'138 0.99796250
       231          3          1'139 0.99796400
       232          4          1'140 0.99796600
       233          5          1'141 0.99796850
       234          4          1'142 0.99797050
       235          4          1'143 0.99797250
       236          8          1'144 0.99797650
       237          7          1'145 0.99798000
       238          8          1'146 0.99798400
       239          5          1'147 0.99798650
       240          2          1'148 0.99798750
       241          8          1'149 0.99799150
       242          6          1'150 0.99799450
       243         11          1'151 0.99800000
       244          8          1'152 0.99800400
       245         11          1'153 0.99800950
       246         13          1'154 0.99801600
       247         10          1'155 0.99802100
       248         11          1'156 0.99802650
       249          9          1'157 0.99803100
       250         10          1'158 0.99803600
       251          8          1'159 0.99804000
       252          8          1'160 0.99804400
       253         15          1'161 0.99805150
       254         11          1'162 0.99805700
       255         11          1'163 0.99806250
       256         11          1'164 0.99806800
       257         10          1'165 0.99807300
       258         15          1'166 0.99808050
       259         11          1'167 0.99808600
       260          8          1'168 0.99809000
       261         14          1'169 0.99809700
       262          9          1'170 0.99810150
       263         11          1'171 0.99810700
       264          7          1'172 0.99811050
       265         19          1'173 0.99812000
       266         12          1'174 0.99812600
       267         10          1'175 0.99813100
       268         14          1'176 0.99813800
       269          5          1'177 0.99814050
       270          9          1'178 0.99814500
       271          9          1'179 0.99814950
       272          8          1'180 0.99815350
       273          6          1'181 0.99815650
       274          5          1'182 0.99815900
       275          6          1'183 0.99816200
       276          6          1'184 0.99816500
       277         10          1'185 0.99817000
       278          7          1'186 0.99817350
       279          6          1'187 0.99817650
       280          4          1'188 0.99817850
       281         10          1'189 0.99818350
       282         11          1'190 0.99818900
       283          9          1'191 0.99819350
       284          6          1'192 0.99819650
       285          4          1'193 0.99819850
       286          7          1'194 0.99820200
       287          8          1'195 0.99820600
       288          8          1'196 0.99821000
       289         11          1'197 0.99821550
       290         11          1'198 0.99822100
       291         11          1'199 0.99822650
       292         12          1'200 0.99823250
       293         16          1'201 0.99824050
       294         10          1'202 0.99824550
       295          9          1'203 0.99825000
       296         10          1'204 0.99825500
       297         14          1'205 0.99826200
       298          9          1'206 0.99826650
       299         15          1'207 0.99827400
       300         12          1'208 0.99828000
       301         21          1'209 0.99829050
       302         13          1'210 0.99829700
       303         16          1'211 0.99830500
       304         12          1'212 0.99831100
       305         16          1'213 0.99831900
       306         19          1'214 0.99832850
       307         15          1'215 0.99833600
       308         14          1'216 0.99834300
       309         16          1'217 0.99835100
       310         12          1'218 0.99835700
       311         10          1'219 0.99836200
       312         19          1'220 0.99837150
       313         22          1'221 0.99838250
       314         11          1'222 0.99838800
       315         17          1'223 0.99839650
       316         16          1'224 0.99840450
       317          9          1'225 0.99840900
       318         18          1'226 0.99841800
       319         15          1'227 0.99842550
       320         14          1'228 0.99843250
       321         17          1'229 0.99844100
       322         17          1'230 0.99844950
       323         17          1'231 0.99845800
       324         15          1'232 0.99846550
       325         12          1'233 0.99847150
       326          9          1'234 0.99847600
       327         15          1'235 0.99848350
       328         17          1'236 0.99849200
       329         14          1'237 0.99849900
       330         12          1'238 0.99850500
       331         15          1'239 0.99851250
       332         11          1'240 0.99851800
       333         11          1'241 0.99852350
       334         11          1'242 0.99852900
       335         16          1'243 0.99853700
       336          7          1'244 0.99854050
       337          6          1'245 0.99854350
       338         21          1'246 0.99855400
       339         12          1'247 0.99856000
       340          8          1'248 0.99856400
       341          9          1'249 0.99856850
       342         11          1'250 0.99857400
       343         13          1'251 0.99858050
       344         12          1'252 0.99858650
       345         11          1'253 0.99859200
       346         11          1'254 0.99859750
       347         12          1'255 0.99860350
       348         12          1'256 0.99860950
       349         11          1'257 0.99861500
       350         13          1'258 0.99862150
       351         16          1'259 0.99862950
       352         10          1'260 0.99863450
       353         10          1'261 0.99863950
       354         18          1'262 0.99864850
       355         14          1'263 0.99865550
       356         10          1'264 0.99866050
       357         11          1'265 0.99866600
       358         11          1'266 0.99867150
       359         13          1'267 0.99867800
       360         13          1'268 0.99868450
       361          9          1'269 0.99868900
       362         15          1'270 0.99869650
       363         19          1'271 0.99870600
       364         14          1'272 0.99871300
       365         13          1'273 0.99871950
       366         13          1'274 0.99872600
       367          9          1'275 0.99873050
       368          9          1'276 0.99873500
       369         16          1'277 0.99874300
       370         12          1'278 0.99874900
       371         15          1'279 0.99875650
       372          5          1'280 0.99875900
       373         12          1'281 0.99876500
       374         13          1'282 0.99877150
       375         13          1'283 0.99877800
       376         17          1'284 0.99878650
       377         12          1'285 0.99879250
       378         12          1'286 0.99879850
       379          9          1'287 0.99880300
       380         11          1'288 0.99880850
       381         15          1'289 0.99881600
       382         22          1'290 0.99882700
       383         12          1'291 0.99883300
       384         13          1'292 0.99883950
       385         15          1'293 0.99884700
       386         14          1'294 0.99885400
       387         17          1'295 0.99886250
       388         12          1'296 0.99886850
       389          9          1'297 0.99887300
       390         16          1'298 0.99888100
       391         13          1'299 0.99888750
       392         16          1'300 0.99889550
       393         15          1'301 0.99890300
       394         13          1'302 0.99890950
       395         12          1'303 0.99891550
       396          8          1'304 0.99891950
       397          7          1'305 0.99892300
       398         13          1'306 0.99892950
       399         10          1'307 0.99893450
       400         13          1'308 0.99894100
       401         10          1'309 0.99894600
       402          9          1'310 0.99895050
       403         18          1'311 0.99895950
       404          9          1'312 0.99896400
       405          8          1'313 0.99896800
       406         16          1'314 0.99897600
       407         11          1'315 0.99898150
       408         12          1'316 0.99898750
       409         14          1'317 0.99899450
       410         16          1'318 0.99900250
       411         13          1'319 0.99900900
       412         10          1'320 0.99901400
       413          8          1'321 0.99901800
       414          5          1'322 0.99902050
       415          8          1'323 0.99902450
       416          7          1'324 0.99902800
       417          8          1'325 0.99903200
       418          6          1'326 0.99903500
       419          7          1'327 0.99903850
       420          4          1'328 0.99904050
       421         14          1'329 0.99904750
       422         11          1'330 0.99905300
       423          4          1'331 0.99905500
       424          8          1'332 0.99905900
       425          9          1'333 0.99906350
       426         12          1'334 0.99906950
       427          8          1'335 0.99907350
       428          5          1'336 0.99907600
       429         11          1'337 0.99908150
       430          7          1'338 0.99908500
       431         10          1'339 0.99909000
       432          9          1'340 0.99909450
       433          9          1'341 0.99909900
       434          8          1'342 0.99910300
       435          5          1'343 0.99910550
       436          7          1'344 0.99910900
       437          4          1'345 0.99911100
       438          8          1'346 0.99911500
       439          7          1'347 0.99911850
       440          5          1'348 0.99912100
       441          5          1'349 0.99912350
       442          8          1'350 0.99912750
       443          7          1'351 0.99913100
       444          5          1'352 0.99913350
       445          8          1'353 0.99913750
       446          7          1'354 0.99914100
       447         14          1'355 0.99914800
       448          8          1'356 0.99915200
       449          4          1'357 0.99915400
       450          1          1'358 0.99915450
       451          3          1'359 0.99915600
       452         10          1'360 0.99916100
       453          6          1'361 0.99916400
       454          5          1'362 0.99916650
       455          5          1'363 0.99916900
       456          8          1'364 0.99917300
       457          8          1'365 0.99917700
       458          4          1'366 0.99917900
       459          5          1'367 0.99918150
       460         10          1'368 0.99918650
       461          8          1'369 0.99919050
       462          4          1'370 0.99919250
       463          7          1'371 0.99919600
       464          5          1'372 0.99919850
       465          3          1'373 0.99920000
       466          6          1'374 0.99920300
       467          8          1'375 0.99920700
       468          6          1'376 0.99921000
       469          3          1'377 0.99921150
       470          5          1'378 0.99921400
       471          6          1'379 0.99921700
       472          7          1'380 0.99922050
       473          6          1'381 0.99922350
       474          5          1'382 0.99922600
       475          6          1'383 0.99922900
       476          5          1'384 0.99923150
       477          4          1'385 0.99923350
       478          4          1'386 0.99923550
       479          2          1'387 0.99923650
       480          2          1'388 0.99923750
       481          5          1'389 0.99924000
       482          7          1'390 0.99924350
       483          3          1'391 0.99924500
       484          5          1'392 0.99924750
       485          4          1'393 0.99924950
       486          3          1'394 0.99925100
       487          5          1'395 0.99925350
       488          3          1'396 0.99925500
       489          5          1'397 0.99925750
       490          5          1'398 0.99926000
       491          8          1'399 0.99926400
       492          8          1'400 0.99926800
       493          3          1'401 0.99926950
       494          2          1'402 0.99927050
       495          1          1'403 0.99927100
       496          4          1'404 0.99927300
       497          6          1'405 0.99927600
       498          5          1'406 0.99927850
       499          2          1'407 0.99927950
       500          4          1'408 0.99928150
       501          2          1'409 0.99928250
       502          9          1'410 0.99928700
       503          8          1'411 0.99929100
       504          3          1'412 0.99929250
       505          4          1'413 0.99929450
       506          3          1'414 0.99929600
       507         10          1'415 0.99930100
       508          3          1'416 0.99930250
       509          2          1'417 0.99930350
       510          4          1'418 0.99930550
       511          5          1'419 0.99930800
       512          5          1'420 0.99931050
       513          5          1'421 0.99931300
       514          8          1'422 0.99931700
       515          4          1'423 0.99931900
       516          3          1'424 0.99932050
       517          5          1'425 0.99932300
       518          4          1'426 0.99932500
       519          2          1'427 0.99932600
       520          5          1'428 0.99932850
       521          6          1'429 0.99933150
       522          3          1'430 0.99933300
       523          3          1'431 0.99933450
       524          5          1'432 0.99933700
       525          3          1'433 0.99933850
       526          4          1'434 0.99934050
       527          3          1'435 0.99934200
       528          2          1'436 0.99934300
       529          2          1'437 0.99934400
       530          1          1'439 0.99934450
       531          3          1'440 0.99934600
       532          5          1'441 0.99934850
       533          2          1'442 0.99934950
       534          1          1'443 0.99935000
       535          6          1'444 0.99935300
       536          2          1'445 0.99935400
       537          1          1'446 0.99935450
       538          2          1'447 0.99935550
       539          2          1'448 0.99935650
       540          4          1'449 0.99935850
       541          2          1'450 0.99935950
       542          2          1'451 0.99936050
       543          2          1'452 0.99936150
       544          2          1'453 0.99936250
       545          4          1'454 0.99936450
       546          2          1'455 0.99936550
       547          3          1'456 0.99936700
       548          1          1'457 0.99936750
       549          2          1'458 0.99936850
       550          4          1'459 0.99937050
       551          1          1'460 0.99937100
       552          3          1'462 0.99937250
       553          4          1'463 0.99937450
       554          1          1'464 0.99937500
       555          2          1'465 0.99937600
       556          4          1'466 0.99937800
       557          4          1'467 0.99938000
       558          1          1'468 0.99938050
       559          1          1'469 0.99938100
       560          3          1'470 0.99938250
       561          3          1'471 0.99938400
       562          3          1'472 0.99938550
       563          2          1'473 0.99938650
       564          7          1'474 0.99939000
       565          3          1'475 0.99939150
       566          2          1'476 0.99939250
       567          3          1'477 0.99939400
       568          1          1'478 0.99939450
       569          1          1'479 0.99939500
       570          2          1'480 0.99939600
       571          4          1'481 0.99939800
       572          3          1'483 0.99939950
       573          3          1'484 0.99940100
       574          2          1'486 0.99940200
       575          3          1'487 0.99940350
       576          5          1'488 0.99940600
       577          3          1'489 0.99940750
       578          2          1'490 0.99940850
       579          2          1'491 0.99940950
       580          1          1'492 0.99941000
       581          1          1'493 0.99941050
       582          4          1'494 0.99941250
       583          4          1'495 0.99941450
       584          2          1'496 0.99941550
       585          2          1'497 0.99941650
       586          1          1'498 0.99941700
       587          4          1'500 0.99941900
       588          2          1'502 0.99942000
       589          1          1'503 0.99942050
       590          1          1'504 0.99942100
       591          2          1'505 0.99942200
       592          1          1'506 0.99942250
       593          4          1'507 0.99942450
       594          3          1'508 0.99942600
       595          2          1'509 0.99942700
       596          3          1'510 0.99942850
       597          2          1'511 0.99942950
       598          3          1'512 0.99943100
       599          2          1'513 0.99943200
       600          2          1'514 0.99943300
       601          2          1'515 0.99943400
       602          1          1'516 0.99943450
       603          1          1'518 0.99943500
       604          3          1'519 0.99943650
       605          1          1'520 0.99943700
       606          2          1'521 0.99943800
       607          2          1'522 0.99943900
       608          2          1'523 0.99944000
       609          1          1'524 0.99944050
       610          1          1'526 0.99944100
       611          1          1'528 0.99944150
       612          2          1'530 0.99944250
       613          3          1'531 0.99944400
       614          1          1'532 0.99944450
       615          2          1'533 0.99944550
       616          1          1'534 0.99944600
       617          1          1'535 0.99944650
       618          1          1'536 0.99944700
       619          2          1'537 0.99944800
       620          6          1'538 0.99945100
       621          3          1'539 0.99945250
       622          2          1'541 0.99945350
       623          4          1'542 0.99945550
       624          3          1'544 0.99945700
       625          1          1'545 0.99945750
       626          2          1'546 0.99945850
       627          3          1'547 0.99946000
       628          1          1'548 0.99946050
       629          1          1'550 0.99946100
       630          2          1'551 0.99946200
       631          2          1'552 0.99946300
       632          2          1'553 0.99946400
       633          1          1'555 0.99946450
       634          1          1'556 0.99946500
       635          2          1'557 0.99946600
       636          1          1'558 0.99946650
       637          2          1'559 0.99946750
       638          1          1'560 0.99946800
       639          3          1'561 0.99946950
       640          5          1'562 0.99947200
       641          1          1'563 0.99947250
       642          5          1'564 0.99947500
       643          2          1'565 0.99947600
       644          4          1'566 0.99947800
       645          4          1'567 0.99948000
       646          1          1'569 0.99948050
       647          1          1'570 0.99948100
       648          3          1'571 0.99948250
       649          1          1'572 0.99948300
       650          1          1'573 0.99948350
       651          1          1'575 0.99948400
       652          1          1'576 0.99948450
       653          1          1'578 0.99948500
       654          2          1'580 0.99948600
       655          3          1'581 0.99948750
       656          1          1'582 0.99948800
       657          2          1'583 0.99948900
       658          3          1'584 0.99949050
       659          1          1'585 0.99949100
       660          1          1'586 0.99949150
       661          5          1'587 0.99949400
       662          2          1'588 0.99949500
       663          1          1'590 0.99949550
       664          1          1'591 0.99949600
       665          1          1'592 0.99949650
       666          1          1'593 0.99949700
       667          1          1'594 0.99949750
       668          2          1'596 0.99949850
       669          1          1'598 0.99949900
       670          1          1'599 0.99949950
       671          5          1'603 0.99950200
       672          2          1'604 0.99950300
       673          1          1'605 0.99950350
       674          1          1'606 0.99950400
       675          1          1'607 0.99950450
       676          1          1'608 0.99950500
       677          1          1'609 0.99950550
       678          4          1'610 0.99950750
       679          1          1'611 0.99950800
       680          1          1'612 0.99950850
       681          2          1'613 0.99950950
       682          1          1'614 0.99951000
       683          1          1'617 0.99951050
       684          2          1'619 0.99951150
       685          3          1'620 0.99951300
       686          2          1'621 0.99951400
       687          1          1'622 0.99951450
       688          1          1'625 0.99951500
       689          1          1'631 0.99951550
       690          2          1'632 0.99951650
       691          1          1'634 0.99951700
       692          1          1'637 0.99951750
       693          2          1'641 0.99951850
       694          1          1'642 0.99951900
       695          2          1'646 0.99952000
       696          1          1'647 0.99952050
       697          1          1'648 0.99952100
       698          1          1'651 0.99952150
       699          2          1'652 0.99952250
       700          1          1'653 0.99952300
       701          1          1'654 0.99952350
       702          3          1'655 0.99952500
       703          2          1'656 0.99952600
       704          1          1'658 0.99952650
       705          1          1'659 0.99952700
       706          1          1'660 0.99952750
       707          1          1'661 0.99952800
       708          2          1'662 0.99952900
       709          1          1'665 0.99952950
       710          1          1'666 0.99953000
       711          2          1'667 0.99953100
       712          2          1'668 0.99953200
       713          2          1'669 0.99953300
       714          1          1'673 0.99953350
       715          1          1'674 0.99953400
       716          2          1'675 0.99953500
       717          1          1'676 0.99953550
       718          1          1'678 0.99953600
       719          1          1'679 0.99953650
       720          1          1'682 0.99953700
       721          1          1'683 0.99953750
       722          1          1'690 0.99953800
       723          1          1'692 0.99953850
       724          1          1'693 0.99953900
       725          3          1'695 0.99954050
       726          1          1'697 0.99954100
       727          1          1'698 0.99954150
       728          1          1'699 0.99954200
       729          1          1'702 0.99954250
       730          1          1'703 0.99954300
       731          1          1'704 0.99954350
       732          1          1'705 0.99954400
       733          2          1'707 0.99954500
       734          3          1'708 0.99954650
       735          1          1'710 0.99954700
       736          2          1'712 0.99954800
       737          2          1'714 0.99954900
       738          1          1'715 0.99954950
       739          1          1'718 0.99955000
       740          1          1'730 0.99955050
       741          2          1'732 0.99955150
       742          1          1'733 0.99955200
       743          1          1'735 0.99955250
       744          1          1'736 0.99955300
       745          1          1'737 0.99955350
       746          1          1'738 0.99955400
       747          1          1'739 0.99955450
       748          1          1'740 0.99955500
       749          1          1'743 0.99955550
       750          1          1'745 0.99955600
       751          3          1'746 0.99955750
       752          1          1'747 0.99955800
       753          2          1'748 0.99955900
       754          1          1'754 0.99955950
       755          1          1'755 0.99956000
       756          1          1'757 0.99956050
       757          1          1'761 0.99956100
       758          1          1'762 0.99956150
       759          1          1'767 0.99956200
       760          1          1'769 0.99956250
       761          2          1'770 0.99956350
       762          1          1'774 0.99956400
       763          1          1'785 0.99956450
       764          1          1'795 0.99956500
       765          1          1'797 0.99956550
       766          1          1'802 0.99956600
       767          1          1'803 0.99956650
       768          1          1'805 0.99956700
       769          1          1'806 0.99956750
       770          1          1'808 0.99956800
       771          1          1'809 0.99956850
       772          1          1'810 0.99956900
       773          1          1'812 0.99956950
       774          1          1'813 0.99957000
       775          2          1'816 0.99957100
       776          1          1'819 0.99957150
       777          1          1'824 0.99957200
       778          1          1'825 0.99957250
       779          2          1'827 0.99957350
       780          1          1'831 0.99957400
       781          1          1'832 0.99957450
       782          3          1'844 0.99957600
       783          2          1'846 0.99957700
       784          1          1'847 0.99957750
       785          1          1'849 0.99957800
       786          1          1'850 0.99957850
       787          1          1'851 0.99957900
       788          1          1'853 0.99957950
       789          1          1'854 0.99958000
       790          1          1'862 0.99958050
       791          1          1'863 0.99958100
       792          1          1'865 0.99958150
       793          1          1'870 0.99958200
       794          1          1'878 0.99958250
       795          1          1'885 0.99958300
       796          1          1'892 0.99958350
       797          1          1'903 0.99958400
       798          2          1'908 0.99958500
       799          1          1'910 0.99958550
       800          3          1'915 0.99958700
       801          3          1'916 0.99958850
       802          1          1'919 0.99958900
       803          1          1'920 0.99958950
       804          1          1'923 0.99959000
       805          1          1'924 0.99959050
       806          1          1'928 0.99959100
       807          1          1'929 0.99959150
       808          1          1'931 0.99959200
       809          1          1'933 0.99959250
       810          1          1'943 0.99959300
       811          1          1'944 0.99959350
       812          2          1'945 0.99959450
       813          1          1'950 0.99959500
       814          1          1'955 0.99959550
       815          1          1'958 0.99959600
       816          1          1'962 0.99959650
       817          1          1'965 0.99959700
       818          1          1'970 0.99959750
       819          1          1'972 0.99959800
       820          1          1'975 0.99959850
       821          1          1'980 0.99959900
       822          1          1'985 0.99959950
       823          1          1'987 0.99960000
       824          1          1'991 0.99960050
       825          1          1'992 0.99960100
       826          1          1'994 0.99960150
       827          1          2'000 0.99960200
       828          1          2'007 0.99960250
       829          1          2'011 0.99960300
       830          1          2'012 0.99960350
       831          1          2'015 0.99960400
       832          1          2'016 0.99960450
       833          2          2'028 0.99960550
       834          1          2'029 0.99960600
       835          1          2'031 0.99960650
       836          1          2'037 0.99960700
       837          1          2'046 0.99960750
       838          1          2'057 0.99960800
       839          1          2'060 0.99960850
       840          1          2'064 0.99960900
       841          1          2'065 0.99960950
       842          1          2'066 0.99961000
       843          2          2'067 0.99961100
       844          2          2'069 0.99961200
       845          1          2'070 0.99961250
       846          1          2'074 0.99961300
       847          2          2'075 0.99961400
       848          1          2'077 0.99961450
       849          1          2'084 0.99961500
       850          2          2'085 0.99961600
       851          1          2'087 0.99961650
       852          1          2'091 0.99961700
       853          1          2'094 0.99961750
       854          1          2'096 0.99961800
       855          1          2'100 0.99961850
       856          1          2'101 0.99961900
       857          4          2'102 0.99962100
       858          1          2'109 0.99962150
       859          2          2'111 0.99962250
       860          3          2'119 0.99962400
       861          2          2'120 0.99962500
       862          1          2'122 0.99962550
       863          1          2'123 0.99962600
       864          1          2'126 0.99962650
       865          3          2'127 0.99962800
       866          1          2'128 0.99962850
       867          2          2'131 0.99962950
       868          2          2'132 0.99963050
       869          1          2'134 0.99963100
       870          2          2'141 0.99963200
       871          1          2'143 0.99963250
       872          1          2'144 0.99963300
       873          1          2'146 0.99963350
       874          1          2'147 0.99963400
       875          2          2'149 0.99963500
       876          1          2'150 0.99963550
       877          1          2'151 0.99963600
       878          3          2'152 0.99963750
       879          1          2'153 0.99963800
       880          1          2'159 0.99963850
       881          1          2'161 0.99963900
       882          1          2'165 0.99963950
       883          1          2'167 0.99964000
       884          1          2'168 0.99964050
       885          2          2'171 0.99964150
       886          1          2'172 0.99964200
       887          1          2'173 0.99964250
       888          2          2'174 0.99964350
       889          1          2'175 0.99964400
       890          1          2'176 0.99964450
       891          2          2'178 0.99964550
       892          3          2'180 0.99964700
       893          2          2'184 0.99964800
       894          2          2'186 0.99964900
       895          3          2'187 0.99965050
       896          3          2'189 0.99965200
       897          1          2'190 0.99965250
       898          1          2'193 0.99965300
       899          1          2'196 0.99965350
       900          3          2'197 0.99965500
       901          2          2'199 0.99965600
       902          1          2'200 0.99965650
       903          2          2'201 0.99965750
       904          1          2'203 0.99965800
       905          2          2'205 0.99965900
       906          1          2'211 0.99965950
       907          4          2'213 0.99966150
       908          1          2'214 0.99966200
       909          4          2'215 0.99966400
       910          2          2'219 0.99966500
       911          1          2'220 0.99966550
       912          1          2'221 0.99966600
       913          4          2'223 0.99966800
       914          1          2'225 0.99966850
       915          1          2'228 0.99966900
       916          1          2'230 0.99966950
       917          2          2'232 0.99967050
       918          4          2'235 0.99967250
       919          1          2'237 0.99967300
       920          2          2'240 0.99967400
       921          1          2'241 0.99967450
       922          2          2'242 0.99967550
       923          1          2'244 0.99967600
       924          1          2'245 0.99967650
       925          1          2'247 0.99967700
       926          2          2'248 0.99967800
       927          1          2'252 0.99967850
       928          1          2'253 0.99967900
       929          1          2'255 0.99967950
       930          1          2'256 0.99968000
       931          1          2'258 0.99968050
       932          1          2'263 0.99968100
       933          1          2'264 0.99968150
       934          1          2'265 0.99968200
       935          1          2'266 0.99968250
       936          1          2'268 0.99968300
       937          1          2'271 0.99968350
       938          2          2'272 0.99968450
       939          2          2'273 0.99968550
       940          1          2'278 0.99968600
       941          1          2'281 0.99968650
       942          2          2'282 0.99968750
       943          1          2'288 0.99968800
       944          2          2'289 0.99968900
       945          2          2'291 0.99969000
       946          1          2'299 0.99969050
       947          3          2'300 0.99969200
       948          2          2'301 0.99969300
       949          1          2'302 0.99969350
       950          1          2'305 0.99969400
       951          1          2'308 0.99969450
       952          1          2'309 0.99969500
       953          1          2'311 0.99969550
       954          1          2'312 0.99969600
       955          1          2'313 0.99969650
       956          1          2'314 0.99969700
       957          1          2'315 0.99969750
       958          1          2'316 0.99969800
       959          1          2'317 0.99969850
       960          1          2'320 0.99969900
       961          1          2'323 0.99969950
       962          1          2'324 0.99970000
       963          1          2'325 0.99970050
       964          1          2'328 0.99970100
       965          1          2'331 0.99970150
       966          1          2'333 0.99970200
       967          1          2'334 0.99970250
       968          1          2'335 0.99970300
       969          1          2'336 0.99970350
       970          1          2'341 0.99970400
       971          2          2'342 0.99970500
       972          3          2'345 0.99970650
       973          2          2'347 0.99970750
       974          1          2'350 0.99970800
       975          1          2'351 0.99970850
       976          1          2'353 0.99970900
       977          1          2'354 0.99970950
       978          1          2'360 0.99971000
       979          2          2'362 0.99971100
       980          1          2'366 0.99971150
       981          1          2'368 0.99971200
       982          1          2'373 0.99971250
       983          1          2'374 0.99971300
       984          2          2'376 0.99971400
       985          2          2'378 0.99971500
       986          1          2'379 0.99971550
       987          2          2'380 0.99971650
       988          2          2'383 0.99971750
       989          1          2'386 0.99971800
       990          1          2'388 0.99971850
       991          1          2'389 0.99971900
       992          1          2'390 0.99971950
       993          1          2'391 0.99972000
       994          2          2'392 0.99972100
       995          3          2'394 0.99972250
       996          1          2'396 0.99972300
       997          2          2'399 0.99972400
       998          1          2'401 0.99972450
       999          2          2'403 0.99972550
     1'000          2          2'404 0.99972650
     1'001          1          2'405 0.99972700
     1'002          2          2'406 0.99972800
     1'003          1          2'408 0.99972850
     1'004          2          2'409 0.99972950
     1'005          1          2'410 0.99973000
     1'006          1          2'411 0.99973050
     1'007          1          2'419 0.99973100
     1'008          2          2'421 0.99973200
     1'009          1          2'422 0.99973250
     1'010          1          2'425 0.99973300
     1'011          1          2'431 0.99973350
     1'012          1          2'432 0.99973400
     1'013          2          2'436 0.99973500
     1'014          1          2'441 0.99973550
     1'015          1          2'443 0.99973600
     1'016          1          2'445 0.99973650
     1'017          1          2'449 0.99973700
     1'018          2          2'450 0.99973800
     1'019          1          2'453 0.99973850
     1'020          1          2'455 0.99973900
     1'021          1          2'456 0.99973950
     1'022          2          2'458 0.99974050
     1'023          1          2'459 0.99974100
     1'024          1          2'460 0.99974150
     1'025          2          2'462 0.99974250
     1'026          1          2'463 0.99974300
     1'027          1          2'467 0.99974350
     1'028          1          2'472 0.99974400
     1'029          2          2'474 0.99974500
     1'030          1          2'478 0.99974550
     1'031          2          2'481 0.99974650
     1'032          2          2'484 0.99974750
     1'033          1          2'486 0.99974800
     1'034          1          2'487 0.99974850
     1'035          1          2'488 0.99974900
     1'036          1          2'489 0.99974950
     1'037          1          2'490 0.99975000
     1'038          1          2'491 0.99975050
     1'039          1          2'495 0.99975100
     1'040          1          2'498 0.99975150
     1'041          1          2'499 0.99975200
     1'042          2          2'500 0.99975300
     1'043          1          2'507 0.99975350
     1'044          1          2'514 0.99975400
     1'045          1          2'515 0.99975450
     1'046          1          2'517 0.99975500
     1'047          1          2'519 0.99975550
     1'048          1          2'521 0.99975600
     1'049          2          2'522 0.99975700
     1'050          1          2'530 0.99975750
     1'051          1          2'531 0.99975800
     1'052          1          2'533 0.99975850
     1'053          1          2'541 0.99975900
     1'054          2          2'543 0.99976000
     1'055          1          2'547 0.99976050
     1'056          1          2'550 0.99976100
     1'057          1          2'551 0.99976150
     1'058          1          2'553 0.99976200
     1'059          2          2'554 0.99976300
     1'060          1          2'557 0.99976350
     1'061          2          2'560 0.99976450
     1'062          1          2'566 0.99976500
     1'063          1          2'569 0.99976550
     1'064          1          2'570 0.99976600
     1'065          1          2'571 0.99976650
     1'066          1          2'575 0.99976700
     1'067          1          2'584 0.99976750
     1'068          1          2'588 0.99976800
     1'069          1          2'590 0.99976850
     1'070          1          2'595 0.99976900
     1'071          1          2'603 0.99976950
     1'072          1          2'606 0.99977000
     1'073          1          2'608 0.99977050
     1'074          1          2'610 0.99977100
     1'075          1          2'616 0.99977150
     1'076          1          2'624 0.99977200
     1'077          1          2'626 0.99977250
     1'078          1          2'634 0.99977300
     1'079          2          2'638 0.99977400
     1'080          1          2'639 0.99977450
     1'081          1          2'640 0.99977500
     1'082          1          2'644 0.99977550
     1'083          1          2'648 0.99977600
     1'084          1          2'653 0.99977650
     1'085          1          2'654 0.99977700
     1'086          1          2'658 0.99977750
     1'087          1          2'661 0.99977800
     1'088          1          2'672 0.99977850
     1'089          1          2'673 0.99977900
     1'090          1          2'674 0.99977950
     1'091          1          2'678 0.99978000
     1'092          1          2'683 0.99978050
     1'093          1          2'685 0.99978100
     1'094          1          2'689 0.99978150
     1'095          1          2'691 0.99978200
     1'096          1          2'693 0.99978250
     1'097          1          2'700 0.99978300
     1'098          1          2'702 0.99978350
     1'099          1          2'708 0.99978400
     1'100          1          2'714 0.99978450
     1'101          1          2'716 0.99978500
     1'102          1          2'718 0.99978550
     1'103          1          2'719 0.99978600
     1'104          1          2'721 0.99978650
     1'105          1          2'727 0.99978700
     1'106          2          2'731 0.99978800
     1'107          1          2'732 0.99978850
     1'108          2          2'741 0.99978950
     1'109          1          2'742 0.99979000
     1'110          1          2'743 0.99979050
     1'111          1          2'745 0.99979100
     1'112          2          2'747 0.99979200
     1'113          1          2'749 0.99979250
     1'114          1          2'752 0.99979300
     1'115          1          2'756 0.99979350
     1'116          1          2'761 0.99979400
     1'117          1          2'763 0.99979450
     1'118          1          2'765 0.99979500
     1'119          1          2'769 0.99979550
     1'120          1          2'771 0.99979600
     1'121          1          2'775 0.99979650
     1'122          1          2'779 0.99979700
     1'123          1          2'792 0.99979750
     1'124          1          2'793 0.99979800
     1'125          1          2'796 0.99979850
     1'126          1          2'798 0.99979900
     1'127          1          2'801 0.99979950
     1'128          1          2'802 0.99980000
     1'129          1          2'804 0.99980050
     1'130          1          2'816 0.99980100
     1'131          1          2'832 0.99980150
     1'132          1          2'834 0.99980200
     1'133          1          2'842 0.99980250
     1'134          1          2'843 0.99980300
     1'135          1          2'850 0.99980350
     1'136          1          2'857 0.99980400
     1'137          1          2'861 0.99980450
     1'138          1          2'864 0.99980500
     1'139          1          2'866 0.99980550
     1'140          1          2'878 0.99980600
     1'141          1          2'880 0.99980650
     1'142          1          2'881 0.99980700
     1'143          1          2'884 0.99980750
     1'144          1          2'890 0.99980800
     1'145          1          2'905 0.99980850
     1'146          1          2'926 0.99980900
     1'147          1          2'952 0.99980950
     1'148          1          3'004 0.99981000
     1'149          1          3'017 0.99981050
     1'150          2          3'040 0.99981150
     1'151          1          3'044 0.99981200
     1'152          2          3'052 0.99981300
     1'153          1          3'062 0.99981350
     1'154          1          3'066 0.99981400
     1'155          1          3'067 0.99981450
     1'156          1          3'071 0.99981500
     1'157          1          3'088 0.99981550
     1'158          2          3'092 0.99981650
     1'159          1          3'102 0.99981700
     1'160          1          3'113 0.99981750
     1'161          1          3'123 0.99981800
     1'162          1          3'186 0.99981850
     1'163          1          3'219 0.99981900
     1'164          1          3'221 0.99981950
     1'165          1          3'292 0.99982000
     1'166          1          3'318 0.99982050
     1'167          1          3'329 0.99982100
     1'168          1          3'330 0.99982150
     1'169          1          3'347 0.99982200
     1'170          1          3'383 0.99982250
     1'171          1          3'395 0.99982300
     1'172          1          3'432 0.99982350
     1'173          1          3'448 0.99982400
     1'174          1          3'513 0.99982450
     1'175          1          3'526 0.99982500
     1'176          1          3'528 0.99982550
     1'177          1          3'565 0.99982600
     1'178          1          3'653 0.99982650
     1'179          1          3'666 0.99982700
     1'180          1          3'691 0.99982750
     1'181          1          3'711 0.99982800
     1'182          1          3'773 0.99982850
     1'183          1          3'805 0.99982900
     1'184          1          3'903 0.99982950
     1'185          1          3'915 0.99983000
     1'186          1          3'967 0.99983050
     1'187          1          3'970 0.99983100
     1'188          1          4'066 0.99983150
     1'189          1          4'128 0.99983200
     1'190          1          4'135 0.99983250
     1'191          1          4'221 0.99983300
     1'192          1          4'255 0.99983350
     1'193          1          4'307 0.99983400
     1'194          1          4'399 0.99983450
     1'195          1          4'461 0.99983500
     1'196          1          4'469 0.99983550
     1'197          1          4'499 0.99983600
     1'198          1          4'521 0.99983650
     1'199          1          4'637 0.99983700
     1'200          1          4'658 0.99983750
     1'201          1          4'685 0.99983800
     1'202          1          4'766 0.99983850
     1'203          1          4'768 0.99983900
     1'204          1          4'793 0.99983950
     1'205          1          4'803 0.99984000
     1'206          1          4'812 0.99984050
     1'207          1          4'824 0.99984100
     1'208          1          4'880 0.99984150
     1'209          1          4'903 0.99984200
     1'210          1          4'950 0.99984250
     1'211          1          4'960 0.99984300
     1'212          2          4'966 0.99984400
     1'213          1          5'004 0.99984450
     1'214          1          5'065 0.99984500
     1'215          1          5'076 0.99984550
     1'216          1          5'130 0.99984600
     1'217          1          5'194 0.99984650
     1'218          1          5'195 0.99984700
     1'219          1          5'213 0.99984750
     1'220          1          5'236 0.99984800
     1'221          1          5'237 0.99984850
     1'222          1          5'262 0.99984900
     1'223          1          5'276 0.99984950
     1'224          1          5'309 0.99985000
     1'225          1          5'328 0.99985050
     1'226          1          5'363 0.99985100
     1'227          1          5'385 0.99985150
     1'228          1          5'407 0.99985200
     1'229          1          5'413 0.99985250
     1'230          1          5'438 0.99985300
     1'231          1          5'672 0.99985350
     1'232          1          5'770 0.99985400
     1'233          1          5'795 0.99985450
     1'234          1          6'021 0.99985500
     1'235          1          6'274 0.99985550
     1'236          1          6'342 0.99985600
     1'237          1          6'577 0.99985650
     1'238          1          6'912 0.99985700
     1'239          1          7'046 0.99985750
     1'240          1          7'364 0.99985800
     1'241          1          7'418 0.99985850
     1'242          1          7'458 0.99985900
     1'243          1          7'545 0.99985950
     1'244          1          7'614 0.99986000
     1'245          1          7'653 0.99986050
     1'246          1          7'803 0.99986100
     1'247          1          7'851 0.99986150
     1'248          1          7'856 0.99986200
     1'249          1          7'892 0.99986250
     1'250          1          7'896 0.99986300
     1'251          1          7'997 0.99986350
     1'252          1          8'021 0.99986400
     1'253          1          8'161 0.99986450
     1'254          1          8'210 0.99986500
     1'255          1          8'269 0.99986550
     1'256          1          8'271 0.99986600
     1'257          1          8'274 0.99986650
     1'258          1          8'335 0.99986700
     1'259          1          8'336 0.99986750
     1'260          1          8'384 0.99986800
     1'261          1          8'393 0.99986850
     1'262          1          8'559 0.99986900
     1'263          1          8'582 0.99986950
     1'264          1          8'695 0.99987000
     1'265          1          8'696 0.99987050
     1'266          1          8'770 0.99987100
     1'267          1          8'775 0.99987150
     1'268          1          8'823 0.99987200
     1'269          1          8'839 0.99987250
     1'270          1          8'842 0.99987300
     1'271          1          8'906 0.99987350
     1'272          1          9'041 0.99987400
     1'273          1          9'159 0.99987450
     1'274          1          9'317 0.99987500
     1'275          1          9'324 0.99987550
     1'276          1          9'466 0.99987600
     1'277          1         10'244 0.99987650
     1'278          1         13'344 0.99987700
     1'279          1         13'430 0.99987750
     1'280          1         13'689 0.99987800
     1'281          1         13'723 0.99987850
     1'282          1         14'007 0.99987900
     1'283          1         15'001 0.99987950
     1'284          1         15'018 0.99988000
     1'285          1         15'184 0.99988050
     1'286          1         15'208 0.99988100
     1'287          1         15'658 0.99988150
     1'288          1         16'024 0.99988200
     1'289          1         16'139 0.99988250
     1'290          1         16'181 0.99988300
     1'291          1         16'210 0.99988350
     1'292          1         16'211 0.99988400
     1'293          1         16'221 0.99988450
     1'294          1         16'264 0.99988500
     1'295          1         16'291 0.99988550
     1'296          1         16'326 0.99988600
     1'297          1         16'385 0.99988650
     1'298          1         16'395 0.99988700
     1'299          1         16'447 0.99988750
     1'300          1         16'617 0.99988800
     1'301          1         16'684 0.99988850
     1'302          1         16'731 0.99988900
     1'303          1         16'760 0.99988950
     1'304          1         16'797 0.99989000
     1'305          1         16'877 0.99989050
     1'306          1         16'888 0.99989100
     1'307          1         16'928 0.99989150
     1'308          1         16'935 0.99989200
     1'309          1         16'945 0.99989250
     1'310          1         16'961 0.99989300
     1'311          1         16'970 0.99989350
     1'312          1         16'971 0.99989400
     1'313          1         16'984 0.99989450
     1'314          1         16'990 0.99989500
     1'315          1         17'007 0.99989550
     1'316          1         17'037 0.99989600
     1'317          1         17'054 0.99989650
     1'318          1         17'058 0.99989700
     1'319          1         17'070 0.99989750
     1'320          1         17'071 0.99989800
     1'321          1         17'106 0.99989850
     1'322          1         17'116 0.99989900
     1'323          1         17'119 0.99989950
     1'324          1         17'122 0.99990000
     1'325          1         17'134 0.99990050
     1'326          1         17'156 0.99990100
     1'327          1         17'160 0.99990150
     1'328          1         17'171 0.99990200
     1'329          1         17'176 0.99990250
     1'330          1         17'178 0.99990300
     1'331          1         17'204 0.99990350
     1'332          1         17'207 0.99990400
     1'333          1         17'212 0.99990450
     1'334          1         17'214 0.99990500
     1'335          1         17'217 0.99990550
     1'336          1         17'224 0.99990600
     1'337          1         17'232 0.99990650
     1'338          1         17'237 0.99990700
     1'339          1         17'246 0.99990750
     1'340          1         17'248 0.99990800
     1'341          3         17'258 0.99990950
     1'342          1         17'262 0.99991000
     1'343          1         17'272 0.99991050
     1'344          1         17'285 0.99991100
     1'345          1         17'305 0.99991150
     1'346          1         17'312 0.99991200
     1'347          1         17'319 0.99991250
     1'348          1         17'320 0.99991300
     1'349          1         17'324 0.99991350
     1'350          1         17'337 0.99991400
     1'351          1         17'343 0.99991450
     1'352          1         17'346 0.99991500
     1'353          1         17'348 0.99991550
     1'354          1         17'353 0.99991600
     1'355          1         17'361 0.99991650
     1'356          1         17'367 0.99991700
     1'357          2         17'373 0.99991800
     1'358          1         17'407 0.99991850
     1'359          1         17'415 0.99991900
     1'360          1         17'423 0.99991950
     1'361          1         17'458 0.99992000
     1'362          1         17'495 0.99992050
     1'363          1         17'509 0.99992100
     1'364          1         17'513 0.99992150
     1'365          1         17'597 0.99992200
     1'366          1         17'602 0.99992250
     1'367          1         17'605 0.99992300
     1'368          1         17'619 0.99992350
     1'369          1         17'628 0.99992400
     1'370          1         17'629 0.99992450
     1'371          1         17'753 0.99992500
     1'372          1         17'778 0.99992550
     1'373          1         17'792 0.99992600
     1'374          1         17'833 0.99992650
     1'375          1         17'945 0.99992700
     1'376          1         18'061 0.99992750
     1'377          1         18'063 0.99992800
     1'378          1         18'074 0.99992850
     1'379          1         18'102 0.99992900
     1'380          1         18'117 0.99992950
     1'381          2         18'136 0.99993050
     1'382          1         18'284 0.99993100
     1'383          1         18'297 0.99993150
     1'384          1         18'369 0.99993200
     1'385          1         18'477 0.99993250
     1'386          1         18'489 0.99993300
     1'387          1         18'512 0.99993350
     1'388          1         18'568 0.99993400
     1'389          1         18'619 0.99993450
     1'390          1         18'632 0.99993500
     1'391          1         18'692 0.99993550
     1'392          1         18'710 0.99993600
     1'393          1         18'890 0.99993650
     1'394          1         18'960 0.99993700
     1'395          1         18'975 0.99993750
     1'396          1         19'016 0.99993800
     1'397          1         19'172 0.99993850
     1'398          1         19'278 0.99993900
     1'399          1         19'283 0.99993950
     1'400          1         19'307 0.99994000
     1'401          1         19'555 0.99994050
     1'402          1         20'101 0.99994100
     1'403          1         20'403 0.99994150
     1'404          1         20'607 0.99994200
     1'405          1         20'742 0.99994250
     1'406          1         20'967 0.99994300
     1'407          1         20'980 0.99994350
     1'408          1         21'234 0.99994400
     1'409          1         21'306 0.99994450
     1'410          1         21'308 0.99994500
     1'411          1         21'385 0.99994550
     1'412          1         21'557 0.99994600
     1'413          1         21'605 0.99994650
     1'414          1         21'639 0.99994700
     1'415          1         21'723 0.99994750
     1'416          1         21'732 0.99994800
     1'417          1         21'797 0.99994850
     1'418          1         21'808 0.99994900
     1'419          1         21'848 0.99994950
     1'420          1         21'886 0.99995000
     1'421          1         21'887 0.99995050
     1'422          1         21'914 0.99995100
     1'423          1         21'917 0.99995150
     1'424          1         21'940 0.99995200
     1'425          1         21'986 0.99995250
     1'426          1         22'024 0.99995300
     1'427          1         22'030 0.99995350
     1'428          1         22'042 0.99995400
     1'429          1         22'164 0.99995450
     1'430          1         22'182 0.99995500
     1'431          1         22'194 0.99995550
     1'432          1         22'229 0.99995600
     1'433          1         22'237 0.99995650
     1'434          1         22'300 0.99995700
     1'435          1         22'321 0.99995750
     1'436          1         22'447 0.99995800
     1'437          1         22'725 0.99995850
     1'438          1         22'804 0.99995900
     1'439          1         22'807 0.99995950
     1'440          1         22'815 0.99996000
     1'441          1         22'871 0.99996050
     1'442          1         22'872 0.99996100
     1'443          1         22'910 0.99996150
     1'444          1         22'941 0.99996200
     1'445          1         22'955 0.99996250
     1'446          1         23'090 0.99996300
     1'447          1         23'233 0.99996350
     1'448          1         23'243 0.99996400
     1'449          1         23'252 0.99996450
     1'450          1         23'313 0.99996500
     1'451          1         23'356 0.99996550
     1'452          1         23'395 0.99996600
     1'453          1         23'435 0.99996650
     1'454          1         23'448 0.99996700
     1'455          1         23'476 0.99996750
     1'456          1         23'480 0.99996800
     1'457          1         23'601 0.99996850
     1'458          1         23'613 0.99996900
     1'459          1         23'681 0.99996950
     1'460          1         23'700 0.99997000
     1'461          1         23'824 0.99997050
     1'462          1         23'842 0.99997100
     1'463          1         23'895 0.99997150
     1'464          1         23'929 0.99997200
     1'465          1         23'950 0.99997250
     1'466          1         24'053 0.99997300
     1'467          1         24'091 0.99997350
     1'468          1         24'149 0.99997400
     1'469          1         24'151 0.99997450
     1'470          1         24'224 0.99997500
     1'471          1         24'235 0.99997550
     1'472          1         24'254 0.99997600
     1'473          1         24'300 0.99997650
     1'474          1         24'303 0.99997700
     1'475          1         24'325 0.99997750
     1'476          1         24'527 0.99997800
     1'477          1         24'861 0.99997850
     1'478          1         24'893 0.99997900
     1'479          1         24'921 0.99997950
     1'480          1         25'023 0.99998000
     1'481          1         25'258 0.99998050
     1'482          1         25'484 0.99998100
     1'483          1         25'651 0.99998150
     1'484          1         25'688 0.99998200
     1'485          1         26'037 0.99998250
     1'486          1         26'075 0.99998300
     1'487          1         26'259 0.99998350
     1'488          1         26'481 0.99998400
     1'489          1         26'554 0.99998450
     1'490          1         26'968 0.99998500
     1'491          1         27'203 0.99998550
     1'492          1         27'619 0.99998600
     1'493          1         27'727 0.99998650
     1'494          1         27'969 0.99998700
     1'495          1         27'994 0.99998750
     1'496          1         28'010 0.99998800
     1'497          1         28'093 0.99998850
     1'498          1         28'132 0.99998900
     1'499          1         28'313 0.99998950
     1'500          1         28'838 0.99999000
     1'501          1         28'872 0.99999050
     1'502          1         29'396 0.99999100
     1'503          1         29'435 0.99999150
     1'504          1         29'822 0.99999200
     1'505          1         32'783 0.99999250
     1'506          1         32'987 0.99999300
     1'507          1         34'577 0.99999350
     1'508          1         39'991 0.99999400
     1'509          1         43'312 0.99999450
     1'510          1         43'390 0.99999500
     1'511          1         43'503 0.99999550
     1'512          1         43'753 0.99999600
     1'513          1         44'375 0.99999650
     1'514          1         44'737 0.99999700
     1'515          1         49'163 0.99999750
     1'516          1         49'899 0.99999800
     1'517          1         52'905 0.99999850
     1'518          1         54'309 0.99999900
     1'519          1         60'146 0.99999950
     1'520          1         87'537 1.00000000

Other threads (parallel, if any):

Clock tick is not slow relative to execution:
no zero durations observed.

Of 2'000'000 near 'back to back now()' durations:

minimum duration                     : 17 ns
(to be subtracted out from activity durations)

target approx. min actvity duration  : 2'300 ns
(with min duration still included)

target with min duration subtracted  : 2'283 ns

Other information for reference:

small scale duration variability     : 23 ns

largest observed duration            : 330'435 ns
(with min duration still included)


Clock tick is not slow relative to execution:
no zero durations observed.

Of 2'000'000 near 'back to back now()' durations:

minimum duration                     : 15 ns
(to be subtracted out from activity durations)

target approx. min actvity duration  : 2'600 ns
(with min duration still included)

target with min duration subtracted  : 2'585 ns

Other information for reference:

small scale duration variability     : 26 ns

largest observed duration            : 364'959 ns
(with min duration still included)


Clock tick is not slow relative to execution:
no zero durations observed.

Of 2'000'000 near 'back to back now()' durations:

minimum duration                     : 23 ns
(to be subtracted out from activity durations)

target approx. min actvity duration  : 1'700 ns
(with min duration still included)

target with min duration subtracted  : 1'677 ns

Other information for reference:

small scale duration variability     : 17 ns

largest observed duration            : 332'355 ns
(with min duration still included)


Clock tick is not slow relative to execution:
no zero durations observed.

Of 2'000'000 near 'back to back now()' durations:

minimum duration                     : 17 ns
(to be subtracted out from activity durations)

target approx. min actvity duration  : 2'300 ns
(with min duration still included)

target with min duration subtracted  : 2'283 ns

Other information for reference:

small scale duration variability     : 23 ns

largest observed duration            : 352'875 ns
(with min duration still included)


Clock tick is not slow relative to execution:
no zero durations observed.

Of 2'000'000 near 'back to back now()' durations:

minimum duration                     : 15 ns
(to be subtracted out from activity durations)

target approx. min actvity duration  : 2'500 ns
(with min duration still included)

target with min duration subtracted  : 2'485 ns

Other information for reference:

small scale duration variability     : 25 ns

largest observed duration            : 336'777 ns
(with min duration still included)


Clock tick is not slow relative to execution:
no zero durations observed.

Of 2'000'000 near 'back to back now()' durations:

minimum duration                     : 17 ns
(to be subtracted out from activity durations)

target approx. min actvity duration  : 2'300 ns
(with min duration still included)

target with min duration subtracted  : 2'283 ns

Other information for reference:

small scale duration variability     : 23 ns

largest observed duration            : 325'608 ns
(with min duration still included)


Clock tick is not slow relative to execution:
no zero durations observed.

Of 2'000'000 near 'back to back now()' durations:

minimum duration                     : 20 ns
(to be subtracted out from activity durations)

target approx. min actvity duration  : 2'200 ns
(with min duration still included)

target with min duration subtracted  : 2'180 ns

Other information for reference:

small scale duration variability     : 22 ns

largest observed duration            : 303'515 ns
(with min duration still included)


Clock tick is not slow relative to execution:
no zero durations observed.

Of 2'000'000 near 'back to back now()' durations:

minimum duration                     : 18 ns
(to be subtracted out from activity durations)

target approx. min actvity duration  : 2'400 ns
(with min duration still included)

target with min duration subtracted  : 2'382 ns

Other information for reference:

small scale duration variability     : 24 ns

largest observed duration            : 149'834 ns
(with min duration still included)


Clock tick is not slow relative to execution:
no zero durations observed.

Of 2'000'000 near 'back to back now()' durations:

minimum duration                     : 17 ns
(to be subtracted out from activity durations)

target approx. min actvity duration  : 2'200 ns
(with min duration still included)

target with min duration subtracted  : 2'183 ns

Other information for reference:

small scale duration variability     : 22 ns

largest observed duration            : 295'500 ns
(with min duration still included)


Clock tick is not slow relative to execution:
no zero durations observed.

Of 2'000'000 near 'back to back now()' durations:

minimum duration                     : 18 ns
(to be subtracted out from activity durations)

target approx. min actvity duration  : 2'400 ns
(with min duration still included)

target with min duration subtracted  : 2'382 ns

Other information for reference:

small scale duration variability     : 24 ns

largest observed duration            : 990'592 ns
(with min duration still included)


Clock tick is not slow relative to execution:
no zero durations observed.

Of 2'000'000 near 'back to back now()' durations:

minimum duration                     : 18 ns
(to be subtracted out from activity durations)

target approx. min actvity duration  : 2'300 ns
(with min duration still included)

target with min duration subtracted  : 2'282 ns

Other information for reference:

small scale duration variability     : 23 ns

largest observed duration            : 209'138 ns
(with min duration still included)


Overall:

Clock tick is not slow relative to execution:
no zero durations observed.

Of 24'000'000 near 'back to back now()' durations:

minimum duration                     : 15 ns
(to be subtracted out from activity durations)

target approx. min actvity duration  : 2'600 ns
(with min duration still included)

target with min duration subtracted  : 2'585 ns

Other information for reference:

small scale duration variability     : 26 ns

largest observed duration            : 990'592 ns
(with min duration still included)

