# filename: ./acpphint-WDK23_CA78Cnolse-32768MiB-threads_8-LP64-FreeBSD_main_n262658_b347c2284603_64bit-g++_13_O3lto_CA78Cnolse-libc++-cpulockdown-DSIZE_ul-ISIZE_ul-using_1_threads-cpus_0.txt
# acpphint_main version: 0.1.34

9.25873e-08 1.08006e+07 1 280
1.51905e-07 1.31661e+07 2 384
2.14937e-07 1.39576e+07 3 488
2.854e-07 1.40154e+07 4 592
3.48452e-07 1.43492e+07 5 696
4.03639e-07 1.48648e+07 6 800
4.5529e-07 1.53748e+07 7 904
5.7496e-07 1.56533e+07 9 1112
6.91905e-07 1.58981e+07 11 1320
8.39813e-07 1.66704e+07 14 1632
1.03793e-06 1.63788e+07 17 1944
1.24055e-06 1.6928e+07 21 2360
1.46989e-06 1.76884e+07 26 2880
1.64429e-06 1.94613e+07 32 3504
2.03117e-06 1.96931e+07 40 4336
2.39575e-06 2.08703e+07 50 5376
2.9425e-06 2.14104e+07 63 6728
3.559e-06 2.21972e+07 79 8392
4.33575e-06 2.28334e+07 99 10472
5.3905e-06 2.30034e+07 124 13072
6.6405e-06 2.34922e+07 156 16400
8.2285e-06 2.38197e+07 196 20560
1.0364e-05 2.38325e+07 247 25864
1.3437e-05 2.3145e+07 311 32520
1.8176e-05 2.15119e+07 391 40840
2.4426e-05 2.01425e+07 492 51344
3.1457e-05 1.96777e+07 619 64552
4.0519e-05 1.92255e+07 779 81192
5.2654e-05 1.86121e+07 980 102096
6.5882e-05 1.87305e+07 1234 128512
8.4996e-05 1.82714e+07 1553 161688
0.000108172 1.80731e+07 1955 203496
0.000135254 1.81954e+07 2461 256120
0.000170721 1.81466e+07 3098 322368
0.000214417 1.81888e+07 3900 405776
0.000277018 1.77245e+07 4909.99 510816
0.000354254 1.74479e+07 6180.99 643000
0.000446385 1.74311e+07 7780.99 809400
0.000572369 1.7113e+07 9794.98 1018856
0.000719497 1.71383e+07 12331 1282600
0.000915373 1.69591e+07 15523.9 1614672
0.00115854 1.68686e+07 19542.9 2032648
0.0014679 1.67606e+07 24602.9 2558888
0.0018421 1.68138e+07 30972.8 3221368
0.00232505 1.67703e+07 38991.6 4055344
0.00295601 1.6606e+07 49087.4 5105328
0.00372982 1.65684e+07 61797.1 6427168
0.00471514 1.64995e+07 77797.6 8091272
0.00592857 1.65201e+07 97940.8 10186248
0.00748506 1.64727e+07 123299 12823688
0.00946189 1.64051e+07 155223 16143992
0.0119142 1.64017e+07 195412 20323960
0.0149315 1.64756e+07 246006 25586256
0.0188064 1.64677e+07 309699 32211160
0.023741 1.64222e+07 389880 40551336
0.0298597 1.64375e+07 490818 51051072
0.0376148 1.64266e+07 617885 64269472
0.0474268 1.64009e+07 777842 80910408
0.0597299 1.63938e+07 979199 101860064
0.075239 1.63833e+07 1.23267e+06 128234152
0.0948395 1.63615e+07 1.55172e+06 161437192
0.1197 1.63184e+07 1.95331e+06 203237288
0.150004 1.63915e+07 2.45879e+06 255860560
0.188716 1.64001e+07 3.09497e+06 322109288
0.238023 1.63665e+07 3.89561e+06 405511464
0.299359 1.63788e+07 4.90313e+06 510508616
0.376641 1.63839e+07 6.17085e+06 642692200
0.474685 1.63598e+07 7.76575e+06 809101456
0.597741 1.63481e+07 9.77193e+06 1018598328
0.754062 1.63049e+07 1.22949e+07 1282339208
0.94828 1.63105e+07 1.54669e+07 1614369296
1.19378 1.62957e+07 1.94535e+07 2032370464
