# filename: ./acpphint-WDK23_CA78Cnolse-32768MiB-threads_8-LP64-FreeBSD_main_n262658_b347c2284603_64bit-clang++_16_O3lto_CA78Cnolse-libc++-DSIZE_ull-ISIZE_ull-using_1_threads-cpus_0.txt
# acpphint_main version: 0.1.34

8.32555e-08 1.20112e+07 1 280
1.16758e-07 1.71294e+07 2 384
1.54721e-07 1.93898e+07 3 488
1.92236e-07 2.08077e+07 4 592
2.28578e-07 2.18744e+07 5 696
2.61064e-07 2.29829e+07 6 800
2.95647e-07 2.36769e+07 7 904
3.69389e-07 2.43646e+07 9 1112
4.415e-07 2.49151e+07 11 1320
5.51194e-07 2.53994e+07 14 1632
6.54467e-07 2.59753e+07 17 1944
7.98542e-07 2.62979e+07 21 2360
9.7915e-07 2.65536e+07 26 2880
1.20112e-06 2.66417e+07 32 3504
1.49733e-06 2.67142e+07 40 4336
1.8488e-06 2.70446e+07 50 5376
2.31762e-06 2.7183e+07 63 6728
2.88183e-06 2.74131e+07 79 8392
3.69775e-06 2.6773e+07 99 10472
4.46575e-06 2.77669e+07 124 13072
5.651e-06 2.76057e+07 156 16400
7.265e-06 2.69787e+07 196 20560
9.036e-06 2.73351e+07 247 25864
1.151e-05 2.702e+07 311 32520
1.4582e-05 2.68139e+07 391 40840
1.8385e-05 2.67609e+07 492 51344
2.3332e-05 2.65301e+07 619 64552
2.9374e-05 2.652e+07 779 81192
3.7029e-05 2.64657e+07 980 102096
4.6769e-05 2.6385e+07 1234 128512
5.8695e-05 2.64588e+07 1553 161688
7.4216e-05 2.6342e+07 1955 203496
9.3693e-05 2.62666e+07 2461 256120
0.000118432 2.61585e+07 3098 322368
0.000149108 2.61555e+07 3900 405776
0.000188898 2.59928e+07 4909.99 510816
0.000240197 2.5733e+07 6180.99 643000
0.000307433 2.53095e+07 7780.99 809400
0.000389461 2.51501e+07 9794.98 1018856
0.000491018 2.51131e+07 12331 1282600
0.000623044 2.49163e+07 15523.9 1614672
0.000789858 2.47423e+07 19542.9 2032648
0.000995838 2.47057e+07 24602.9 2558888
0.00126973 2.43932e+07 30972.8 3221368
0.00161586 2.41306e+07 38991.6 4055344
0.00202761 2.42095e+07 49087.4 5105328
0.0025429 2.43018e+07 61797.1 6427168
0.00323433 2.40537e+07 77797.6 8091272
0.00415928 2.35475e+07 97940.8 10186248
0.00537547 2.29374e+07 123299 12823688
0.00689983 2.24967e+07 155223 16143992
0.00889291 2.19739e+07 195412 20323960
0.0114816 2.14261e+07 246006 25586256
0.0146866 2.10872e+07 309699 32211160
0.0186866 2.08641e+07 389880 40551336
0.0237243 2.06884e+07 490818 51051072
0.0302836 2.04033e+07 617885 64269472
0.038462 2.02236e+07 777842 80910408
0.0485865 2.01537e+07 979199 101860064
0.0613511 2.0092e+07 1.23267e+06 128234152
0.0775586 2.0007e+07 1.55172e+06 161437192
0.0978704 1.99582e+07 1.95331e+06 203237288
0.123118 1.9971e+07 2.45879e+06 255860560
0.154815 1.99915e+07 3.09497e+06 322109288
0.195869 1.98889e+07 3.89561e+06 405511464
0.246938 1.98557e+07 4.90313e+06 510508616
0.309721 1.99239e+07 6.17085e+06 642692200
0.38915 1.99557e+07 7.76575e+06 809101456
0.489045 1.99817e+07 9.77193e+06 1018598328
0.617683 1.99048e+07 1.22949e+07 1282339208
0.779962 1.98303e+07 1.54669e+07 1614369296
0.981175 1.98267e+07 1.94535e+07 2032370464
1.23325 1.98352e+07 2.44618e+07 2558602768
