# filename: ./acpphint-WDK23_CA78Cnolse-32768MiB-threads_8-LP64-FreeBSD_main_n262658_b347c2284603_64bit-g++_13_O3lto_CA78Cnolse-libstdc++-DSIZE_ull-ISIZE_ull-using_8_threads.txt
# acpphint_main version: 0.1.34

0.000238791 129821 31 3904
0.000225093 173262 39 4736
0.000236656 198600 47 5568
0.000237176 231895 55 6400
0.000235562 267446 63 7232
0.000236134 334556 79 8896
0.00022926 414377 95 10560
0.000231708 511564 118.533 13056
0.000227542 621620 141.445 15552
0.000239989 723897 173.727 18880
0.000230822 927833 214.164 23040
0.000224416 1.16628e+06 261.732 28032
0.000243374 1.33929e+06 325.949 34688
0.000246394 1.64377e+06 405.014 43008
0.000228583 2.23551e+06 511 53824
0.000249311 2.56306e+06 639 67136
0.000241239 3.29911e+06 795.875 83776
0.000233583 4.26674e+06 996.639 104576
0.000245041 5.10285e+06 1250.41 131200
0.000250249 6.27638e+06 1570.66 164480
0.000250822 7.88301e+06 1977.23 206912
0.000257279 9.652e+06 2483.26 260160
0.000265248 1.17921e+07 3127.82 326720
0.000265925 1.47795e+07 3930.23 410752
0.00027832 1.77165e+07 4930.87 516416
0.000297851 2.09094e+07 6227.89 649536
0.000297069 2.63232e+07 7819.82 816768
0.000318526 3.08214e+07 9817.41 1028096
0.000348056 3.56665e+07 12413.9 1293504
0.000361389 4.31419e+07 15591 1627968
0.000394304 4.9616e+07 19563.8 2048960
0.000425604 5.81876e+07 24764.9 2578944
0.000477373 6.51325e+07 31092.5 3246208
0.000527788 7.39163e+07 39012.1 4086528
0.000622314 7.9409e+07 49417.3 5144000
0.00075059 8.2631e+07 62022 6475200
0.000932872 8.33911e+07 77793.3 8150848
0.00116708 8.44923e+07 98609.2 10260800
0.00149727 8.2634e+07 123726 12917376
0.00194881 7.96176e+07 155160 16261184
0.00262878 7.48613e+07 196794 20471104
0.00351942 7.01335e+07 246829 25770944
0.00472264 6.55295e+07 309472 32442752
0.00620324 6.32876e+07 392589 40842624
0.00804524 6.12074e+07 492428 51417344
0.0103844 5.94421e+07 617270 64730176
0.0133229 5.87652e+07 782923 81489984
0.0168947 5.81473e+07 982382 102589504
0.0214906 5.72871e+07 1.23114e+06 129151936
0.0272468 5.72999e+07 1.56124e+06 162591680
0.0345104 5.67835e+07 1.95962e+06 204690048
0.0435886 5.63257e+07 2.45516e+06 257689280
0.055107 5.6486e+07 3.11277e+06 324410688
0.0695303 5.62082e+07 3.90817e+06 408408576
0.0875562 5.59052e+07 4.89484e+06 514155776
0.110555 5.61175e+07 6.20409e+06 647283264
0.139308 5.59252e+07 7.79083e+06 814880512
0.175494 5.55771e+07 9.75343e+06 1025873216
0.221011 5.59101e+07 1.23567e+07 1291497536
0.277984 5.58199e+07 1.5517e+07 1625898304
0.350254 5.54256e+07 1.9413e+07 2046884480
0.440821 5.57512e+07 2.45763e+07 2576874304
0.555092 5.55772e+07 3.08505e+07 3244091712
0.699366 5.51266e+07 3.85537e+07 4084068928
0.880402 5.53643e+07 4.87428e+07 5141537600
1.10821 5.51523e+07 6.11202e+07 6472811648
