# filename: ./acpphint-WDK23_CA78Cnolse-32768MiB-threads_8-LP64-FreeBSD_main_n262658_b347c2284603_64bit-g++_13_O3lto_CA78Cnolse-libc++-DSIZE_ull-ISIZE_ull-using_2_threads-cpus_5_7.txt
# acpphint_main version: 0.1.34

4.1144e-05 170134 7 976
4.4582e-05 201875 9 1184
4.3904e-05 250547 11 1392
5.0675e-05 256537 13 1600
4.6456e-05 322886 15 1808
4.0154e-05 473178 19 2224
4.255e-05 540541 23 2640
4.3175e-05 670143 28.9334 3264
4.3383e-05 801661 34.7785 3888
4.3852e-05 976433 42.8186 4720
4.9008e-05 1.07906e+06 52.8825 5760
4.656e-05 1.39205e+06 64.8139 7008
4.4946e-05 1.79875e+06 80.8465 8672
4.7394e-05 2.12505e+06 100.715 10752
4.8383e-05 2.62489e+06 127 13456
5.0466e-05 3.15064e+06 159 16784
5.0519e-05 3.93016e+06 198.548 20944
4.4894e-05 5.53901e+06 248.668 26144
5.1508e-05 6.06448e+06 312.369 32800
5.3123e-05 7.38604e+06 392.369 41120
5.3487e-05 9.23939e+06 494.187 51728
5.9216e-05 1.04935e+07 621.382 65040
5.2914e-05 1.47778e+07 781.955 81680
6.1976e-05 1.58641e+07 983.196 102688
7.8903e-05 1.56536e+07 1235.11 129104
8.3017e-05 1.87598e+07 1557.38 162384
9.9057e-05 1.97579e+07 1957.15 204192
0.00010687 2.30231e+07 2460.47 257024
0.000129473 2.3978e+07 3104.51 323376
0.000146555 2.66321e+07 3903.07 406992
0.000161659 3.03405e+07 4904.82 512240
0.000201397 3.07512e+07 6193.19 644736
0.000263217 2.95755e+07 7784.78 811552
0.00030134 3.24646e+07 9782.87 1021632
0.000406491 3.04005e+07 12357.5 1286000
0.00043248 3.59091e+07 15530 1618800
0.000609555 3.20092e+07 19511.4 2037712
0.000670489 3.67739e+07 24656.5 2565200
0.000835742 3.70712e+07 30982 3229344
0.0010874 3.57935e+07 38921.7 4065296
0.00130119 3.78134e+07 49202.3 5117776
0.00160727 3.84574e+07 61811.3 6442736
0.0019974 3.88717e+07 77642.6 8110688
0.00256441 3.82789e+07 98162.9 10210656
0.00316157 3.90066e+07 123322 12854336
0.00398726 3.88464e+07 154891 16182544
0.00500435 3.91283e+07 195811 20372496
0.00628559 3.91448e+07 246048 25647376
0.00790801 3.90734e+07 308992 32287984
0.00993083 3.93311e+07 390591 40647920
0.0123574 3.97246e+07 490894 51172512
0.0157453 3.91476e+07 616392 64422320
0.0197634 3.94211e+07 779097 81102672
0.0250466 3.9101e+07 979346 102102144
0.0314327 3.91163e+07 1.22953e+06 128538944
0.0396169 3.92234e+07 1.55391e+06 161820816
0.0498429 3.91954e+07 1.95361e+06 203720128
0.0625973 3.91749e+07 2.45225e+06 256468304
0.0780834 3.96851e+07 3.09874e+06 322874384
0.0994651 3.91719e+07 3.89624e+06 406474576
0.124713 3.92064e+07 4.88954e+06 511721120
0.15662 3.94406e+07 6.17721e+06 644218576
0.197378 3.93514e+07 7.76712e+06 811022928
0.249195 3.91012e+07 9.74384e+06 1021017232
0.312864 3.93313e+07 1.23053e+07 1285384400
0.394734 3.91906e+07 1.54699e+07 1618202912
0.496767 3.9044e+07 1.93958e+07 2037196656
0.624765 3.918e+07 2.44783e+07 2564678416
0.788804 3.89919e+07 3.0757e+07 3228738592
0.992911 3.87979e+07 3.85229e+07 4064740928
1.25079 3.88211e+07 4.85571e+07 5117205536
