# filename: ./acpphint-WDK23_CA78Cnolse-32768MiB-threads_8-LP64-FreeBSD_main_n262658_b347c2284603_64bit-clang++_16_O3lto_CA78Cnolse-libc++-cpulockdown-DSIZE_ull-ISIZE_ull-using_3_threads.txt
# acpphint_main version: 0.1.33

7.3434e-05 149794 11 1464
7.6194e-05 183742 14 1776
7.6559e-05 222051 17 2088
7.76e-05 257732 20 2400
8.0777e-05 284735 23 2712
8.0725e-05 359244 29 3336
7.5673e-05 462516 35 3960
7.2288e-05 606833 43.8667 4896
8.1299e-05 646455 52.5562 5832
7.2965e-05 885859 64.6367 7080
7.5309e-05 1.05915e+06 79.7633 8640
7.3277e-05 1.33237e+06 97.6321 10512
7.9215e-05 1.53627e+06 121.696 13008
7.4476e-05 2.03328e+06 151.431 16128
7.7861e-05 2.45309e+06 191 20184
7.536e-05 3.17144e+06 239 25176
7.8954e-05 3.77562e+06 298.101 31416
7.7861e-05 4.79485e+06 373.332 39216
7.984e-05 5.87069e+06 468.716 49200
8.1819e-05 7.19572e+06 588.747 61680
8.3278e-05 8.90228e+06 741.364 77592
9.0204e-05 1.03289e+07 931.71 97560
8.7339e-05 1.34296e+07 1172.93 122520
9.0047e-05 1.63734e+07 1474.37 154032
0.00010036 1.84447e+07 1851.11 193656
0.000107547 2.17188e+07 2335.79 243576
0.000121713 2.41081e+07 2934.27 306288
0.000126453 2.91547e+07 3686.7 385536
0.000144628 3.21934e+07 4656.07 485064
0.000167127 3.50098e+07 5851.08 610488
0.000196605 3.73751e+07 7348.13 768360
0.000224312 4.14087e+07 9288.46 967104
0.000266758 4.37454e+07 11669.4 1217328
0.000316807 4.62576e+07 14654.7 1532448
0.000383576 4.83194e+07 18534.2 1929000
0.000462165 5.03689e+07 23278.8 2428200
0.000560806 5.21138e+07 29225.7 3056568
0.000689289 5.36525e+07 36982.1 3847800
0.000856 5.42519e+07 46439.6 4844016
0.00105844 5.50777e+07 58296.3 6097944
0.00132056 5.58866e+07 73801.6 7676664
0.00167528 5.53034e+07 92648.8 9664104
0.00213135 5.45592e+07 116285 12166032
0.00271956 5.414e+07 147237 15315984
0.00349025 5.29602e+07 184844 19281504
0.00447463 5.18402e+07 231965 24273816
0.00569446 5.15721e+07 293675 30558744
0.00726043 5.07943e+07 368788 38471064
0.00925549 4.99941e+07 462719 48431976
0.0117888 4.96866e+07 585745 60971880
0.0149371 4.92567e+07 735751 76758768
0.0189276 4.87637e+07 922980 96633480
0.023969 4.8739e+07 1.16823e+06 121654008
0.0302249 4.85613e+07 1.46776e+06 153153216
0.0380821 4.83398e+07 1.84089e+06 192808416
0.0481111 4.84224e+07 2.32966e+06 242731224
0.0604017 4.84686e+07 2.92759e+06 305580192
0.0759318 4.83447e+07 3.6709e+06 384702456
0.0956294 4.85682e+07 4.64455e+06 484311576
0.12007 4.86167e+07 5.83741e+06 609711864
0.151238 4.83815e+07 7.31709e+06 767581680
0.19044 4.8597e+07 9.2548e+06 966327864
0.239228 4.86217e+07 1.16317e+07 1216534392
0.300879 4.8434e+07 1.45728e+07 1531525848
0.379364 4.85596e+07 1.84218e+07 1928076600
0.477949 4.84288e+07 2.31465e+07 2427304368
0.601258 4.81903e+07 2.89748e+07 3055794984
0.757434 4.83098e+07 3.65915e+07 3847017624
0.951654 4.82722e+07 4.59385e+07 4843107888
1.19709 4.79663e+07 5.74197e+07 6097111392
