# filename: ./acpphint-WDK23_CA78Cnolse-32768MiB-threads_8-LP64-FreeBSD_main_n262658_b347c2284603_64bit-g++_13_O3lto_CA78Cnolse-libstdc++-cpulockdown-DSIZE_ull-ISIZE_ull-using_4_threads-cpus_0_1_2_3.txt
# acpphint_main version: 0.1.34

0.0001652 90799 15 1952
0.000166659 114005 19 2368
0.000166138 138439 23 2784
0.000165253 163386 27 3200
0.000165461 187355 31 3616
0.000164992 236375 39 4448
0.000167388 280785 47 5280
0.00016593 354367 58.8001 6528
0.000163534 430087 70.3339 7776
0.000167544 516013 86.4548 9440
0.00016619 641697 106.644 11520
0.00016994 767632 130.451 14016
0.000169263 960317 162.546 17344
0.000170929 1.18264e+06 202.147 21504
0.000171867 1.48371e+06 255 26912
0.000166502 1.91589e+06 319 33568
0.000173846 2.2874e+06 397.655 41888
0.000167076 2.98064e+06 497.994 52288
0.000178117 3.50925e+06 625.057 65600
0.000172857 4.54206e+06 785.128 82240
0.0001852 5.33768e+06 988.539 103456
0.000181085 6.8588e+06 1242.03 130080
0.000187179 8.35512e+06 1563.9 163360
0.000193428 1.01616e+07 1965.55 205376
0.000199417 1.23714e+07 2467.07 258208
0.000213375 1.4595e+07 3114.2 324768
0.000227021 1.72292e+07 3911.39 408384
0.000242645 2.02472e+07 4912.88 514048
0.000262019 2.36915e+07 6207.63 646752
0.00029483 2.64528e+07 7799.08 813984
0.000325089 3.01189e+07 9791.33 1024480
0.000367795 3.36702e+07 12383.7 1289472
0.000425449 3.65592e+07 15554.1 1623104
0.000489144 3.99194e+07 19526.4 2043264
0.000572368 4.3173e+07 24710.8 2572000
0.000672468 4.61397e+07 31027.5 3237600
0.000800379 4.86514e+07 38939.5 4075424
0.000951413 5.18257e+07 49307.6 5130400
0.0011562 5.35351e+07 61897.1 6458688
0.00141524 5.48808e+07 77669.8 8130592
0.00172919 5.69056e+07 98400.6 10235552
0.00214318 5.7618e+07 123486 12885472
0.00266774 5.80734e+07 154925 16221376
0.00334968 5.86054e+07 196309 20421312
0.00421579 5.84385e+07 246365 25708672
0.00532313 5.80548e+07 309034 32365088
0.00678577 5.76993e+07 391534 40744992
0.00859641 5.71774e+07 491521 51294752
0.0109572 5.62576e+07 616428 64575968
0.0139307 5.60546e+07 780880 81295840
0.0176907 5.54291e+07 980581 102345024
0.0224181 5.48445e+07 1.22951e+06 128844640
0.0283917 5.48498e+07 1.55728e+06 162205344
0.0358583 5.45499e+07 1.95606e+06 204204288
0.0452513 5.41871e+07 2.45204e+06 257077888
0.0570472 5.44305e+07 3.10511e+06 323641632
0.0717521 5.43694e+07 3.90112e+06 407440256
0.0899039 5.43782e+07 4.88881e+06 512936608
0.112738 5.4899e+07 6.18922e+06 645748768
0.141956 5.47834e+07 7.77683e+06 812949152
0.178709 5.4512e+07 9.7418e+06 1023442240
0.224777 5.48452e+07 1.23279e+07 1288437152
0.283569 5.46225e+07 1.54893e+07 1622045856
0.356409 5.44056e+07 1.93906e+07 2042034464
0.449121 5.4597e+07 2.45206e+07 2570768800
0.56484 5.45209e+07 3.07956e+07 3236405824
0.711308 5.41406e+07 3.85106e+07 4074393312
0.896023 5.42797e+07 4.86359e+07 5129356832
1.12915 5.40336e+07 6.10123e+07 6457477184
