# filename: ./acpphint-WDK23_CA78Cnolse-32768MiB-threads_8-LP64-FreeBSD_main_n262658_b347c2284603_64bit-clang++_16_O3lto_CA78Cnolse-libc++-cpulockdown-DSIZE_ul-ISIZE_ul-using_2_threads.txt
# acpphint_main version: 0.1.34

6.583e-05 106334 7 976
6.4216e-05 140152 9 1184
6.5466e-05 168026 11 1392
6.3903e-05 203433 13 1600
6.1247e-05 244910 15 1808
6.4736e-05 293500 19 2224
6.2706e-05 366791 23 2640
6.4216e-05 450564 28.9334 3264
6.2654e-05 555088 34.7785 3888
6.1143e-05 700302 42.8186 4720
6.281e-05 841944 52.8825 5760
6.2706e-05 1.03362e+06 64.8139 7008
6.1091e-05 1.32338e+06 80.8465 8672
6.3955e-05 1.57477e+06 100.715 10752
6.6507e-05 1.90957e+06 127 13456
6.4632e-05 2.46008e+06 159 16784
6.906e-05 2.875e+06 198.548 20944
6.8642e-05 3.62269e+06 248.668 26144
6.9111e-05 4.51982e+06 312.369 32800
7.1559e-05 5.48315e+06 392.369 41120
7.458e-05 6.62627e+06 494.187 51728
7.807e-05 7.95929e+06 621.382 65040
8.3642e-05 9.34883e+06 781.955 81680
8.4006e-05 1.17039e+07 983.196 102688
8.7184e-05 1.41667e+07 1235.11 129104
9.5204e-05 1.63583e+07 1557.38 162384
0.000105984 1.84665e+07 1957.15 204192
0.000114526 2.1484e+07 2460.47 257024
0.000126817 2.44802e+07 3104.51 323376
0.000143066 2.72816e+07 3903.07 406992
0.000166138 2.95225e+07 4904.82 512240
0.000195564 3.16684e+07 6193.19 644736
0.00022676 3.43305e+07 7784.78 811552
0.00027431 3.56636e+07 9782.87 1021632
0.000323891 3.81534e+07 12357.5 1286000
0.000389149 3.99075e+07 15530 1618800
0.000463207 4.21224e+07 19511.4 2037712
0.000584139 4.221e+07 24656.5 2565200
0.000717153 4.32014e+07 30982 3229344
0.00088652 4.39039e+07 38921.7 4065296
0.00110406 4.45648e+07 49202.3 5117776
0.00138842 4.4519e+07 61811.3 6442736
0.00174992 4.43693e+07 77642.6 8110688
0.00222609 4.40965e+07 98162.9 10210656
0.00287169 4.29441e+07 123322 12854336
0.00370363 4.18214e+07 154891 16182544
0.00476097 4.11284e+07 195811 20372496
0.00617762 3.98289e+07 246048 25647376
0.00788504 3.91872e+07 308992 32287984
0.0100292 3.89453e+07 390591 40647920
0.0128861 3.80949e+07 490894 51172512
0.0164319 3.7512e+07 616392 64422320
0.0208047 3.7448e+07 779097 81102672
0.0263114 3.72213e+07 979346 102102144
0.0334449 3.67629e+07 1.22953e+06 128538944
0.042097 3.69126e+07 1.55391e+06 161820816
0.0531825 3.67342e+07 1.95361e+06 203720128
0.0666212 3.68088e+07 2.45225e+06 256468304
0.0836163 3.70591e+07 3.09874e+06 322874384
0.1053 3.70014e+07 3.89624e+06 406474576
0.132938 3.67805e+07 4.88954e+06 511721120
0.167879 3.67956e+07 6.17721e+06 644218576
0.211504 3.67233e+07 7.76712e+06 811022928
0.265761 3.66639e+07 9.74384e+06 1021017232
0.33404 3.68379e+07 1.23053e+07 1285384400
0.419821 3.68488e+07 1.54699e+07 1618202912
0.5272 3.67902e+07 1.93958e+07 2037196656
0.662857 3.69285e+07 2.44783e+07 2564678416
0.832691 3.69369e+07 3.0757e+07 3228738592
1.05117 3.66475e+07 3.85229e+07 4064740928
