# filename: ./acpphint-WDK23_CA78Cnolse-32768MiB-threads_8-LP64-FreeBSD_main_n262658_b347c2284603_64bit-g++_13_O3lto_CA78Cnolse-libstdc++-cpulockdown-DSIZE_ul-ISIZE_ul-using_1_threads.txt
# acpphint_main version: 0.1.34

9.23952e-08 1.08231e+07 1 280
1.54976e-07 1.29053e+07 2 384
2.1421e-07 1.4005e+07 3 488
2.75286e-07 1.45304e+07 4 592
3.39171e-07 1.47418e+07 5 696
4.03257e-07 1.48788e+07 6 800
4.65355e-07 1.50423e+07 7 904
5.72875e-07 1.57102e+07 9 1112
7.161e-07 1.5361e+07 11 1320
8.2675e-07 1.69338e+07 14 1632
1.06562e-06 1.59532e+07 17 1944
1.22155e-06 1.71913e+07 21 2360
1.42356e-06 1.82641e+07 26 2880
1.65929e-06 1.92854e+07 32 3504
1.98783e-06 2.01224e+07 40 4336
2.33062e-06 2.14535e+07 50 5376
2.8385e-06 2.21948e+07 63 6728
3.559e-06 2.21972e+07 79 8392
4.37475e-06 2.26299e+07 99 10472
5.39e-06 2.30056e+07 124 13072
6.6145e-06 2.35845e+07 156 16400
8.255e-06 2.37432e+07 196 20560
1.0885e-05 2.26918e+07 247 25864
1.3801e-05 2.25346e+07 311 32520
1.7708e-05 2.20804e+07 391 40840
2.4947e-05 1.97218e+07 492 51344
3.1197e-05 1.98416e+07 619 64552
4.0155e-05 1.93998e+07 779 81192
5.2029e-05 1.88356e+07 980 102096
6.6403e-05 1.85835e+07 1234 128512
8.4007e-05 1.84865e+07 1553 161688
0.000106662 1.83289e+07 1955 203496
0.000134681 1.82728e+07 2461 256120
0.000170669 1.81521e+07 3098 322368
0.000220302 1.7703e+07 3900 405776
0.000278685 1.76184e+07 4909.99 510816
0.000354775 1.74223e+07 6180.99 643000
0.000450499 1.72719e+07 7780.99 809400
0.000570494 1.71693e+07 9794.98 1018856
0.000721007 1.71024e+07 12331 1282600
0.000906051 1.71336e+07 15523.9 1614672
0.00114505 1.70673e+07 19542.9 2032648
0.00145899 1.68629e+07 24602.9 2558888
0.00184361 1.68001e+07 30972.8 3221368
0.00231041 1.68765e+07 38991.6 4055344
0.00292689 1.67712e+07 49087.4 5105328
0.00368519 1.6769e+07 61797.1 6427168
0.00468196 1.66164e+07 77797.6 8091272
0.00589415 1.66166e+07 97940.8 10186248
0.00747897 1.64862e+07 123299 12823688
0.00943403 1.64536e+07 155223 16143992
0.0118515 1.64884e+07 195412 20323960
0.0150008 1.63995e+07 246006 25586256
0.0189247 1.63648e+07 309699 32211160
0.0238128 1.63727e+07 389880 40551336
0.0300283 1.63452e+07 490818 51051072
0.0378845 1.63097e+07 617885 64269472
0.0475623 1.63542e+07 777842 80910408
0.0598466 1.63618e+07 979199 101860064
0.0753425 1.63608e+07 1.23267e+06 128234152
0.0946705 1.63907e+07 1.55172e+06 161437192
0.119174 1.63904e+07 1.95331e+06 203237288
0.150641 1.63222e+07 2.45879e+06 255860560
0.188909 1.63834e+07 3.09497e+06 322109288
0.238518 1.63326e+07 3.89561e+06 405511464
0.299433 1.63747e+07 4.90313e+06 510508616
0.377568 1.63437e+07 6.17085e+06 642692200
0.475601 1.63283e+07 7.76575e+06 809101456
0.598465 1.63283e+07 9.77193e+06 1018598328
0.754637 1.62925e+07 1.22949e+07 1282339208
0.952309 1.62415e+07 1.54669e+07 1614369296
1.19781 1.6241e+07 1.94535e+07 2032370464
