# filename: ./acpphint-WDK23_CA78Cnolse-32768MiB-threads_8-LP64-FreeBSD_main_n262658_b347c2284603_64bit-clang++_16_O3lto_CA78Cnolse-libc++-cpulockdown-DSIZE_ul-ISIZE_ul-using_4_threads.txt
# acpphint_main version: 0.1.33

9.6401e-05 155600 15 1952
9.0673e-05 209544 19 2368
9.0465e-05 254242 23 2784
9.4526e-05 285636 27 3200
9.3797e-05 330501 31 3616
9.6818e-05 402818 39 4448
9.062e-05 518649 47 5280
0.000106141 553981 58.8001 6528
9.1194e-05 771255 70.3339 7776
9.2808e-05 931545 86.4548 9440
9.8693e-05 1.08056e+06 106.644 11520
9.2444e-05 1.41114e+06 130.451 14016
9.4214e-05 1.72529e+06 162.546 17344
0.000105151 1.92245e+06 202.147 21504
9.135e-05 2.79146e+06 255 26912
9.1454e-05 3.48809e+06 319 33568
8.9944e-05 4.42114e+06 397.655 41888
0.000103589 4.8074e+06 497.994 52288
9.4787e-05 6.59434e+06 625.057 65600
9.786e-05 8.02297e+06 785.128 82240
0.000105568 9.364e+06 988.539 103456
0.000110619 1.1228e+07 1242.03 130080
0.000102443 1.52661e+07 1563.9 163360
0.000109214 1.79972e+07 1965.55 205376
0.000108224 2.2796e+07 2467.07 258208
0.000127494 2.44263e+07 3114.2 324768
0.000131348 2.97788e+07 3911.39 408384
0.000138222 3.55434e+07 4912.88 514048
0.000154315 4.0227e+07 6207.63 646752
0.000173065 4.50645e+07 7799.08 813984
0.000197959 4.94614e+07 9791.33 1024480
0.000231239 5.35539e+07 12383.7 1289472
0.000275768 5.64028e+07 15554.1 1623104
0.000328943 5.93609e+07 19526.4 2043264
0.000389356 6.34659e+07 24710.8 2572000
0.000462894 6.70293e+07 31027.5 3237600
0.000564712 6.89547e+07 38939.5 4075424
0.000691685 7.12862e+07 49307.6 5130400
0.000857458 7.21867e+07 61897.1 6458688
0.00107661 7.21426e+07 77669.8 8130592
0.00135566 7.25849e+07 98400.6 10235552
0.00172981 7.13868e+07 123486 12885472
0.00225447 6.87188e+07 154925 16221376
0.00292168 6.71906e+07 196309 20421312
0.00381309 6.46101e+07 246365 25708672
0.00496856 6.21978e+07 309034 32365088
0.00647593 6.04599e+07 391534 40744992
0.00834392 5.89077e+07 491521 51294752
0.0106754 5.77428e+07 616428 64575968
0.0136137 5.73598e+07 780880 81295840
0.0173876 5.63953e+07 980581 102345024
0.0220692 5.57115e+07 1.22951e+06 128844640
0.027843 5.59307e+07 1.55728e+06 162205344
0.0352834 5.54386e+07 1.95606e+06 204204288
0.0445574 5.5031e+07 2.45204e+06 257077888
0.0562568 5.51952e+07 3.10511e+06 323641632
0.0707825 5.51141e+07 3.90112e+06 407440256
0.0891115 5.48617e+07 4.88881e+06 512936608
0.112122 5.52008e+07 6.18922e+06 645748768
0.141654 5.49002e+07 7.77683e+06 812949152
0.178468 5.45857e+07 9.7418e+06 1023442240
0.223392 5.51851e+07 1.23279e+07 1288437152
0.280275 5.52646e+07 1.54893e+07 1622045856
0.352206 5.50548e+07 1.93906e+07 2042034464
0.443651 5.52701e+07 2.45206e+07 2570768800
0.560032 5.4989e+07 3.07956e+07 3236405824
0.704892 5.46334e+07 3.85106e+07 4074393312
0.886778 5.48456e+07 4.86359e+07 5129356832
1.11533 5.47032e+07 6.10123e+07 6457477184
