# filename: ./acpphint-WDK23_CA78Cnolse-32768MiB-threads_8-LP64-FreeBSD_main_n262658_b347c2284603_64bit-g++_13_O3lto_CA78Cnolse-libstdc++-DSIZE_ull-ISIZE_ull-using_2_threads-cpus_2_3.txt
# acpphint_main version: 0.1.34

0.000101818 68750.1 7 976
9.8433e-05 91432.8 9 1184
9.8328e-05 111870 11 1392
0.000101297 128335 13 1600
9.9422e-05 150872 15 1808
9.8641e-05 192618 19 2224
0.000101714 226124 23 2640
0.000101193 285923 28.9334 3264
0.000101089 344038 34.7785 3888
0.000101558 421617 42.8186 4720
0.000103276 512050 52.8825 5760
0.000100828 642817 64.8139 7008
0.00010338 782032 80.8465 8672
0.000104631 962570 100.715 10752
0.00010312 1.23157e+06 127 13456
0.000102703 1.54815e+06 159 16784
0.00010838 1.83196e+06 198.548 20944
0.000108224 2.29772e+06 248.668 26144
0.000112859 2.76778e+06 312.369 32800
0.000115463 3.39822e+06 392.369 41120
0.000119109 4.14903e+06 494.187 51728
0.000120567 5.15383e+06 621.382 65040
0.000129994 6.01531e+06 781.955 81680
0.000133639 7.3571e+06 983.196 102688
0.000146503 8.43063e+06 1235.11 129104
0.000160357 9.71195e+06 1557.38 162384
0.000174106 1.12412e+07 1957.15 204192
0.000192959 1.27513e+07 2460.47 257024
0.000216135 1.43638e+07 3104.51 323376
0.000245249 1.59147e+07 3903.07 406992
0.000275768 1.7786e+07 4904.82 512240
0.000319985 1.93546e+07 6193.19 644736
0.000372899 2.08764e+07 7784.78 811552
0.000441333 2.21666e+07 9782.87 1021632
0.000526068 2.34904e+07 12357.5 1286000
0.000631897 2.45768e+07 15530 1618800
0.000759235 2.56987e+07 19511.4 2037712
0.000911467 2.70514e+07 24656.5 2565200
0.00110833 2.79537e+07 30982 3229344
0.00135952 2.8629e+07 38921.7 4065296
0.00167456 2.93823e+07 49202.3 5117776
0.00204027 3.02957e+07 61811.3 6442736
0.00254889 3.04614e+07 77642.6 8110688
0.0031949 3.07249e+07 98162.9 10210656
0.0039871 3.09302e+07 123322 12854336
0.00498143 3.10937e+07 154891 16182544
0.00622465 3.14574e+07 195811 20372496
0.00777801 3.16338e+07 246048 25647376
0.00976406 3.16459e+07 308992 32287984
0.0122081 3.19944e+07 390591 40647920
0.0153398 3.20012e+07 490894 51172512
0.0192349 3.20455e+07 616392 64422320
0.0242056 3.21866e+07 779097 81102672
0.0303595 3.22583e+07 979346 102102144
0.0382395 3.21535e+07 1.22953e+06 128538944
0.0480995 3.23062e+07 1.55391e+06 161820816
0.0605155 3.22829e+07 1.95361e+06 203720128
0.0761155 3.22175e+07 2.45225e+06 256468304
0.0958982 3.23128e+07 3.09874e+06 322874384
0.120431 3.23524e+07 3.89624e+06 406474576
0.151521 3.22697e+07 4.88954e+06 511721120
0.190422 3.24396e+07 6.17721e+06 644218576
0.239793 3.2391e+07 7.76712e+06 811022928
0.30209 3.22548e+07 9.74384e+06 1021017232
0.379466 3.2428e+07 1.23053e+07 1285384400
0.475576 3.25288e+07 1.54699e+07 1618202912
0.597761 3.24474e+07 1.93958e+07 2037196656
0.757788 3.23023e+07 2.44783e+07 2564678416
0.955331 3.21952e+07 3.0757e+07 3228738592
1.20156 3.20607e+07 3.85229e+07 4064740928
