# filename: ./acpphint-WDK23_CA78Cnolse-32768MiB-threads_8-LP64-FreeBSD_main_n262658_b347c2284603_64bit-g++_13_O3lto_CA78Cnolse-libstdc++-cpulockdown-DSIZE_ul-ISIZE_ul-using_2_threads-cpus_2_6.txt
# acpphint_main version: 0.1.34

0.000100203 69858.2 7 976
9.4996e-05 94740.8 9 1184
9.2444e-05 118991 11 1392
9.26e-05 140389 13 1600
8.885e-05 168824 15 1808
9.1506e-05 207637 19 2224
9.1871e-05 250351 23 2640
9.5881e-05 301764 28.9334 3264
9.2704e-05 375156 34.7785 3888
9.6662e-05 442972 42.8186 4720
9.5256e-05 555162 52.8825 5760
9.6297e-05 673063 64.8139 7008
9.2236e-05 876518 80.8465 8672
9.8745e-05 1.01995e+06 100.715 10752
9.4631e-05 1.34205e+06 127 13456
9.7444e-05 1.63171e+06 159 16784
9.9891e-05 1.98764e+06 198.548 20944
9.7964e-05 2.53837e+06 248.668 26144
9.7548e-05 3.20221e+06 312.369 32800
0.000104058 3.77067e+06 392.369 41120
9.937e-05 4.9732e+06 494.187 51728
0.000105828 5.87162e+06 621.382 65040
0.000109526 7.13944e+06 781.955 81680
0.000108172 9.08919e+06 983.196 102688
0.000103328 1.19533e+07 1235.11 129104
0.000115359 1.35003e+07 1557.38 162384
0.000125151 1.56383e+07 1957.15 204192
0.000138587 1.7754e+07 2460.47 257024
0.000155253 1.99965e+07 3104.51 323376
0.000182752 2.13572e+07 3903.07 406992
0.000213323 2.29924e+07 4904.82 512240
0.000255196 2.42684e+07 6193.19 644736
0.000304725 2.55469e+07 7784.78 811552
0.000367899 2.65912e+07 9782.87 1021632
0.000443521 2.78623e+07 12357.5 1286000
0.000545808 2.84532e+07 15530 1618800
0.000668145 2.92023e+07 19511.4 2037712
0.000822045 2.99941e+07 24656.5 2565200
0.00101834 3.04241e+07 30982 3229344
0.0012677 3.07026e+07 38921.7 4065296
0.00158576 3.10276e+07 49202.3 5117776
0.0019684 3.14018e+07 61811.3 6442736
0.00247129 3.14179e+07 77642.6 8110688
0.0030961 3.17053e+07 98162.9 10210656
0.00390809 3.15555e+07 123322 12854336
0.00487378 3.17804e+07 154891 16182544
0.00617783 3.16958e+07 195811 20372496
0.00771937 3.18741e+07 246048 25647376
0.00973089 3.17538e+07 308992 32287984
0.0121628 3.21137e+07 390591 40647920
0.0152899 3.21057e+07 490894 51172512
0.0191774 3.21416e+07 616392 64422320
0.0241041 3.23222e+07 779097 81102672
0.0298064 3.28569e+07 979346 102102144
0.0375247 3.2766e+07 1.22953e+06 128538944
0.0480032 3.2371e+07 1.55391e+06 161820816
0.0597764 3.2682e+07 1.95361e+06 203720128
0.0751234 3.26429e+07 2.45225e+06 256468304
0.0944004 3.28255e+07 3.09874e+06 322874384
0.118887 3.27727e+07 3.89624e+06 406474576
0.149588 3.26867e+07 4.88954e+06 511721120
0.18863 3.27478e+07 6.17721e+06 644218576
0.236792 3.28014e+07 7.76712e+06 811022928
0.298476 3.26453e+07 9.74384e+06 1021017232
0.375364 3.27823e+07 1.23053e+07 1285384400
0.47744 3.24018e+07 1.54699e+07 1618202912
0.600373 3.23062e+07 1.93958e+07 2037196656
0.75594 3.23813e+07 2.44783e+07 2564678416
0.95164 3.232e+07 3.0757e+07 3228738592
1.19941 3.21181e+07 3.85229e+07 4064740928
