# filename: ./acpphint-WDK23_CA78Cnolse-32768MiB-threads_8-LP64-FreeBSD_main_n262658_b347c2284603_64bit-clang++_16_O3lto_CA78Cnolse-libc++-cpulockdown-DSIZE_ul-ISIZE_ul-using_6_threads.txt
# acpphint_main version: 0.1.34

0.000145827 157721 23 2928
0.000146608 197806 29 3552
0.00014442 242349 35 4176
0.000146816 279261 41 4800
0.000143118 328400 47 5424
0.000147128 401011 59 6672
0.000149785 474013 71 7920
0.000147181 602433 88.6667 9792
0.00015343 690147 105.889 11664
0.000148951 873382 130.091 14160
0.000149056 1.07613e+06 160.404 17280
0.000150618 1.30191e+06 196.091 21024
0.000147389 1.65716e+06 244.247 26016
0.000147857 2.0532e+06 303.581 32256
0.000158482 2.41668e+06 383 40368
0.000152909 3.13258e+06 479 50352
0.000162232 3.67846e+06 596.764 62832
0.000154159 4.8477e+06 747.317 78432
0.000155878 6.01582e+06 937.734 98400
0.000155045 7.5971e+06 1177.89 123360
0.000161398 9.18776e+06 1482.89 155184
0.000167701 1.11069e+07 1862.64 195120
0.00016744 1.40102e+07 2345.86 245040
0.000167909 1.75565e+07 2947.89 308064
0.000164888 2.24333e+07 3698.98 387312
0.000176814 2.64178e+07 4671.04 487152
0.000174159 3.36796e+07 5865.6 612576
0.000190876 3.85861e+07 7365.16 771072
0.000202178 4.60524e+07 9310.78 970128
0.000224312 5.21375e+07 11695.1 1220976
0.000249363 5.88604e+07 14677.6 1536720
0.00027457 6.76487e+07 18574.3 1934208
0.000308215 7.56722e+07 23323.3 2434656
0.000359983 8.13075e+07 29269.3 3064896
0.000416855 8.89137e+07 37064.1 3858000
0.000514247 9.04717e+07 46524.8 4856400
0.000606326 9.62627e+07 58366.6 6113136
0.000771057 9.59184e+07 73958.5 7695600
0.000988338 9.39067e+07 92811.6 9688032
0.00130134 8.94578e+07 116415 12195888
0.0017494 8.43707e+07 147598 15353328
0.00238666 7.75806e+07 185158 19328208
0.00325276 7.13856e+07 232200 24332064
0.00433625 6.79046e+07 294451 30631968
0.00574332 6.43182e+07 369400 38563008
0.00748907 6.18446e+07 463158 48547632
0.00973568 6.03181e+07 587238 61117488
0.0125348 5.87935e+07 736966 76942128
0.0160489 5.7562e+07 923806 96863952
0.0205093 5.71005e+07 1.17109e+06 121943760
0.0261729 5.61709e+07 1.47016e+06 153517536
0.0330833 5.56905e+07 1.84243e+06 193266960
0.0418796 5.57591e+07 2.33517e+06 243308016
0.0529538 5.53755e+07 2.93234e+06 306306432
0.067073 5.47731e+07 3.67379e+06 385616832
0.0845328 5.50693e+07 4.65516e+06 485462448
0.106113 5.51002e+07 5.84686e+06 611160384
0.133143 5.49975e+07 7.32251e+06 769404912
0.166682 5.5646e+07 9.27519e+06 968623152
0.209864 5.55141e+07 1.16504e+07 1219423728
0.26439 5.51567e+07 1.45829e+07 1535163360
0.333545 5.53474e+07 1.84609e+07 1932655728
0.419672 5.52424e+07 2.31837e+07 2433068784
0.52906 5.48023e+07 2.89937e+07 3063051696
0.665986 5.50555e+07 3.66662e+07 3856153200
0.837002 5.49723e+07 4.6012e+07 4854608736
1.05475 5.44723e+07 5.74547e+07 6111589968
