# filename: ./acpphint-WDK23_CA78Cnolse-32768MiB-threads_8-LP64-FreeBSD_main_n262658_b347c2284603_64bit-g++_13_O3lto_CA78Cnolse-libc++-cpulockdown-DSIZE_ull-ISIZE_ull-using_2_threads-cpus_6_7.txt
# acpphint_main version: 0.1.34

4.2863e-05 163311 7 976
4.6143e-05 195046 9 1184
4.6717e-05 235460 11 1392
4.7393e-05 274302 13 1600
4.2967e-05 349105 15 1808
4.2394e-05 448177 19 2224
4.8852e-05 470810 23 2640
4.3227e-05 669336 28.9334 3264
4.656e-05 746960 34.7785 3888
4.505e-05 950467 42.8186 4720
4.1769e-05 1.26607e+06 52.8825 5760
4.2707e-05 1.51764e+06 64.8139 7008
4.8123e-05 1.68e+06 80.8465 8672
4.1561e-05 2.4233e+06 100.715 10752
4.9529e-05 2.56415e+06 127 13456
4.3957e-05 3.61717e+06 159 16784
5.5102e-05 3.60328e+06 198.548 20944
4.3019e-05 5.78043e+06 248.668 26144
5.2601e-05 5.93847e+06 312.369 32800
4.9841e-05 7.87241e+06 392.369 41120
5.7705e-05 8.56403e+06 494.187 51728
5.7601e-05 1.07877e+07 621.382 65040
6.1716e-05 1.26702e+07 781.955 81680
6.4685e-05 1.51998e+07 983.196 102688
7.208e-05 1.71353e+07 1235.11 129104
7.182e-05 2.16845e+07 1557.38 162384
8.3121e-05 2.35458e+07 1957.15 204192
9.3798e-05 2.62316e+07 2460.47 257024
0.000107443 2.88945e+07 3104.51 323376
0.000127807 3.05388e+07 3903.07 406992
0.000157389 3.11637e+07 4904.82 512240
0.000188429 3.28675e+07 6193.19 644736
0.000222229 3.50304e+07 7784.78 811552
0.00027556 3.55018e+07 9782.87 1021632
0.00033514 3.68728e+07 12357.5 1286000
0.000421282 3.68636e+07 15530 1618800
0.000514559 3.79186e+07 19511.4 2037712
0.000631116 3.90681e+07 24656.5 2565200
0.000784807 3.94772e+07 30982 3229344
0.000983912 3.95581e+07 38921.7 4065296
0.00123223 3.99294e+07 49202.3 5117776
0.00153336 4.03109e+07 61811.3 6442736
0.00195855 3.96428e+07 77642.6 8110688
0.00244098 4.02146e+07 98162.9 10210656
0.00309428 3.98548e+07 123322 12854336
0.00388096 3.99104e+07 154891 16182544
0.00485576 4.03256e+07 195811 20372496
0.00609862 4.03449e+07 246048 25647376
0.00769479 4.01561e+07 308992 32287984
0.00982896 3.97388e+07 390591 40647920
0.01232 3.98451e+07 490894 51172512
0.0153206 4.02328e+07 616392 64422320
0.019637 3.9675e+07 779097 81102672
0.0247415 3.95832e+07 979346 102102144
0.0310928 3.95439e+07 1.22953e+06 128538944
0.039151 3.96902e+07 1.55391e+06 161820816
0.0491034 3.97857e+07 1.95361e+06 203720128
0.0618295 3.96614e+07 2.45225e+06 256468304
0.0780219 3.97163e+07 3.09874e+06 322874384
0.0980828 3.9724e+07 3.89624e+06 406474576
0.123463 3.96032e+07 4.88954e+06 511721120
0.155219 3.97967e+07 6.17721e+06 644218576
0.194486 3.99366e+07 7.76712e+06 811022928
0.245348 3.97143e+07 9.74384e+06 1021017232
0.308596 3.98751e+07 1.23053e+07 1285384400
0.388643 3.98049e+07 1.54699e+07 1618202912
0.487458 3.97896e+07 1.93958e+07 2037196656
0.61391 3.98727e+07 2.44783e+07 2564678416
0.773018 3.97882e+07 3.0757e+07 3228738592
0.972681 3.96048e+07 3.85229e+07 4064740928
1.22193 3.97381e+07 4.85571e+07 5117205536
