# filename: ./acpphint-WDK23_CA78Cnolse-32768MiB-threads_8-LP64-FreeBSD_main_n262658_b347c2284603_64bit-clang++_16_O3lto_CA78Cnolse-libc++-DSIZE_ull-ISIZE_ull-using_8_threads.txt
# acpphint_main version: 0.1.34

0.00021249 145889 31 3904
0.000202021 193049 39 4736
0.000213324 220322 47 5568
0.000192179 286192 55 6400
0.00020499 307332 63 7232
0.000217594 363061 79 8896
0.000222021 427887 95 10560
0.000210146 564052 118.533 13056
0.000210823 670917 141.445 15552
0.000224521 773769 173.727 18880
0.000199626 1.07283e+06 214.164 23040
0.000219938 1.19002e+06 261.732 28032
0.000211031 1.54456e+06 325.949 34688
0.000207439 1.95245e+06 405.014 43008
0.000207178 2.46648e+06 511 53824
0.00021275 3.00352e+06 639 67136
0.000217178 3.66462e+06 795.875 83776
0.000209521 4.75675e+06 996.639 104576
0.000210407 5.94281e+06 1250.41 131200
0.00020822 7.54326e+06 1570.66 164480
0.000211501 9.34857e+06 1977.23 206912
0.000218167 1.13824e+07 2483.26 260160
0.000227645 1.37399e+07 3127.82 326720
0.000223115 1.76152e+07 3930.23 410752
0.000236239 2.08724e+07 4930.87 516416
0.00024676 2.52386e+07 6227.89 649536
0.00025077 3.11832e+07 7819.82 816768
0.00026806 3.66239e+07 9817.41 1028096
0.000288893 4.29707e+07 12413.9 1293504
0.000299985 5.19727e+07 15591 1627968
0.000333318 5.86941e+07 19563.8 2048960
0.00037467 6.60978e+07 24764.9 2578944
0.000425917 7.30013e+07 31092.5 3246208
0.000505758 7.7136e+07 39012.1 4086528
0.000595753 8.29494e+07 49417.3 5144000
0.000736684 8.41907e+07 62022 6475200
0.00088475 8.79268e+07 77793.3 8150848
0.00112838 8.73897e+07 98609.2 10260800
0.00145478 8.50479e+07 123726 12917376
0.00193569 8.01573e+07 155160 16261184
0.00257009 7.65709e+07 196794 20471104
0.00348661 7.07935e+07 246829 25770944
0.00472202 6.55382e+07 309472 32442752
0.00638902 6.14474e+07 392589 40842624
0.00821477 5.99442e+07 492428 51417344
0.0105279 5.86319e+07 617270 64730176
0.0133939 5.84537e+07 782923 81489984
0.0169945 5.7806e+07 982382 102589504
0.0215682 5.70812e+07 1.23114e+06 129151936
0.0272851 5.72193e+07 1.56124e+06 162591680
0.0346449 5.6563e+07 1.95962e+06 204690048
0.0442053 5.554e+07 2.45516e+06 257689280
0.0558532 5.57314e+07 3.11277e+06 324410688
0.070565 5.5384e+07 3.90817e+06 408408576
0.0884039 5.53691e+07 4.89484e+06 514155776
0.111519 5.56328e+07 6.20409e+06 647283264
0.140333 5.55168e+07 7.79083e+06 814880512
0.176668 5.52076e+07 9.75343e+06 1025873216
0.222018 5.56564e+07 1.23567e+07 1291497536
0.278938 5.56289e+07 1.5517e+07 1625898304
0.351127 5.52877e+07 1.9413e+07 2046884480
0.442185 5.55791e+07 2.45763e+07 2576874304
0.556206 5.54659e+07 3.08505e+07 3244091712
0.70115 5.49863e+07 3.85537e+07 4084068928
0.882887 5.52084e+07 4.87428e+07 5141537600
1.11153 5.49876e+07 6.11202e+07 6472811648
