# filename: ./acpphint-WDK23_CA78Cnolse-32768MiB-threads_8-LP64-FreeBSD_main_n262658_b347c2284603_64bit-g++_13_O3lto_CA78Cnolse-libc++-DSIZE_ull-ISIZE_ull-using_4_threads-cpus_4_5_6_7.txt
# acpphint_main version: 0.1.34

8.8902e-05 168725 15 1952
8.7965e-05 215995 19 2368
8.536e-05 269447 23 2784
8.7131e-05 309878 27 3200
8.5309e-05 363385 31 3616
8.4163e-05 463387 39 4448
8.8017e-05 533988 47 5280
8.6038e-05 683420 58.8001 6528
8.8017e-05 799094 70.3339 7776
8.3902e-05 1.03043e+06 86.4548 9440
8.6871e-05 1.22761e+06 106.644 11520
8.8277e-05 1.47775e+06 130.451 14016
8.833e-05 1.84021e+06 162.546 17344
8.8121e-05 2.29397e+06 202.147 21504
8.5778e-05 2.97279e+06 255 26912
8.9267e-05 3.57355e+06 319 33568
8.9527e-05 4.44173e+06 397.655 41888
8.9839e-05 5.54318e+06 497.994 52288
9.1766e-05 6.81143e+06 625.057 65600
9.2392e-05 8.49779e+06 785.128 82240
9.4995e-05 1.04062e+07 988.539 103456
0.000100516 1.23565e+07 1242.03 130080
8.8277e-05 1.77159e+07 1563.9 163360
9.3277e-05 2.10721e+07 1965.55 205376
9.9266e-05 2.48532e+07 2467.07 258208
0.000114057 2.73039e+07 3114.2 324768
0.000126349 3.0957e+07 3911.39 408384
0.000142702 3.44275e+07 4912.88 514048
0.000159524 3.89135e+07 6207.63 646752
0.000190512 4.09375e+07 7799.08 813984
0.000223531 4.3803e+07 9791.33 1024480
0.000258842 4.78429e+07 12383.7 1289472
0.00030785 5.05249e+07 15554.1 1623104
0.000373056 5.23416e+07 19526.4 2043264
0.000446437 5.53512e+07 24710.8 2572000
0.000543829 5.70537e+07 31027.5 3237600
0.000660438 5.89602e+07 38939.5 4075424
0.000787671 6.25992e+07 49307.6 5130400
0.000952195 6.50046e+07 61897.1 6458688
0.00115349 6.73348e+07 77669.8 8130592
0.00140577 6.99979e+07 98400.6 10235552
0.00174695 7.06866e+07 123486 12885472
0.00219922 7.04453e+07 154925 16221376
0.0028558 6.87406e+07 196309 20421312
0.00373279 6.60001e+07 246365 25708672
0.00484539 6.37788e+07 309034 32365088
0.00631408 6.20097e+07 391534 40744992
0.00809649 6.07079e+07 491521 51294752
0.0104452 5.90152e+07 616428 64575968
0.0133594 5.84519e+07 780880 81295840
0.0170414 5.7541e+07 980581 102345024
0.0215733 5.69922e+07 1.22951e+06 128844640
0.0273406 5.69584e+07 1.55728e+06 162205344
0.0347435 5.63002e+07 1.95606e+06 204204288
0.0439416 5.58022e+07 2.45204e+06 257077888
0.0552276 5.62238e+07 3.10511e+06 323641632
0.0695103 5.61229e+07 3.90112e+06 407440256
0.0875545 5.58374e+07 4.88881e+06 512936608
0.110427 5.60479e+07 6.18922e+06 645748768
0.139365 5.58018e+07 7.77683e+06 812949152
0.176531 5.51848e+07 9.7418e+06 1023442240
0.221679 5.56115e+07 1.23279e+07 1288437152
0.277776 5.57618e+07 1.54893e+07 1622045856
0.349376 5.55007e+07 1.93906e+07 2042034464
0.439928 5.57378e+07 2.45206e+07 2570768800
0.553994 5.55883e+07 3.07956e+07 3236405824
0.697732 5.51941e+07 3.85106e+07 4074393312
0.878461 5.53649e+07 4.86359e+07 5129356832
1.10814 5.50582e+07 6.10123e+07 6457477184
