# filename: ./acpphint-WDK23_CA78Cnolse-32768MiB-threads_8-LP64-FreeBSD_main_n262658_b347c2284603_64bit-g++_13_O3lto_CA78Cnolse-libc++-cpulockdown-DSIZE_ull-ISIZE_ull-using_8_threads-cpus_0_1_2_3_4_5_6_7.txt
# acpphint_main version: 0.1.34

0.000207907 149105 31 3904
0.000210459 185309 39 4736
0.000196709 238932 47 5568
0.000207803 264674 55 6400
0.000220562 285634 63 7232
0.000209365 377331 79 8896
0.000200876 472929 95 10560
0.00020874 567852 118.533 13056
0.000197959 714515 141.445 15552
0.000204053 851384 173.727 18880
0.000212855 1.00615e+06 214.164 23040
0.000207334 1.26237e+06 261.732 28032
0.00021624 1.50735e+06 325.949 34688
0.000201761 2.0074e+06 405.014 43008
0.00021275 2.40188e+06 511 53824
0.000208583 3.06353e+06 639 67136
0.000208063 3.82516e+06 795.875 83776
0.000211969 4.70181e+06 996.639 104576
0.000211135 5.92232e+06 1250.41 131200
0.0002115 7.42628e+06 1570.66 164480
0.00021124 9.36012e+06 1977.23 206912
0.000214417 1.15814e+07 2483.26 260160
0.000220563 1.41811e+07 3127.82 326720
0.000225823 1.7404e+07 3930.23 410752
0.000237644 2.0749e+07 4930.87 516416
0.000240926 2.58498e+07 6227.89 649536
0.000252436 3.09774e+07 7819.82 816768
0.000264154 3.71655e+07 9817.41 1028096
0.000287434 4.31888e+07 12413.9 1293504
0.000308683 5.05082e+07 15591 1627968
0.000340869 5.73939e+07 19563.8 2048960
0.000381493 6.49157e+07 24764.9 2578944
0.000424511 7.32431e+07 31092.5 3246208
0.000473935 8.23154e+07 39012.1 4086528
0.000547682 9.023e+07 49417.3 5144000
0.000638563 9.71274e+07 62022 6475200
0.000771682 1.0081e+08 77793.3 8150848
0.000965891 1.02091e+08 98609.2 10260800
0.00127036 9.73944e+07 123726 12917376
0.00173403 8.94792e+07 155160 16261184
0.00241077 8.16311e+07 196794 20471104
0.00332828 7.41611e+07 246829 25770944
0.00452254 6.84288e+07 309472 32442752
0.00598414 6.56049e+07 392589 40842624
0.00784806 6.27452e+07 492428 51417344
0.0101651 6.07243e+07 617270 64730176
0.0131223 5.96636e+07 782923 81489984
0.0168322 5.83634e+07 982382 102589504
0.0215438 5.71458e+07 1.23114e+06 129151936
0.0274692 5.6836e+07 1.56124e+06 162591680
0.0350208 5.59559e+07 1.95962e+06 204690048
0.0445086 5.51615e+07 2.45516e+06 257689280
0.0558072 5.57773e+07 3.11277e+06 324410688
0.0702357 5.56437e+07 3.90817e+06 408408576
0.0888589 5.50856e+07 4.89484e+06 514155776
0.111801 5.54922e+07 6.20409e+06 647283264
0.140806 5.53301e+07 7.79083e+06 814880512
0.176812 5.51627e+07 9.75343e+06 1025873216
0.221602 5.57608e+07 1.23567e+07 1291497536
0.278896 5.56373e+07 1.5517e+07 1625898304
0.351379 5.52482e+07 1.9413e+07 2046884480
0.441369 5.56819e+07 2.45763e+07 2576874304
0.555952 5.54912e+07 3.08505e+07 3244091712
0.700068 5.50713e+07 3.85537e+07 4084068928
0.88141 5.5301e+07 4.87428e+07 5141537600
1.11049 5.50388e+07 6.11202e+07 6472811648
