# filename: ./acpphint-WDK23_CA78Cnolse-32768MiB-threads_8-LP64-FreeBSD_main_n262658_b347c2284603_64bit-clang++_16_O3lto_CA78Cnolse-libc++-cpulockdown-DSIZE_ul-ISIZE_ul-using_7_threads.txt
# acpphint_main version: 0.1.34

0.000176138 153289 27 3416
0.00017093 198912 34 4144
0.00017046 240526 41 4872
0.000171242 280305 48 5600
0.000167648 328068 55 6328
0.000170513 404661 69 7784
0.000166919 497247 83 9240
0.000171815 602974 103.6 11424
0.000167544 738117 123.667 13608
0.000171659 884948 151.909 16520
0.000168533 1.11126e+06 187.284 20160
0.00017145 1.33515e+06 228.911 24528
0.000167128 1.70587e+06 285.098 30352
0.000174731 2.02767e+06 354.297 37632
0.000181711 2.45995e+06 447 47096
0.000178117 3.13839e+06 559 58744
0.000173898 4.00418e+06 696.319 73304
0.00017744 4.91421e+06 871.978 91504
0.000177648 6.15865e+06 1094.07 114800
0.000179574 7.65297e+06 1374.27 143920
0.000182387 9.48565e+06 1730.06 181048
0.000183377 1.18496e+07 2172.95 227640
0.000191761 1.42722e+07 2736.84 285880
0.00019572 1.75713e+07 3439.06 359408
0.000195772 2.20406e+07 4314.93 451864
0.000190512 2.86043e+07 5449.47 568344
0.000209834 3.26101e+07 6842.71 714672
0.000217906 3.94266e+07 8591.29 899584
0.000229989 4.72299e+07 10862.4 1131816
0.000255092 5.34828e+07 13643 1424472
0.000280247 6.10915e+07 17120.7 1792840
0.00031061 6.97647e+07 21669.6 2256576
0.000330818 8.22444e+07 27207.9 2840432
0.000371232 9.19661e+07 34140.8 3575712
0.000427688 1.01103e+08 43240.7 4501000
0.000510966 1.06217e+08 54273.4 5665800
0.000623825 1.09133e+08 68080 7131992
0.000826315 1.0442e+08 86283.9 8978200
0.0010837 9.99066e+07 108269 11302704
0.00150264 9.03662e+07 135788 14228536
0.0020385 8.4472e+07 172196 17912216
0.00283851 7.60941e+07 215994 22549576
0.00385029 7.0342e+07 270837 28387408
0.00511939 6.71018e+07 343521 35737296
0.00683868 6.30114e+07 430915 44990176
0.00886333 6.09495e+07 540216 56638904
0.011461 5.97753e+07 685083 71303736
0.0146287 5.87664e+07 859677 89765816
0.0187825 5.73659e+07 1.07748e+06 113007944
0.0238849 5.71984e+07 1.36617e+06 142267720
0.0303567 5.64917e+07 1.7149e+06 179103792
0.0384797 5.58428e+07 2.14882e+06 225478120
0.0487084 5.59248e+07 2.72401e+06 283859352
0.0614803 5.56326e+07 3.42031e+06 357357504
0.0779512 5.49626e+07 4.28441e+06 449886304
0.0980854 5.53575e+07 5.42977e+06 566372856
0.123355 5.52799e+07 6.81907e+06 713020448
0.15515 5.50327e+07 8.53832e+06 897639064
0.193993 5.57572e+07 1.08165e+07 1130060344
0.243968 5.56818e+07 1.35846e+07 1422661016
0.30747 5.52878e+07 1.69993e+07 1791023920
0.386898 5.56239e+07 2.15208e+07 2254765016
0.487599 5.54155e+07 2.70205e+07 2838580248
0.614853 5.49385e+07 3.3779e+07 3573560312
0.774073 5.51797e+07 4.27131e+07 4498845400
0.975603 5.49194e+07 5.35795e+07 5663710192
1.23058 5.4335e+07 6.68636e+07 7130188296
