# filename: ./acpphint-WDK23_K78CW72-32768MiB-threads_8-LP64-FreeBSD_main_n262658_b347c2284603_64bit-clang++_16_O3lto_CA72-libc++-DSIZE_ull-ISIZE_ull-using_7_threads.txt
# acpphint_main version: 0.1.33

0.000175772 153608 27 3416
0.000182491 186311 34 4144
0.000189314 216571 41 4872
0.000196553 244209 48 5600
0.000178325 308426 55 6328
0.000191292 360705 69 7784
0.000175512 472902 83 9240
0.000179575 576918 103.6 11424
0.000182543 677468 123.667 13608
0.000178586 850623 151.909 16520
0.000179522 1.04324e+06 187.284 20160
0.000191241 1.19698e+06 228.911 24528
0.000178794 1.59456e+06 285.098 30352
0.000170721 2.0753e+06 354.297 37632
0.000182908 2.44385e+06 447 47096
0.00017572 3.1812e+06 559 58744
0.000187751 3.70874e+06 696.319 73304
0.000184209 4.73363e+06 871.978 91504
0.000192126 5.69455e+06 1094.07 114800
0.00019098 7.19591e+06 1374.27 143920
0.000182596 9.47479e+06 1730.06 181048
0.00019223 1.13039e+07 2172.95 227640
0.000191761 1.42722e+07 2736.84 285880
0.000203896 1.68667e+07 3439.06 359408
0.000214312 2.01338e+07 4314.93 451864
0.000222489 2.44932e+07 5449.47 568344
0.000221448 3.08999e+07 6842.71 714672
0.00023426 3.66742e+07 8591.29 899584
0.000247227 4.39368e+07 10862.4 1131816
0.000274987 4.96134e+07 13643 1424472
0.000281653 6.07865e+07 17120.7 1792840
0.000336703 6.43582e+07 21669.6 2256576
0.000364565 7.46312e+07 27207.9 2840432
0.000453884 7.52191e+07 34140.8 3575712
0.000544036 7.94814e+07 43240.7 4501000
0.00064601 8.40132e+07 54273.4 5665800
0.000796888 8.54323e+07 68080 7131992
0.000997295 8.65179e+07 86283.9 8978200
0.00128572 8.42087e+07 108269 11302704
0.00170705 7.95451e+07 135788 14228536
0.00224489 7.67057e+07 172196 17912216
0.00302397 7.14273e+07 215994 22549576
0.00404673 6.69273e+07 270837 28387408
0.0053061 6.47408e+07 343521 35737296
0.0070595 6.10404e+07 430915 44990176
0.00901216 5.9943e+07 540216 56638904
0.0116579 5.87654e+07 685083 71303736
0.0147109 5.84381e+07 859677 89765816
0.0187049 5.76041e+07 1.07748e+06 113007944
0.0236481 5.77711e+07 1.36617e+06 142267720
0.0299149 5.7326e+07 1.7149e+06 179103792
0.0379185 5.66694e+07 2.14882e+06 225478120
0.0481034 5.66282e+07 2.72401e+06 283859352
0.0605292 5.65068e+07 3.42031e+06 357357504
0.0766555 5.58917e+07 4.28441e+06 449886304
0.0968947 5.60378e+07 5.42977e+06 566372856
0.121839 5.59677e+07 6.81907e+06 713020448
0.15374 5.55375e+07 8.53832e+06 897639064
0.193053 5.60287e+07 1.08165e+07 1130060344
0.243321 5.58299e+07 1.35846e+07 1422661016
0.305624 5.56217e+07 1.69993e+07 1791023920
0.385047 5.58913e+07 2.15208e+07 2254765016
0.483198 5.59202e+07 2.70205e+07 2838580248
0.611603 5.52304e+07 3.3779e+07 3573560312
0.768689 5.55661e+07 4.27131e+07 4498845400
0.969606 5.52591e+07 5.35795e+07 5663710192
1.21905 5.48487e+07 6.68636e+07 7130188296
