# filename: ./acpphint-WDK23_K78CW72-32768MiB-threads_8-LP64-FreeBSD_main_n262658_b347c2284603_64bit-clang++_16_O3lto_CA72-libc++-cpulockdown-DSIZE_ul-ISIZE_ul-using_4_threads-cpus_1_3_4_6.txt
# acpphint_main version: 0.1.33

0.000115984 129328 15 1952
0.000121557 156305 19 2368
0.000115619 198929 23 2784
0.000109265 247106 27 3200
0.000108068 286856 31 3616
0.000143847 271121 39 4448
0.000107808 435960 47 5280
0.000103381 568770 58.8001 6528
0.00010338 680343 70.3339 7776
0.000147389 586576 86.4548 9440
0.00010661 1.00032e+06 106.644 11520
0.000121452 1.0741e+06 130.451 14016
0.000130879 1.24196e+06 162.546 17344
0.00011338 1.78292e+06 202.147 21504
0.000111921 2.27839e+06 255 26912
0.000128328 2.48582e+06 319 33568
0.000119942 3.31539e+06 397.655 41888
0.000113015 4.40644e+06 497.994 52288
0.000109266 5.72051e+06 625.057 65600
0.000114161 6.87737e+06 785.128 82240
0.000114109 8.66311e+06 988.539 103456
0.000117286 1.05897e+07 1242.03 130080
0.00011213 1.39472e+07 1563.9 163360
0.000117182 1.67734e+07 1965.55 205376
0.000125411 1.96719e+07 2467.07 258208
0.000137702 2.26155e+07 3114.2 324768
0.00015067 2.596e+07 3911.39 408384
0.000164523 2.98613e+07 4912.88 514048
0.000165773 3.74466e+07 6207.63 646752
0.000196344 3.97215e+07 7799.08 813984
0.000206709 4.73677e+07 9791.33 1024480
0.000234207 5.28752e+07 12383.7 1289472
0.000289257 5.37725e+07 15554.1 1623104
0.000336077 5.81008e+07 19526.4 2043264
0.000395137 6.25374e+07 24710.8 2572000
0.000479508 6.47069e+07 31027.5 3237600
0.000583878 6.66912e+07 38939.5 4075424
0.000720955 6.83921e+07 49307.6 5130400
0.000889696 6.9571e+07 61897.1 6458688
0.00111719 6.95227e+07 77669.8 8130592
0.00138941 7.08218e+07 98400.6 10235552
0.00178767 6.90762e+07 123486 12885472
0.00228817 6.77068e+07 154925 16221376
0.00296736 6.61564e+07 196309 20421312
0.00388596 6.33987e+07 246365 25708672
0.0050209 6.15494e+07 309034 32365088
0.00651479 6.00993e+07 391534 40744992
0.00840449 5.84832e+07 491521 51294752
0.0107754 5.72072e+07 616428 64575968
0.0136964 5.70137e+07 780880 81295840
0.0174505 5.61923e+07 980581 102345024
0.02211 5.56089e+07 1.22951e+06 128844640
0.0280304 5.55568e+07 1.55728e+06 162205344
0.0357018 5.4789e+07 1.95606e+06 204204288
0.0448519 5.46697e+07 2.45204e+06 257077888
0.0567566 5.47092e+07 3.10511e+06 323641632
0.0713689 5.46613e+07 3.90112e+06 407440256
0.08975 5.44715e+07 4.88881e+06 512936608
0.112839 5.48501e+07 6.18922e+06 645748768
0.142506 5.45722e+07 7.77683e+06 812949152
0.179466 5.42823e+07 9.7418e+06 1023442240
0.226291 5.44782e+07 1.23279e+07 1288437152
0.284557 5.44329e+07 1.54893e+07 1622045856
0.358795 5.40437e+07 1.93906e+07 2042034464
0.45117 5.4349e+07 2.45206e+07 2570768800
0.563132 5.46863e+07 3.07956e+07 3236405824
0.706273 5.45266e+07 3.85106e+07 4074393312
0.889269 5.4692e+07 4.86359e+07 5129356832
1.12039 5.44563e+07 6.10123e+07 6457477184
