# filename: ./acpphint-WDK23_K78CW72-32768MiB-threads_8-LP64-FreeBSD_main_n262658_b347c2284603_64bit-clang++_16_O3lto_CA72-libc++-DSIZE_ul-ISIZE_ul-using_3_threads.txt
# acpphint_main version: 0.1.33

8.2548e-05 133256 11 1464
8.0152e-05 174668 14 1776
8.1246e-05 209241 17 2088
7.9684e-05 250991 20 2400
8.1923e-05 280751 23 2712
8.0673e-05 359476 29 3336
8.1715e-05 428318 35 3960
8.3694e-05 524132 43.8667 4896
8.1194e-05 647291 52.5562 5832
8.0413e-05 803809 64.6367 7080
8.2027e-05 972403 79.7633 8640
7.9267e-05 1.23169e+06 97.6321 10512
8.3173e-05 1.46317e+06 121.696 13008
8.2704e-05 1.831e+06 151.431 16128
8.5933e-05 2.22266e+06 191 20184
8.8485e-05 2.70102e+06 239 25176
8.3485e-05 3.57071e+06 298.101 31416
9.01e-05 4.14353e+06 373.332 39216
8.4892e-05 5.52132e+06 468.716 49200
8.3642e-05 7.03889e+06 588.747 61680
7.6924e-05 9.63762e+06 741.364 77592
7.4164e-05 1.25628e+07 931.71 97560
8.1976e-05 1.43082e+07 1172.93 122520
9.0881e-05 1.62231e+07 1474.37 154032
8.786e-05 2.10688e+07 1851.11 193656
0.000101037 2.31181e+07 2335.79 243576
0.000115411 2.54246e+07 2934.27 306288
0.000118327 3.11569e+07 3686.7 385536
0.000135931 3.42532e+07 4656.07 485064
0.000161295 3.62757e+07 5851.08 610488
0.00018697 3.93011e+07 7348.13 768360
0.000219781 4.22623e+07 9288.46 967104
0.00026832 4.34908e+07 11669.4 1217328
0.000321964 4.55167e+07 14654.7 1532448
0.0003917 4.73173e+07 18534.2 1929000
0.000477009 4.88015e+07 23278.8 2428200
0.000581639 5.02472e+07 29225.7 3056568
0.000717934 5.15118e+07 36982.1 3847800
0.000883811 5.25447e+07 46439.6 4844016
0.00109693 5.31451e+07 58296.3 6097944
0.00136702 5.39873e+07 73801.6 7676664
0.00172804 5.3615e+07 92648.8 9664104
0.00218994 5.30995e+07 116285 12166032
0.00279398 5.26979e+07 147237 15315984
0.00355936 5.19319e+07 184844 19281504
0.00454827 5.10008e+07 231965 24273816
0.00579763 5.06543e+07 293675 30558744
0.00737542 5.00023e+07 368788 38471064
0.00940392 4.9205e+07 462719 48431976
0.0119061 4.91969e+07 585745 60971880
0.0150781 4.87961e+07 735751 76758768
0.0191004 4.83226e+07 922980 96633480
0.024154 4.83656e+07 1.16823e+06 121654008
0.0304342 4.82273e+07 1.46776e+06 153153216
0.0384178 4.79175e+07 1.84089e+06 192808416
0.0484619 4.80719e+07 2.32966e+06 242731224
0.0607603 4.81825e+07 2.92759e+06 305580192
0.0765656 4.79445e+07 3.6709e+06 384702456
0.096239 4.82606e+07 4.64455e+06 484311576
0.120752 4.83422e+07 5.83741e+06 609711864
0.151614 4.82613e+07 7.31709e+06 767581680
0.190709 4.85285e+07 9.2548e+06 966327864
0.238306 4.88098e+07 1.16317e+07 1216534392
0.298707 4.87862e+07 1.45728e+07 1531525848
0.374508 4.91892e+07 1.84218e+07 1928076600
0.469694 4.92799e+07 2.31465e+07 2427304368
0.588848 4.92059e+07 2.89748e+07 3055794984
0.740266 4.94302e+07 3.65915e+07 3847017624
0.925421 4.96406e+07 4.59385e+07 4843107888
1.16267 4.93862e+07 5.74197e+07 6097111392
