# filename: ./acpphint-WDK23_K78CW72-32768MiB-threads_8-LP64-FreeBSD_main_n262658_b347c2284603_64bit-clang++_16_O3lto_CA72-libc++-cpulockdown-DSIZE_ul-ISIZE_ul-using_2_threads-cpus_5_7.txt
# acpphint_main version: 0.1.33

6.6924e-05 104596 7 976
6.583e-05 136716 9 1184
6.8799e-05 159886 11 1392
7.2549e-05 179189 13 1600
6.7549e-05 222061 15 1808
6.8694e-05 276589 19 2224
6.8174e-05 337372 23 2640
6.7288e-05 429994 28.9334 3264
6.8278e-05 509366 34.7785 3888
7.4788e-05 572532 42.8186 4720
6.958e-05 760025 52.8825 5760
6.8695e-05 943503 64.8139 7008
6.9372e-05 1.1654e+06 80.8465 8672
7.7131e-05 1.30576e+06 100.715 10752
7.3382e-05 1.73067e+06 127 13456
7.6195e-05 2.08675e+06 159 16784
7.6663e-05 2.58988e+06 198.548 20944
7.7757e-05 3.19802e+06 248.668 26144
7.9528e-05 3.92779e+06 312.369 32800
7.9162e-05 4.95653e+06 392.369 41120
8.2444e-05 5.99422e+06 494.187 51728
8.4944e-05 7.31519e+06 621.382 65040
8.8485e-05 8.83714e+06 781.955 81680
9.3589e-05 1.05055e+07 983.196 102688
0.000102547 1.20444e+07 1235.11 129104
0.000107287 1.4516e+07 1557.38 162384
0.000114317 1.71204e+07 1957.15 204192
0.00012239 2.01036e+07 2460.47 257024
0.000135827 2.28563e+07 3104.51 323376
0.000151086 2.58334e+07 3903.07 406992
0.000171033 2.86776e+07 4904.82 512240
0.000192751 3.21305e+07 6193.19 644736
0.000225146 3.45766e+07 7784.78 811552
0.000265977 3.67809e+07 9782.87 1021632
0.000316079 3.90964e+07 12357.5 1286000
0.00037769 4.11183e+07 15530 1618800
0.00045279 4.30914e+07 19511.4 2037712
0.000549661 4.48576e+07 24656.5 2565200
0.000672155 4.60935e+07 30982 3229344
0.000831939 4.67843e+07 38921.7 4065296
0.00102354 4.80705e+07 49202.3 5117776
0.00127713 4.83987e+07 61811.3 6442736
0.00158951 4.8847e+07 77642.6 8110688
0.00199933 4.90979e+07 98162.9 10210656
0.00256508 4.80772e+07 123322 12854336
0.00328635 4.71315e+07 154891 16182544
0.00421709 4.64328e+07 195811 20372496
0.00542073 4.53902e+07 246048 25647376
0.00690982 4.47179e+07 308992 32287984
0.00881275 4.43211e+07 390591 40647920
0.0111983 4.38364e+07 490894 51172512
0.0142175 4.33545e+07 616392 64422320
0.018026 4.32207e+07 779097 81102672
0.0228507 4.28584e+07 979346 102102144
0.0287856 4.27134e+07 1.22953e+06 128538944
0.0362616 4.28528e+07 1.55391e+06 161820816
0.0456564 4.27895e+07 1.95361e+06 203720128
0.0575233 4.26305e+07 2.45225e+06 256468304
0.0723253 4.28445e+07 3.09874e+06 322874384
0.0909374 4.28453e+07 3.89624e+06 406474576
0.114676 4.26378e+07 4.88954e+06 511721120
0.143571 4.30254e+07 6.17721e+06 644218576
0.180351 4.30667e+07 7.76712e+06 811022928
0.22567 4.31773e+07 9.74384e+06 1021017232
0.283245 4.34441e+07 1.23053e+07 1285384400
0.355361 4.35329e+07 1.54699e+07 1618202912
0.445081 4.35781e+07 1.93958e+07 2037196656
0.558191 4.38529e+07 2.44783e+07 2564678416
0.698732 4.40183e+07 3.0757e+07 3228738592
0.874307 4.4061e+07 3.85229e+07 4064740928
1.09412 4.43798e+07 4.85571e+07 5117205536
