# filename: ./acpphint-WDK23_K78CW72-32768MiB-threads_8-LP64-FreeBSD_main_n262658_b347c2284603_64bit-clang++_16_O3lto_CA72-libc++-DSIZE_ul-ISIZE_ul-using_8_threads.txt
# acpphint_main version: 0.1.33

0.000192074 161396 31 3904
0.000206761 188624 39 4736
0.000210303 223487 47 5568
0.000196293 280193 55 6400
0.000199001 316581 63 7232
0.000201189 392666 79 8896
0.000205458 462382 95 10560
0.000215459 550143 118.533 13056
0.000211448 668934 141.445 15552
0.00020598 843419 173.727 18880
0.000199782 1.07199e+06 214.164 23040
0.000203584 1.28562e+06 261.732 28032
0.000196449 1.65921e+06 325.949 34688
0.000215041 1.88343e+06 405.014 43008
0.000214 2.38785e+06 511 53824
0.000209573 3.04906e+06 639 67136
0.000201813 3.94362e+06 795.875 83776
0.000209209 4.76384e+06 996.639 104576
0.000203948 6.13102e+06 1250.41 131200
0.000209677 7.49084e+06 1570.66 164480
0.000201084 9.83286e+06 1977.23 206912
0.000219677 1.13041e+07 2483.26 260160
0.00022202 1.4088e+07 3127.82 326720
0.000219261 1.79249e+07 3930.23 410752
0.000228427 2.15862e+07 4930.87 516416
0.000250873 2.48249e+07 6227.89 649536
0.000253686 3.08248e+07 7819.82 816768
0.000260143 3.77385e+07 9817.41 1028096
0.00028858 4.30173e+07 12413.9 1293504
0.00029785 5.23452e+07 15591 1627968
0.000346598 5.64452e+07 19563.8 2048960
0.000368263 6.72478e+07 24764.9 2578944
0.000452582 6.87003e+07 31092.5 3246208
0.000495392 7.87501e+07 39012.1 4086528
0.000593825 8.32187e+07 49417.3 5144000
0.000752516 8.24195e+07 62022 6475200
0.000907508 8.57218e+07 77793.3 8150848
0.00118817 8.29924e+07 98609.2 10260800
0.00150493 8.22137e+07 123726 12917376
0.00197022 7.87526e+07 155160 16261184
0.00263003 7.48258e+07 196794 20471104
0.00356373 6.92614e+07 246829 25770944
0.00480617 6.43906e+07 309472 32442752
0.00639594 6.1381e+07 392589 40842624
0.0081972 6.00727e+07 492428 51417344
0.0105919 5.82774e+07 617270 64730176
0.0135714 5.76893e+07 782923 81489984
0.0170972 5.74585e+07 982382 102589504
0.0218708 5.62914e+07 1.23114e+06 129151936
0.0275644 5.66396e+07 1.56124e+06 162591680
0.0348288 5.62644e+07 1.95962e+06 204690048
0.0439741 5.58321e+07 2.45516e+06 257689280
0.0555801 5.60052e+07 3.11277e+06 324410688
0.0699857 5.58424e+07 3.90817e+06 408408576
0.0883517 5.54018e+07 4.89484e+06 514155776
0.111031 5.58771e+07 6.20409e+06 647283264
0.140629 5.54e+07 7.79083e+06 814880512
0.176656 5.52114e+07 9.75343e+06 1025873216
0.222063 5.56452e+07 1.23567e+07 1291497536
0.278813 5.56539e+07 1.5517e+07 1625898304
0.351247 5.52689e+07 1.9413e+07 2046884480
0.4419 5.5615e+07 2.45763e+07 2576874304
0.555606 5.55258e+07 3.08505e+07 3244091712
0.699832 5.50899e+07 3.85537e+07 4084068928
0.881368 5.53036e+07 4.87428e+07 5141537600
1.10865 5.51303e+07 6.11202e+07 6472811648
