# filename: ./acpphint-WDK23_K78CW72-32768MiB-threads_8-LP64-FreeBSD_main_n262658_b347c2284603_64bit-clang++_16_O3lto_CA72-libc++-cpulockdown-DSIZE_ull-ISIZE_ull-using_1_threads-cpus_1.txt
# acpphint_main version: 0.1.33

9.59386e-08 1.04233e+07 1 280
1.39105e-07 1.43776e+07 2 384
1.8e-07 1.66667e+07 3 488
2.32644e-07 1.71936e+07 4 592
2.69316e-07 1.85656e+07 5 696
3.10047e-07 1.93519e+07 6 800
3.81321e-07 1.83572e+07 7 904
4.415e-07 2.03851e+07 9 1112
5.27658e-07 2.08468e+07 11 1320
6.59667e-07 2.12228e+07 14 1632
7.85542e-07 2.16411e+07 17 1944
9.713e-07 2.16205e+07 21 2360
1.19788e-06 2.17051e+07 26 2880
1.44525e-06 2.21415e+07 32 3504
1.7916e-06 2.23264e+07 40 4336
2.2135e-06 2.25887e+07 50 5376
2.75167e-06 2.28952e+07 63 6728
3.5415e-06 2.23069e+07 79 8392
4.34875e-06 2.27652e+07 99 10472
5.4165e-06 2.2893e+07 124 13072
6.9525e-06 2.2438e+07 156 16400
8.6195e-06 2.27391e+07 196 20560
1.1145e-05 2.21624e+07 247 25864
1.4167e-05 2.19524e+07 311 32520
1.8072e-05 2.16357e+07 391 40840
2.276e-05 2.16169e+07 492 51344
2.8905e-05 2.1415e+07 619 64552
3.6248e-05 2.14908e+07 779 81192
4.6872e-05 2.0908e+07 980 102096
5.7497e-05 2.1462e+07 1234 128512
7.2809e-05 2.13298e+07 1553 161688
9.1662e-05 2.13283e+07 1955 203496
0.000115724 2.12661e+07 2461 256120
0.00014593 2.12293e+07 3098 322368
0.000186345 2.09289e+07 3900 405776
0.00023827 2.06069e+07 4909.99 510816
0.000302902 2.04059e+07 6180.99 643000
0.000385346 2.01922e+07 7780.99 809400
0.00049008 1.99865e+07 9794.98 1018856
0.000622053 1.9823e+07 12331 1282600
0.000787461 1.97139e+07 15523.9 1614672
0.000998962 1.95632e+07 19542.9 2032648
0.00125452 1.96113e+07 24602.9 2558888
0.00159732 1.93905e+07 30972.8 3221368
0.00201574 1.93436e+07 38991.6 4055344
0.00252154 1.94672e+07 49087.4 5105328
0.00319495 1.93421e+07 61797.1 6427168
0.00406111 1.91568e+07 77797.6 8091272
0.00518907 1.88744e+07 97940.8 10186248
0.00668478 1.84448e+07 123299 12823688
0.00857953 1.80923e+07 155223 16143992
0.0110301 1.77162e+07 195412 20323960
0.0141062 1.74396e+07 246006 25586256
0.0180217 1.71848e+07 309699 32211160
0.0230178 1.69382e+07 389880 40551336
0.02925 1.67801e+07 490818 51051072
0.037072 1.66672e+07 617885 64269472
0.0470026 1.65489e+07 777842 80910408
0.059525 1.64502e+07 979199 101860064
0.0751278 1.64076e+07 1.23267e+06 128234152
0.0947808 1.63717e+07 1.55172e+06 161437192
0.119465 1.63506e+07 1.95331e+06 203237288
0.150244 1.63653e+07 2.45879e+06 255860560
0.189167 1.63611e+07 3.09497e+06 322109288
0.237842 1.6379e+07 3.89561e+06 405511464
0.298273 1.64384e+07 4.90313e+06 510508616
0.375541 1.64319e+07 6.17085e+06 642692200
0.470333 1.65112e+07 7.76575e+06 809101456
0.591179 1.65295e+07 9.77193e+06 1018598328
0.740478 1.6604e+07 1.22949e+07 1282339208
0.927426 1.66772e+07 1.54669e+07 1614369296
1.16406 1.67118e+07 1.94535e+07 2032370464
