# filename: ./acpphint-WDK23_K78CW72-32768MiB-threads_8-LP64-FreeBSD_main_n262658_b347c2284603_64bit-clang++_16_O3lto_CA72-libc++-DSIZE_ull-ISIZE_ull-using_8_threads-cpus_0_1_2_3_4_5_6_7.txt
# acpphint_main version: 0.1.33

0.000225405 137530 31 3904
0.000196969 198001 39 4736
0.000207074 226972 47 5568
0.000228166 241053 55 6400
0.00020775 303249 63 7232
0.000199418 396153 79 8896
0.000206813 459352 95 10560
0.000195355 606759 118.533 13056
0.000214677 658872 141.445 15552
0.000204053 851384 173.727 18880
0.000214782 997124 214.164 23040
0.00020624 1.26906e+06 261.732 28032
0.000199574 1.63322e+06 325.949 34688
0.000217594 1.86133e+06 405.014 43008
0.000203115 2.51582e+06 511 53824
0.000208272 3.0681e+06 639 67136
0.000211553 3.76206e+06 795.875 83776
0.000216656 4.6001e+06 996.639 104576
0.000212489 5.88458e+06 1250.41 131200
0.000213532 7.35561e+06 1570.66 164480
0.000213531 9.25969e+06 1977.23 206912
0.000232332 1.06884e+07 2483.26 260160
0.000220614 1.41778e+07 3127.82 326720
0.000227645 1.72647e+07 3930.23 410752
0.000236707 2.08311e+07 4930.87 516416
0.00024754 2.51591e+07 6227.89 649536
0.000257332 3.0388e+07 7819.82 816768
0.000270664 3.62716e+07 9817.41 1028096
0.000293371 4.23148e+07 12413.9 1293504
0.000318578 4.89394e+07 15591 1627968
0.000333942 5.85844e+07 19563.8 2048960
0.000381283 6.49514e+07 24764.9 2578944
0.00043675 7.11906e+07 31092.5 3246208
0.000495861 7.86756e+07 39012.1 4086528
0.000605647 8.15943e+07 49417.3 5144000
0.000737725 8.40719e+07 62022 6475200
0.000952766 8.16499e+07 77793.3 8150848
0.00115302 8.55228e+07 98609.2 10260800
0.00151206 8.18257e+07 123726 12917376
0.00196428 7.89907e+07 155160 16261184
0.0026481 7.43151e+07 196794 20471104
0.00359347 6.86882e+07 246829 25770944
0.00489143 6.32683e+07 309472 32442752
0.00641078 6.12388e+07 392589 40842624
0.00823892 5.97685e+07 492428 51417344
0.0105558 5.84767e+07 617270 64730176
0.0134744 5.81043e+07 782923 81489984
0.0171433 5.73041e+07 982382 102589504
0.0217061 5.67185e+07 1.23114e+06 129151936
0.0275388 5.66922e+07 1.56124e+06 162591680
0.0348339 5.62561e+07 1.95962e+06 204690048
0.0443634 5.53421e+07 2.45516e+06 257689280
0.0553234 5.6265e+07 3.11277e+06 324410688
0.0700606 5.57827e+07 3.90817e+06 408408576
0.0887544 5.51504e+07 4.89484e+06 514155776
0.111337 5.57233e+07 6.20409e+06 647283264
0.139932 5.5676e+07 7.79083e+06 814880512
0.176585 5.52335e+07 9.75343e+06 1025873216
0.222104 5.56349e+07 1.23567e+07 1291497536
0.27908 5.56007e+07 1.5517e+07 1625898304
0.351172 5.52807e+07 1.9413e+07 2046884480
0.441658 5.56455e+07 2.45763e+07 2576874304
0.555992 5.54872e+07 3.08505e+07 3244091712
0.701549 5.49551e+07 3.85537e+07 4084068928
0.881787 5.52773e+07 4.87428e+07 5141537600
1.10958 5.5084e+07 6.11202e+07 6472811648
