# filename: ./acpphint-WDK23_K78CW72-32768MiB-threads_8-LP64-FreeBSD_main_n262658_b347c2284603_64bit-clang++_16_O3lto_CA72-libc++-DSIZE_ul-ISIZE_ul-using_2_threads-cpus_2_3.txt
# acpphint_main version: 0.1.33

9.2964e-05 75298 7 976
6.9112e-05 130223 9 1184
9.7131e-05 113249 11 1392
6.8487e-05 189817 13 1600
9.1559e-05 163829 15 1808
8.6245e-05 220303 19 2224
8.4788e-05 271265 23 2640
9.7339e-05 297244 28.9334 3264
9.0256e-05 385331 34.7785 3888
9.7756e-05 438015 42.8186 4720
9.5881e-05 551543 52.8825 5760
9.3902e-05 690229 64.8139 7008
9.1558e-05 883008 80.8465 8672
0.000101193 995273 100.715 10752
8.5256e-05 1.48963e+06 127 13456
9.7079e-05 1.63784e+06 159 16784
0.000105984 1.87338e+06 198.548 20944
9.7026e-05 2.56291e+06 248.668 26144
0.000100829 3.09801e+06 312.369 32800
0.000105203 3.72963e+06 392.369 41120
0.000112234 4.40319e+06 494.187 51728
9.8276e-05 6.32282e+06 621.382 65040
9.7547e-05 8.01618e+06 781.955 81680
0.000123952 7.93207e+06 983.196 102688
0.00011963 1.03244e+07 1235.11 129104
0.000137129 1.1357e+07 1557.38 162384
0.000152545 1.283e+07 1957.15 204192
0.000169523 1.45141e+07 2460.47 257024
0.000187179 1.65858e+07 3104.51 323376
0.000210511 1.85409e+07 3903.07 406992
0.000237749 2.06302e+07 4904.82 512240
0.000273215 2.26678e+07 6193.19 644736
0.000296287 2.62744e+07 7784.78 811552
0.000370295 2.64191e+07 9782.87 1021632
0.000432688 2.85599e+07 12357.5 1286000
0.000520339 2.98459e+07 15530 1618800
0.000627314 3.1103e+07 19511.4 2037712
0.000754182 3.2693e+07 24656.5 2565200
0.000919643 3.36892e+07 30982 3229344
0.00113083 3.44187e+07 38921.7 4065296
0.00139124 3.53659e+07 49202.3 5117776
0.00174012 3.55212e+07 61811.3 6442736
0.00215682 3.59986e+07 77642.6 8110688
0.002717 3.61291e+07 98162.9 10210656
0.00346629 3.55775e+07 123322 12854336
0.00441629 3.50726e+07 154891 16182544
0.00565691 3.46145e+07 195811 20372496
0.0072071 3.41397e+07 246048 25647376
0.00919356 3.36097e+07 308992 32287984
0.0116982 3.33889e+07 390591 40647920
0.0148629 3.30281e+07 490894 51172512
0.0187983 3.27898e+07 616392 64422320
0.0237938 3.27437e+07 779097 81102672
0.0300466 3.25943e+07 979346 102102144
0.0379777 3.23751e+07 1.22953e+06 128538944
0.0479242 3.24243e+07 1.55391e+06 161820816
0.0603592 3.23664e+07 1.95361e+06 203720128
0.0760417 3.22487e+07 2.45225e+06 256468304
0.0955985 3.24142e+07 3.09874e+06 322874384
0.120206 3.2413e+07 3.89624e+06 406474576
0.15092 3.23982e+07 4.88954e+06 511721120
0.18935 3.26232e+07 6.17721e+06 644218576
0.237244 3.27389e+07 7.76712e+06 811022928
0.297526 3.27496e+07 9.74384e+06 1021017232
0.372798 3.3008e+07 1.23053e+07 1285384400
0.467025 3.31243e+07 1.54699e+07 1618202912
0.586085 3.30938e+07 1.93958e+07 2037196656
0.73353 3.33705e+07 2.44783e+07 2564678416
0.919459 3.34512e+07 3.0757e+07 3228738592
1.15347 3.33974e+07 3.85229e+07 4064740928
