# filename: ./acpphint-WDK23_K78CW72-32768MiB-threads_8-LP64-FreeBSD_main_n262658_b347c2284603_64bit-clang++_16_O3lto_CA72-libc++-DSIZE_ul-ISIZE_ul-using_1_threads-cpus_1.txt
# acpphint_main version: 0.1.33

9.49664e-08 1.053e+07 1 280
1.37127e-07 1.45851e+07 2 384
1.80085e-07 1.66588e+07 3 488
2.28277e-07 1.75226e+07 4 592
2.72436e-07 1.83529e+07 5 696
3.10941e-07 1.92963e+07 6 800
3.52897e-07 1.98358e+07 7 904
4.37022e-07 2.05939e+07 9 1112
5.19447e-07 2.11764e+07 11 1320
6.47533e-07 2.16205e+07 14 1632
7.89231e-07 2.154e+07 17 1944
9.687e-07 2.16785e+07 21 2360
1.17181e-06 2.21878e+07 26 2880
1.40621e-06 2.27561e+07 32 3504
1.7708e-06 2.25887e+07 40 4336
2.2265e-06 2.24568e+07 50 5376
2.80367e-06 2.24706e+07 63 6728
3.4765e-06 2.2724e+07 79 8392
4.36175e-06 2.26973e+07 99 10472
5.3645e-06 2.31149e+07 124 13072
6.7185e-06 2.32195e+07 156 16400
8.463e-06 2.31596e+07 196 20560
1.1406e-05 2.16553e+07 247 25864
1.4166e-05 2.1954e+07 311 32520
1.8176e-05 2.15119e+07 391 40840
2.2915e-05 2.14706e+07 492 51344
2.8801e-05 2.14923e+07 619 64552
3.6509e-05 2.13372e+07 779 81192
4.6456e-05 2.10952e+07 980 102096
5.8539e-05 2.108e+07 1234 128512
7.2601e-05 2.13909e+07 1553 161688
9.161e-05 2.13405e+07 1955 203496
0.000116036 2.12089e+07 2461 256120
0.000146139 2.1199e+07 3098 322368
0.000185512 2.10229e+07 3900 405776
0.000238218 2.06113e+07 4909.99 510816
0.000302642 2.04234e+07 6180.99 643000
0.00038446 2.02387e+07 7780.99 809400
0.000491538 1.99272e+07 9794.98 1018856
0.000621844 1.98297e+07 12331 1282600
0.000790117 1.96477e+07 15523.9 1614672
0.000993493 1.96709e+07 19542.9 2032648
0.00125437 1.96138e+07 24602.9 2558888
0.00159398 1.9431e+07 30972.8 3221368
0.00199995 1.94963e+07 38991.6 4055344
0.00253753 1.93446e+07 49087.4 5105328
0.00320385 1.92884e+07 61797.1 6427168
0.00405136 1.92028e+07 77797.6 8091272
0.00517157 1.89383e+07 97940.8 10186248
0.00665806 1.85188e+07 123299 12823688
0.00855656 1.81409e+07 155223 16143992
0.0109643 1.78226e+07 195412 20323960
0.0140963 1.74518e+07 246006 25586256
0.0180163 1.71899e+07 309699 32211160
0.0230111 1.69431e+07 389880 40551336
0.0292659 1.6771e+07 490818 51051072
0.0371314 1.66405e+07 617885 64269472
0.0469819 1.65562e+07 777842 80910408
0.0596549 1.64144e+07 979199 101860064
0.0753046 1.63691e+07 1.23267e+06 128234152
0.0950165 1.6331e+07 1.55172e+06 161437192
0.119715 1.63164e+07 1.95331e+06 203237288
0.150738 1.63116e+07 2.45879e+06 255860560
0.18988 1.62996e+07 3.09497e+06 322109288
0.239339 1.62765e+07 3.89561e+06 405511464
0.300364 1.6324e+07 4.90313e+06 510508616
0.377622 1.63413e+07 6.17085e+06 642692200
0.471351 1.64755e+07 7.76575e+06 809101456
0.591333 1.65253e+07 9.77193e+06 1018598328
0.742297 1.65633e+07 1.22949e+07 1282339208
0.929745 1.66356e+07 1.54669e+07 1614369296
1.16789 1.6657e+07 1.94535e+07 2032370464
