# filename: ./acpphint-WDK23_K78CW72-32768MiB-threads_8-LP64-FreeBSD_main_n262658_b347c2284603_64bit-clang++_16_O3lto_CA72-libc++-DSIZE_ul-ISIZE_ul-using_2_threads-cpus_2_6.txt
# acpphint_main version: 0.1.33

7.6403e-05 91619.4 7 976
7.6819e-05 117159 9 1184
7.5934e-05 144863 11 1392
7.6247e-05 170499 13 1600
7.5673e-05 198221 15 1808
7.734e-05 245668 19 2224
7.6195e-05 301857 23 2640
7.557e-05 382869 28.9334 3264
7.6559e-05 454270 34.7785 3888
6.6871e-05 640316 42.8186 4720
6.7132e-05 787739 52.8825 5760
6.7913e-05 954367 64.8139 7008
6.7445e-05 1.1987e+06 80.8465 8672
6.7965e-05 1.48186e+06 100.715 10752
6.8487e-05 1.85437e+06 127 13456
6.8955e-05 2.30585e+06 159 16784
6.9007e-05 2.87721e+06 198.548 20944
7.0934e-05 3.50563e+06 248.668 26144
7.1768e-05 4.35249e+06 312.369 32800
7.333e-05 5.35072e+06 392.369 41120
8.2965e-05 5.95658e+06 494.187 51728
7.9423e-05 7.8237e+06 621.382 65040
8.6714e-05 9.01763e+06 781.955 81680
9.2079e-05 1.06777e+07 983.196 102688
9.2756e-05 1.33157e+07 1235.11 129104
9.8016e-05 1.5889e+07 1557.38 162384
0.000112338 1.7422e+07 1957.15 204192
0.000123171 1.99761e+07 2460.47 257024
0.000135462 2.29179e+07 3104.51 323376
0.000157388 2.4799e+07 3903.07 406992
0.000184314 2.66112e+07 4904.82 512240
0.000216552 2.85991e+07 6193.19 644736
0.000263217 2.95755e+07 7784.78 811552
0.000317954 3.07682e+07 9782.87 1021632
0.000382064 3.23442e+07 12357.5 1286000
0.000467894 3.31912e+07 15530 1618800
0.00057341 3.40269e+07 19511.4 2037712
0.00071033 3.47113e+07 24656.5 2565200
0.000875009 3.54076e+07 30982 3229344
0.00108724 3.57987e+07 38921.7 4065296
0.00135134 3.641e+07 49202.3 5117776
0.00168778 3.66228e+07 61811.3 6442736
0.00212271 3.65771e+07 77642.6 8110688
0.00269502 3.64238e+07 98162.9 10210656
0.00344645 3.57824e+07 123322 12854336
0.0044115 3.51107e+07 154891 16182544
0.00562358 3.48197e+07 195811 20372496
0.0072122 3.41155e+07 246048 25647376
0.00916893 3.37e+07 308992 32287984
0.0116833 3.34316e+07 390591 40647920
0.014854 3.3048e+07 490894 51172512
0.0187744 3.28314e+07 616392 64422320
0.0237675 3.27799e+07 779097 81102672
0.0300538 3.25864e+07 979346 102102144
0.0379351 3.24115e+07 1.22953e+06 128538944
0.0478955 3.24438e+07 1.55391e+06 161820816
0.0602372 3.2432e+07 1.95361e+06 203720128
0.075833 3.23375e+07 2.45225e+06 256468304
0.0955254 3.24389e+07 3.09874e+06 322874384
0.120096 3.24427e+07 3.89624e+06 406474576
0.150883 3.24062e+07 4.88954e+06 511721120
0.189535 3.25914e+07 6.17721e+06 644218576
0.237581 3.26925e+07 7.76712e+06 811022928
0.297619 3.27393e+07 9.74384e+06 1021017232
0.373433 3.29519e+07 1.23053e+07 1285384400
0.467433 3.30954e+07 1.54699e+07 1618202912
0.586857 3.30502e+07 1.93958e+07 2037196656
0.735567 3.32781e+07 2.44783e+07 2564678416
0.919718 3.34418e+07 3.0757e+07 3228738592
1.15236 3.34295e+07 3.85229e+07 4064740928
