# filename: ./acpphint-ThreadRipper1950X-131072MiB-threads_32-LP64-Fedora_32-g++_10_O3lto-libstdc++-cpulockdown-DSIZE_ld-ISIZE_ul-using_4_threads-cpus_kx8_kx8p1_0_8.txt
# acpphint_main version: 0.1.23

0.000181808 82504.6 15 3360
0.000173402 109572 19 4128
0.000155468 147940 23 4896
0.00017757 152053 27 5664
0.000159866 193912 31 6432
0.000154877 251813 39 7968
0.000178181 263777 47 9504
0.000201696 291528 58.8001 11808
0.000159856 439983 70.3339 14112
0.000193521 446746 86.4548 17184
0.000159826 667249 106.644 21024
0.000164966 790777 130.451 25632
0.000203539 798600 162.546 31776
0.000162982 1.2403e+06 202.147 39456
0.000167431 1.52302e+06 255 49440
0.000189884 1.67997e+06 319 61728
0.000154726 2.57006e+06 397.655 77088
0.000225802 2.20544e+06 497.994 96288
0.000223247 2.79985e+06 625.057 120864
0.000209581 3.74618e+06 785.128 151584
0.00022996 4.29874e+06 988.539 190752
0.000232155 5.34999e+06 1242.03 239904
0.000234759 6.66174e+06 1563.9 301344
0.00027171 7.23399e+06 1965.55 378912
0.000258434 9.54625e+06 2467.08 476448
0.00029786 1.04553e+07 3114.21 599328
0.000364998 1.07162e+07 3911.39 753696
0.000427589 1.14897e+07 4912.88 948768
0.000405546 1.53069e+07 6207.64 1193760
0.000541036 1.44151e+07 7799.09 1502496
0.00054344 1.80174e+07 9791.35 1891104
0.00069466 1.78271e+07 12383.8 2380320
0.00079953 1.94541e+07 15554.1 2996256
0.000928998 2.10188e+07 19526.4 3771936
0.00115301 2.14318e+07 24711 4748064
0.00141644 2.19054e+07 31027.7 5976864
0.00152168 2.559e+07 38939.8 7523616
0.00213841 2.30583e+07 49308.1 9471264
0.00150016 4.12608e+07 61897.9 11923488
0.00191013 4.06628e+07 77671 15010080
0.00223839 4.39612e+07 98402.6 18896160
0.00288512 4.2802e+07 123489 23788320
0.00343963 4.50425e+07 154930 29946912
0.00429437 4.57151e+07 196318 37700640
0.00545272 4.51843e+07 246377 47461920
0.00673224 4.59066e+07 309054 59750688
0.00861242 4.54653e+07 391566 75221280
0.0106491 4.61608e+07 491572 94697760
0.0134139 4.59604e+07 616508 119216928
0.0168651 4.6309e+07 781008 150084384
0.0211853 4.62955e+07 980783 188944416
0.026428 4.65351e+07 1.22983e+06 237866784
0.0333901 4.66542e+07 1.55779e+06 299455776
0.0419242 4.66763e+07 1.95687e+06 376992288
0.0526844 4.65659e+07 2.4533e+06 474605088
0.0664296 4.67733e+07 3.10713e+06 597492000
0.0836796 4.66579e+07 3.90432e+06 752197152
0.105213 4.65136e+07 4.89384e+06 946959648
0.132024 4.69405e+07 6.19727e+06 1192151328
0.167081 4.66214e+07 7.78956e+06 1500828960
0.209661 4.65597e+07 9.76177e+06 1889431584
0.263803 4.68527e+07 1.23599e+07 2378652960
0.333116 4.66499e+07 1.55398e+07 2994545952
0.419248 4.64401e+07 1.94699e+07 3769909536
0.527851 4.66942e+07 2.46476e+07 4746034464
0.666824 4.64831e+07 3.09961e+07 5974902816
0.836542 4.64109e+07 3.88247e+07 7521956640
1.05322 4.6655e+07 4.91379e+07 9469581600
