# filename: ./acpphint-ThreadRipper1950X-131072MiB-threads_32-LP64-Fedora_32-g++_10_O3lto-libstdc++-DSIZE_ull-ISIZE_ull-using_8_threads-cpus_kx2s_0_14.txt
# acpphint_main version: 0.1.23

0.000384866 80547.5 31 3904
0.000332106 117432 39 4736
0.000331685 141701 47 5568
0.000347495 158276 55 6400
0.000378294 166537 63 7232
0.000338849 233142 79 8896
0.000353557 268698 95 10560
0.000374226 316743 118.533 13056
0.00040256 351363 141.445 15552
0.00038665 449314 173.727 18880
0.000363256 589568 214.164 23040
0.000353306 740807 261.732 28032
0.000340973 955938 325.949 34688
0.000384085 1.05449e+06 405.014 43008
0.000373435 1.36838e+06 511 53824
0.000411247 1.55381e+06 639 67136
0.000380558 2.09134e+06 795.875 83776
0.000368375 2.7055e+06 996.639 104576
0.000358887 3.48413e+06 1250.41 131200
0.000345482 4.54628e+06 1570.66 164480
0.000348787 5.66888e+06 1977.23 206912
0.000366972 6.76688e+06 2483.26 260160
0.000344569 9.07749e+06 3127.82 326720
0.000357505 1.09935e+07 3930.23 410752
0.000389225 1.26684e+07 4930.87 516416
0.000409244 1.5218e+07 6227.89 649536
0.000391349 1.99817e+07 7819.82 816768
0.000401749 2.44367e+07 9817.41 1028096
0.000388153 3.19821e+07 12413.9 1293504
0.000388143 4.01682e+07 15591 1627968
0.00039177 4.9937e+07 19563.8 2048960
0.000417098 5.93742e+07 24764.9 2578944
0.000482273 6.44708e+07 31092.5 3246208
0.000502522 7.76327e+07 39012.1 4086528
0.000471823 1.04737e+08 49417.3 5144000
0.000564881 1.09797e+08 62022 6475200
0.000628863 1.23705e+08 77793.3 8150848
0.000729858 1.35107e+08 98609.2 10260800
0.000784652 1.57682e+08 123726 12917376
0.000741289 2.09311e+08 155160 16261184
0.00109583 1.79585e+08 196794 20471104
0.00104344 2.36554e+08 246829 25770944
0.00121308 2.55112e+08 309472 32442752
0.00202941 1.9345e+08 392589 40842624
0.00236224 2.08458e+08 492428 51417344
0.00312587 1.97471e+08 617270 64730176
0.00427183 1.83276e+08 782923 81489984
0.00565837 1.73616e+08 982382 102589504
0.00748201 1.64546e+08 1.23114e+06 129151936
0.00974511 1.60207e+08 1.56124e+06 162591680
0.0125885 1.55667e+08 1.95962e+06 204690048
0.0160699 1.5278e+08 2.45516e+06 257689280
0.0205254 1.51655e+08 3.11277e+06 324410688
0.0260195 1.50202e+08 3.90817e+06 408408576
0.0330531 1.4809e+08 4.89484e+06 514155776
0.0419474 1.47902e+08 6.20409e+06 647283264
0.0529738 1.4707e+08 7.79083e+06 814880512
0.0668926 1.45807e+08 9.75343e+06 1025873216
0.0844757 1.46275e+08 1.23567e+07 1291497536
0.106689 1.45441e+08 1.5517e+07 1625898304
0.134485 1.44351e+08 1.9413e+07 2046884480
0.16961 1.44899e+08 2.45763e+07 2576874304
0.213495 1.44502e+08 3.08505e+07 3244091712
0.269176 1.43229e+08 3.85537e+07 4084068928
0.339185 1.43706e+08 4.87428e+07 5141537600
0.427412 1.43001e+08 6.11202e+07 6472811648
0.538296 1.41615e+08 7.62307e+07 8148786624
0.677657 1.4187e+08 9.61392e+07 10258713664
0.8535 1.40894e+08 1.20253e+08 12914954368
1.07437 1.39093e+08 1.49437e+08 16258963712
