# filename: ./acpphint-ThreadRipper1950X-131072MiB-threads_32-LP64-Fedora_32-g++_10_O3lto-libstdc++-DSIZE_ui-ISIZE_ui-using_8_threads-cpus_kx2s_0_6_16_22.txt
# acpphint_main version: 0.1.23

0.000226323 136908 30.9854 2240
0.00027153 143544 38.9766 2656
0.000225932 207877 46.9661 3072
0.000210743 260763 54.9539 3488
0.000229118 274703 62.9395 3904
0.000234028 337158 78.9044 4736
0.00023534 403085 94.8621 5568
0.000229049 516574 118.321 6816
0.000221474 637270 141.139 8064
0.000228448 758445 173.265 9728
0.00027708 770421 213.468 11808
0.000225662 1.15522e+06 260.69 14304
0.000230701 1.40585e+06 324.332 17632
0.000221444 1.8178e+06 402.541 21792
0.000211916 2.39268e+06 507.046 27200
0.000240831 2.62768e+06 632.826 33856
0.000233727 3.36431e+06 786.33 42176
0.000231774 4.2358e+06 981.747 52576
0.000221213 5.54673e+06 1227.01 65888
0.000221885 6.91335e+06 1533.97 82528
0.000241001 7.96411e+06 1919.36 103744
0.00024041 9.95209e+06 2392.58 130368
0.00021972 1.35871e+07 2985.37 163648
0.000222816 1.66422e+07 3708.16 205664
0.00024023 1.90897e+07 4585.92 258496
0.000231914 2.45245e+07 5687.58 325056
0.00023524 2.97014e+07 6986.96 408672
0.000254768 3.35157e+07 8538.72 514336
0.000275176 3.79305e+07 10437.6 647040
0.000269817 4.66818e+07 12595.5 814272
