# filename: ./acpphint-ThreadRipper1950X-131072MiB-threads_32-LP64-Fedora_32-g++_10_O3lto-libstdc++-DSIZE_ull-ISIZE_ull-using_4_threads-cpus_kx2s_0_6.txt
# acpphint_main version: 0.1.23

0.000162501 92307.1 15 1952
0.000175466 108283 19 2368
0.000173021 132932 23 2784
0.00016166 167017 27 3200
0.000166759 185897 31 3616
0.00017267 225864 39 4448
0.000176148 266821 47 5280
0.000184093 319404 58.8001 6528
0.000173301 405848 70.3339 7776
0.000154796 558508 86.4548 9440
0.000157611 676626 106.644 11520
0.000147723 883081 130.451 14016
0.000154105 1.05478e+06 162.546 17344
0.000156891 1.28846e+06 202.147 21504
0.000165817 1.53784e+06 255 26912
0.00016199 1.96926e+06 319 33568
0.000155127 2.56341e+06 397.655 41888
0.000129127 3.85662e+06 497.994 52288
0.000190374 3.28331e+06 625.057 65600
0.000155398 5.05237e+06 785.128 82240
0.000173933 5.68345e+06 988.539 103456
0.000161689 7.68157e+06 1242.03 130080
0.000192118 8.14033e+06 1563.9 163360
0.000178932 1.09849e+07 1965.55 205376
0.000166368 1.4829e+07 2467.07 258208
0.000161779 1.92497e+07 3114.2 324768
0.000174854 2.23694e+07 3911.39 408384
0.000185034 2.65512e+07 4912.88 514048
0.000207206 2.99588e+07 6207.63 646752
0.000181156 4.30517e+07 7799.08 813984
0.000213588 4.58421e+07 9791.33 1024480
0.000228037 5.43059e+07 12383.7 1289472
0.000230983 6.73386e+07 15554.1 1623104
0.000237976 8.20518e+07 19526.4 2043264
0.000295866 8.35204e+07 24710.8 2572000
0.00031394 9.88325e+07 31027.5 3237600
0.00036569 1.06482e+08 38939.5 4075424
0.000501369 9.83459e+07 49307.6 5130400
0.000560954 1.10342e+08 61897.1 6458688
0.000697575 1.11343e+08 77669.8 8130592
0.000656336 1.49924e+08 98400.6 10235552
0.00108614 1.13693e+08 123486 12885472
0.000999834 1.5495e+08 154925 16221376
0.00115278 1.70293e+08 196309 20421312
0.00146709 1.67928e+08 246365 25708672
0.0019574 1.5788e+08 309034 32365088
0.00252364 1.55147e+08 391534 40744992
0.00330093 1.48904e+08 491521 51294752
0.00428671 1.438e+08 616428 64575968
0.00553152 1.41169e+08 780880 81295840
0.00705207 1.39049e+08 980581 102345024
0.00894852 1.37398e+08 1.22951e+06 128844640
0.0114109 1.36473e+08 1.55728e+06 162205344
0.0144707 1.35174e+08 1.95606e+06 204204288
0.0183353 1.33733e+08 2.45204e+06 257077888
0.0232478 1.33566e+08 3.10511e+06 323641632
0.0295428 1.3205e+08 3.90112e+06 407440256
0.0370096 1.32096e+08 4.88881e+06 512936608
0.0468867 1.32004e+08 6.18922e+06 645748768
0.0590052 1.31799e+08 7.77683e+06 812949152
0.0746814 1.30445e+08 9.7418e+06 1023442240
0.0935408 1.31792e+08 1.23279e+07 1288437152
0.117828 1.31457e+08 1.54893e+07 1622045856
0.148331 1.30725e+08 1.93906e+07 2042034464
0.187063 1.31082e+08 2.45206e+07 2570768800
0.235386 1.3083e+08 3.07956e+07 3236405824
0.296615 1.29834e+08 3.85106e+07 4074393312
0.372925 1.30417e+08 4.86359e+07 5129356832
0.470029 1.29805e+08 6.10123e+07 6457477184
0.590989 1.2885e+08 7.61488e+07 8129481856
0.744118 1.28926e+08 9.59359e+07 10234411072
0.93692 1.28126e+08 1.20044e+08 12884359776
1.1784 1.26683e+08 1.49284e+08 16220447648
