# filename: ./acpphint-ThreadRipper1950X-131072MiB-threads_32-LP64-Fedora_32-g++_10_O3lto-libstdc++-DSIZE_d-ISIZE_ui-using_4_threads-cpus_kx8_kx8p1_0_8.txt
# acpphint_main version: 0.1.23

8.0243e-05 186932 15 1824
0.000124198 152977 18.9994 2208
0.000118777 193631 22.9989 2592
0.00014119 191224 26.9989 2976
0.000115421 268569 30.9985 3360
0.00015119 257941 38.9981 4128
0.00016215 289842 46.9978 4896
0.00016194 363071 58.7958 6048
0.000157241 447253 70.3266 7200
0.000168843 511989 86.4457 8736
0.000156029 683416 106.633 10656
0.000118757 1.09832e+06 130.433 12960
0.000117565 1.38232e+06 162.513 16032
0.000158724 1.27328e+06 202.101 19872
0.000163903 1.55532e+06 254.922 24864
0.000157973 2.0186e+06 318.884 31008
0.000119879 3.31555e+06 397.465 38688
0.000111413 4.46714e+06 497.697 48288
0.000145289 4.29899e+06 624.596 60576
0.000117745 6.66217e+06 784.438 75936
0.000116222 8.49445e+06 987.242 95520
0.00015666 7.91467e+06 1239.91 120096
0.000113848 1.37073e+07 1560.55 150816
0.00010979 1.78538e+07 1960.17 189600
0.000126312 1.94654e+07 2458.71 238368
0.000153624 2.01831e+07 3100.6 299808
0.000186287 2.08782e+07 3889.33 376992
0.000140639 3.46855e+07 4878.14 474528
0.000121633 5.05795e+07 6152.14 597024
0.000148374 5.19754e+07 7711.8 751392
0.000168583 5.72583e+07 9652.77 945696
0.000144327 8.42792e+07 12163.8 1190304
0.000196937 7.72248e+07 15208.4 1498272
