# filename: ./acpphint-ThreadRipper1950X-131072MiB-threads_32-LP64-Fedora_32-g++_10_O3lto-libstdc++-DSIZE_d-ISIZE_ul-using_4_threads-cpus_kx8_kx8p1_0_8.txt
# acpphint_main version: 0.1.23

0.000118056 127058 15 1952
0.000160637 118279 19 2368
0.000154135 149220 23 2784
0.000110581 244165 27 3200
0.000154475 200680 31 3616
0.000164905 236500 39 4448
0.000110251 426300 47 5280
0.000116312 505537 58.8001 6528
0.000106123 662758 70.3338 7776
0.000114379 755863 86.4548 9440
0.00010971 972051 106.644 11520
8.7738e-05 1.48683e+06 130.451 14016
0.000118257 1.37452e+06 162.546 17344
8.0595e-05 2.50819e+06 202.147 21504
0.000141331 1.80427e+06 255 26912
0.000110822 2.87849e+06 319 33568
0.000145799 2.72742e+06 397.655 41888
0.000110031 4.52594e+06 497.994 52288
9.1976e-05 6.79587e+06 625.057 65600
0.000146861 5.34606e+06 785.127 82240
0.000123867 7.98064e+06 988.538 103456
0.000150699 8.24176e+06 1242.02 130080
0.000108407 1.44262e+07 1563.9 163360
0.000121372 1.61944e+07 1965.54 205376
0.000111293 2.21673e+07 2467.07 258208
0.000119719 2.60126e+07 3114.2 324768
0.000129979 3.00924e+07 3911.38 408384
0.000142723 3.44223e+07 4912.86 514048
0.000128837 4.81819e+07 6207.61 646752
0.00012515 6.23175e+07 7799.04 813984
0.000159666 6.13234e+07 9791.26 1024480
0.00017259 7.17517e+07 12383.6 1289472
0.00019327 8.04776e+07 15553.9 1623104
0.000218097 8.95293e+07 19526.1 2043264
0.000261391 9.45341e+07 24710.4 2572000
0.000294143 1.05482e+08 31026.7 3237600
0.000358797 1.08525e+08 38938.4 4075424
0.000429813 1.14714e+08 49305.7 5130400
0.000486721 1.27165e+08 61894.1 6458688
0.000666817 1.16471e+08 77665.1 8130592
0.000662488 1.48521e+08 98393.2 10235552
0.000769141 1.60535e+08 123474 12885472
0.000957453 1.6179e+08 154906 16221376
0.00116451 1.68552e+08 196280 20421312
0.00180015 1.36832e+08 246318 25708672
0.00202755 1.52381e+08 308961 32365088
0.00257697 1.5189e+08 391417 40744992
0.0035376 1.3889e+08 491336 51294752
0.00422911 1.4569e+08 616138 64575968
0.00539752 1.44588e+08 780415 81295840
0.00695491 1.40886e+08 979847 102345024
0.00900893 1.36349e+08 1.22836e+06 128844640
0.0111062 1.40051e+08 1.55543e+06 162205344
0.0141128 1.38395e+08 1.95315e+06 204204288
0.0181161 1.35099e+08 2.44746e+06 257077888
0.0231761 1.33662e+08 3.09776e+06 323641632
0.0285237 1.36361e+08 3.88952e+06 407440256
0.0363457 1.34008e+08 4.87062e+06 512936608
0.0453407 1.35862e+08 6.16009e+06 645748768
0.0575725 1.3428e+08 7.73084e+06 812949152
0.0724766 1.33419e+08 9.66976e+06 1023442240
0.0914114 1.33601e+08 1.22127e+07 1288437152
0.11514 1.3295e+08 1.53079e+07 1622045856
