# filename: ./acpphint-ThreadRipper1950X-131072MiB-threads_32-LP64-Fedora_32-g++_10_O3lto-libstdc++-cpulockdown-DSIZE_us-ISIZE_s-using_1_threads.txt
# acpphint_main version: 0.1.23

4.96667e-08 2.01342e+07 1 124
7.075e-08 2.79777e+07 1.97942 150
9.1e-08 3.24866e+07 2.95628 176
1.12444e-07 3.47592e+07 3.90847 202
1.315e-07 3.6976e+07 4.86235 228
1.545e-07 3.77358e+07 5.83019 254
1.70333e-07 3.95889e+07 6.74332 280
2.205e-07 3.88107e+07 8.55776 332
2.58e-07 4.01429e+07 10.3569 384
3.10667e-07 4.18144e+07 12.9903 462
3.7575e-07 4.12546e+07 15.5014 540
4.5575e-07 4.11803e+07 18.7679 644
5.56e-07 4.08952e+07 22.7377 774
6.815e-07 3.98898e+07 27.1849 930
8.515e-07 3.83728e+07 32.6744 1138
1.092e-06 3.59178e+07 39.2222 1398
1.292e-06 3.61229e+07 46.6708 1736
1.623e-06 3.3781e+07 54.8265 2152
2.004e-06 3.19754e+07 64.0787 2672
2.445e-06 3.02566e+07 73.9773 3322
