# filename: ./acpphint-ThreadRipper1950X-131072MiB-threads_32-LP64-Fedora_32-g++_10_O3lto-libstdc++-DSIZE_ld-ISIZE_ul-using_4_threads-cpus_kx16_kx16p2_0_16.txt
# acpphint_main version: 0.1.23

0.000110381 135893 15 3360
0.00010448 181853 19 4128
0.000105171 218691 23 4896
0.000107265 251713 27 5664
0.000107235 289085 31 6432
0.000108468 359553 39 7968
0.000107716 436333 47 9504
0.00010983 535373 58.8001 11808
0.000108147 650354 70.3339 14112
0.00010985 787026 86.4548 17184
0.000109129 977226 106.644 21024
0.000108508 1.20223e+06 130.451 25632
0.000111294 1.46051e+06 162.546 31776
0.000110602 1.8277e+06 202.147 39456
0.000112535 2.26596e+06 255 49440
0.000115331 2.76595e+06 319 61728
0.000115181 3.45243e+06 397.655 77088
0.000118677 4.19621e+06 497.994 96288
0.000121452 5.14654e+06 625.057 120864
0.000129107 6.08122e+06 785.128 151584
0.000136091 7.26381e+06 988.539 190752
0.000126041 9.85414e+06 1242.03 239904
8.904e-05 1.75641e+07 1563.9 301344
0.000134979 1.45619e+07 1965.55 378912
0.000144306 1.70961e+07 2467.08 476448
0.000160297 1.94277e+07 3114.21 599328
0.000165286 2.36644e+07 3911.39 753696
0.000213288 2.3034e+07 4912.88 948768
0.000217176 2.85835e+07 6207.64 1193760
0.000273654 2.84998e+07 7799.09 1502496
0.00032897 2.97637e+07 9791.35 1891104
0.000399295 3.10141e+07 12383.8 2380320
0.000490108 3.17361e+07 15554.1 2996256
0.000633773 3.08098e+07 19526.4 3771936
0.000776937 3.18056e+07 24711 4748064
0.000962182 3.22472e+07 31027.7 5976864
0.00119363 3.26229e+07 38939.8 7523616
0.00151301 3.25895e+07 49308.1 9471264
0.0018964 3.26397e+07 61897.9 11923488
0.00237139 3.27534e+07 77671 15010080
0.00298417 3.29749e+07 98402.6 18896160
0.00373271 3.30829e+07 123489 23788320
0.00467065 3.31709e+07 154930 29946912
0.00587672 3.3406e+07 196318 37700640
0.0074128 3.32368e+07 246377 47461920
0.00930124 3.32271e+07 309054 59750688
0.0117256 3.3394e+07 391566 75221280
0.0148016 3.32106e+07 491572 94697760
0.0185481 3.32384e+07 616508 119216928
0.0233604 3.34329e+07 781008 150084384
0.0294535 3.32994e+07 980783 188944416
0.0370112 3.32286e+07 1.22983e+06 237866784
0.0465507 3.34643e+07 1.55779e+06 299455776
0.0587237 3.33233e+07 1.95687e+06 376992288
0.0737005 3.32874e+07 2.4533e+06 474605088
0.0928217 3.34742e+07 3.10713e+06 597492000
0.117142 3.33296e+07 3.90432e+06 752197152
0.146971 3.32979e+07 4.89384e+06 946959648
0.184989 3.35008e+07 6.19727e+06 1192151328
0.233585 3.33478e+07 7.78956e+06 1500828960
0.292965 3.33207e+07 9.76177e+06 1889431584
0.368656 3.35269e+07 1.23599e+07 2378652960
0.465674 3.33706e+07 1.55398e+07 2994545952
0.584221 3.33263e+07 1.94699e+07 3769909536
0.735739 3.35004e+07 2.46476e+07 4746034464
0.929497 3.33472e+07 3.09961e+07 5974902816
1.16639 3.32861e+07 3.88247e+07 7521956640
