# filename: ./acpphint-ThreadRipper1950X-131072MiB-threads_32-LP64-Fedora_32-g++_10_O3lto-libstdc++-cpulockdown-DSIZE_ld-ISIZE_ul-using_8_threads.txt
# acpphint_main version: 0.1.23

0.000460451 67325.3 31 6720
0.000536497 72693.8 39 8256
0.000597033 78722.6 47 9792
0.000573748 95860.9 55 11328
0.000520155 121118 63 12864
0.000532259 148424 79 15936
0.000472334 201129 95 19008
0.000558609 212194 118.533 23616
0.000455051 310833 141.445 28224
0.000442627 392492 173.727 34368
0.000536587 399123 214.164 42048
0.000455271 574892 261.732 51264
0.000497262 655488 325.949 63552
0.000537129 754036 405.014 78912
0.000510036 1.00189e+06 511 98880
0.000568248 1.12451e+06 639 123456
0.000502232 1.58468e+06 795.875 154176
0.000481462 2.07003e+06 996.639 192576
0.000553629 2.25857e+06 1250.41 241728
0.000513282 3.06003e+06 1570.66 303168
0.000489026 4.0432e+06 1977.23 381504
0.000494166 5.02515e+06 2483.26 479808
0.000518402 6.03359e+06 3127.82 602688
0.000475069 8.27296e+06 3930.23 757824
0.000541997 9.09761e+06 4930.87 952896
0.000587074 1.06084e+07 6227.9 1198656
0.000582695 1.34201e+07 7819.83 1507392
0.000566224 1.73384e+07 9817.43 1897536
0.000646427 1.9204e+07 12414 2387520
0.000697856 2.23414e+07 15591.1 3004992
0.000686184 2.85111e+07 19563.9 3782208
0.000849646 2.91474e+07 24765 4760640
0.00101888 3.05166e+07 31092.7 5992512
0.000931553 4.1879e+07 39012.5 7543872
0.00114666 4.30971e+07 49417.9 9496128
0.00105754 5.86479e+07 62022.8 11953728
0.0016047 4.84791e+07 77794.5 15047232
0.00141149 6.98632e+07 98611.2 18942528
0.00167228 7.39881e+07 123729 23846976
0.0019583 7.92345e+07 155165 30020160
0.00242442 8.11749e+07 196802 37792320
0.0029606 8.33757e+07 246842 47576640
0.0037958 8.15356e+07 309492 59893824
0.00481646 8.15166e+07 392621 75401280
0.0061461 8.01287e+07 492479 94923840
0.00784772 7.86662e+07 617350 119501376
0.00992984 7.88584e+07 783052 150442560
0.0125251 7.8449e+07 982585 189395520
0.0158721 7.75862e+07 1.23145e+06 238433856
0.0200759 7.77922e+07 1.56175e+06 300168768
0.0253682 7.7279e+07 1.96043e+06 377888832
0.0319874 7.67935e+07 2.45643e+06 475733568
0.0404877 7.69322e+07 3.11481e+06 598911552
0.0508593 7.69059e+07 3.91138e+06 753984576
0.0643295 7.61685e+07 4.89988e+06 949210176
0.0808628 7.68237e+07 6.21218e+06 1194984000
0.10189 7.65882e+07 7.8036e+06 1504394304
0.12869 7.59457e+07 9.77345e+06 1893919296
0.161878 7.65319e+07 1.23889e+07 2384302656
0.203458 7.65157e+07 1.55678e+07 3001657920
0.256066 7.6123e+07 1.94925e+07 3778863168
0.322545 7.65904e+07 2.47038e+07 4757305920
0.409067 7.59085e+07 3.10517e+07 5989091904
0.513294 7.57235e+07 3.88684e+07 7539819072
0.646358 7.61915e+07 4.9247e+07 9492068928
0.814284 7.60361e+07 6.1915e+07 11949805632
1.02299 7.57301e+07 7.74712e+07 15043913280
