# filename: ./acpphint-ThreadRipper1950X-131072MiB-threads_32-LP64-Fedora_32-g++_10_O3lto-libstdc++-cpulockdown-DSIZE_d-ISIZE_ul-using_4_threads-cpus_kx4_kx4p1_0_4.txt
# acpphint_main version: 0.1.23

0.000195444 76748.3 15 1952
0.000200624 94704.5 19 2368
0.000211986 108498 23 2784
0.000176487 152986 27 3200
0.000179714 172496 31 3616
0.000221344 176196 39 4448
0.000190305 246972 47 5280
0.000198019 296941 58.8001 6528
0.000198751 353879 70.3338 7776
0.000179514 481605 86.4548 9440
0.00017231 618906 106.644 11520
0.000196165 665008 130.451 14016
0.000210824 771004 162.546 17344
0.000199582 1.01285e+06 202.147 21504
0.000205974 1.23802e+06 255 26912
0.000170746 1.86827e+06 319 33568
0.000215012 1.84945e+06 397.655 41888
0.000208098 2.39307e+06 497.994 52288
0.000176808 3.53523e+06 625.057 65600
0.000210763 3.72517e+06 785.127 82240
0.00019295 5.12329e+06 988.538 103456
0.00018326 6.77739e+06 1242.02 130080
0.000207347 7.54244e+06 1563.9 163360
0.000201766 9.7417e+06 1965.54 205376
0.000183591 1.34379e+07 2467.07 258208
0.000223928 1.39071e+07 3114.2 324768
0.000194271 2.01336e+07 3911.38 408384
0.000227235 2.16202e+07 4912.86 514048
0.000280467 2.21331e+07 6207.61 646752
0.000241562 3.22859e+07 7799.04 813984
0.000267723 3.65724e+07 9791.26 1024480
0.000307048 4.03313e+07 12383.6 1289472
0.000309803 5.02058e+07 15553.9 1623104
0.000349148 5.59249e+07 19526.1 2043264
0.000393493 6.27975e+07 24710.4 2572000
0.000424292 7.31259e+07 31026.7 3237600
0.000578598 6.72978e+07 38938.4 4075424
0.000603225 8.17369e+07 49305.7 5130400
0.000530324 1.1671e+08 61894.1 6458688
0.00085123 9.12387e+07 77665.1 8130592
0.000721671 1.36341e+08 98393.2 10235552
0.00142938 8.63831e+07 123474 12885472
0.0016786 9.22828e+07 154906 16221376
0.00212872 9.22054e+07 196280 20421312
0.00155986 1.57911e+08 246318 25708672
0.00204337 1.51201e+08 308961 32365088
0.00265383 1.47491e+08 391417 40744992
0.00342691 1.43376e+08 491336 51294752
0.00448341 1.37426e+08 616138 64575968
0.00566854 1.37675e+08 780415 81295840
0.00721698 1.3577e+08 979847 102345024
0.00937182 1.31069e+08 1.22836e+06 128844640
0.0115807 1.34313e+08 1.55543e+06 162205344
0.0146567 1.33259e+08 1.95315e+06 204204288
0.0190941 1.28179e+08 2.44746e+06 257077888
0.023872 1.29765e+08 3.09776e+06 323641632
0.0303883 1.27994e+08 3.88952e+06 407440256
0.0377211 1.29122e+08 4.87062e+06 512936608
0.0472501 1.30372e+08 6.16009e+06 645748768
0.0599761 1.28899e+08 7.73084e+06 812949152
0.0764357 1.26508e+08 9.66976e+06 1023442240
0.0951078 1.28409e+08 1.22127e+07 1288437152
0.120625 1.26905e+08 1.53079e+07 1622045856
