# filename: ./acpphint-ThreadRipper1950X-131072MiB-threads_32-LP64-Fedora_32-g++_10_O3lto-libstdc++-cpulockdown-DSIZE_f-ISIZE_ui-using_4_threads-cpus_kx4s_0_12.txt
# acpphint_main version: 0.1.23

0.000187559 79974.8 15 1120
0.000191136 99389.7 18.9969 1328
0.000178191 129075 23 1536
0.000223658 120693 26.994 1744
0.000178942 173197 30.9922 1952
0.000192458 202546 38.9817 2368
0.000185846 252756 46.9737 2784
0.000159305 368762 58.7456 3408
0.000189032 371562 70.2371 4032
0.000150278 574427 86.3238 4864
0.00015637 681011 106.49 5904
0.00017271 753705 130.172 7152
0.000154335 1.05032e+06 162.102 8816
0.000181918 1.10775e+06 201.519 10896
0.000181567 1.39895e+06 254.004 13600
0.000174815 1.81613e+06 317.486 16928
0.000169825 2.32737e+06 395.245 21088
0.000204341 2.41516e+06 493.517 26288
0.000205473 3.00345e+06 617.127 32944
0.0001567 4.92083e+06 771.094 41264
0.000166839 5.78693e+06 965.485 51872
