# filename: ./acpphint-ThreadRipper1950X-131072MiB-threads_32-LP64-Fedora_32-g++_10_O3lto-libstdc++-DSIZE_ull-ISIZE_ull-using_4_threads.txt
# acpphint_main version: 0.1.23

0.000154706 96958.1 15 1952
0.000182138 104317 19 2368
0.000180796 127215 23 2784
0.000153343 176076 27 3200
0.000174685 177462 31 3616
0.00018312 212975 39 4448
0.000152983 307224 47 5280
0.000181848 323347 58.8001 6528
0.000181046 388486 70.3339 7776
0.00019342 446980 86.4548 9440
0.000194502 548291 106.644 11520
0.00018294 713083 130.451 14016
0.000183561 885516 162.546 17344
0.000180195 1.12182e+06 202.147 21504
0.000194151 1.31341e+06 255 26912
0.000186597 1.70957e+06 319 33568
0.000181998 2.18494e+06 397.655 41888
0.000194101 2.56564e+06 497.994 52288
0.000229089 2.72845e+06 625.057 65600
0.000182089 4.31178e+06 785.128 82240
0.000199943 4.9441e+06 988.539 103456
0.000168974 7.3504e+06 1242.03 130080
0.00017271 9.05509e+06 1563.9 163360
0.000189111 1.03936e+07 1965.55 205376
0.000182199 1.35405e+07 2467.07 258208
0.000179132 1.7385e+07 3114.2 324768
0.000165316 2.36601e+07 3911.39 408384
0.000178862 2.74674e+07 4912.88 514048
0.000200274 3.09957e+07 6207.63 646752
0.000200724 3.88548e+07 7799.08 813984
0.000192398 5.0891e+07 9791.33 1024480
0.00023491 5.2717e+07 12383.7 1289472
0.000229519 6.77682e+07 15554.1 1623104
0.000256832 7.60277e+07 19526.4 2043264
0.000286177 8.63481e+07 24710.8 2572000
0.000316316 9.80901e+07 31027.5 3237600
0.000379516 1.02603e+08 38939.5 4075424
0.000405265 1.21668e+08 49307.6 5130400
0.000484147 1.27848e+08 61897.1 6458688
0.000535064 1.4516e+08 77669.8 8130592
0.000634043 1.55195e+08 98400.6 10235552
0.000798267 1.54692e+08 123486 12885472
0.000921764 1.68074e+08 154925 16221376
0.00112095 1.75127e+08 196309 20421312
0.0013324 1.84903e+08 246365 25708672
0.00166966 1.85088e+08 309034 32365088
0.00210004 1.86441e+08 391534 40744992
0.00267368 1.83837e+08 491521 51294752
0.00353684 1.74288e+08 616428 64575968
0.00464124 1.68248e+08 780880 81295840
0.00607789 1.61336e+08 980581 102345024
0.00782804 1.57065e+08 1.22951e+06 128844640
0.00995551 1.56424e+08 1.55728e+06 162205344
0.0127623 1.53269e+08 1.95606e+06 204204288
0.0165338 1.48304e+08 2.45204e+06 257077888
0.0207561 1.49599e+08 3.10511e+06 323641632
0.0264428 1.47531e+08 3.90112e+06 407440256
0.0332696 1.46945e+08 4.88881e+06 512936608
0.0419479 1.47545e+08 6.18922e+06 645748768
0.0531869 1.46217e+08 7.77683e+06 812949152
0.0674647 1.44399e+08 9.7418e+06 1023442240
0.084753 1.45457e+08 1.23279e+07 1288437152
0.107023 1.44729e+08 1.54893e+07 1622045856
0.13484 1.43804e+08 1.93906e+07 2042034464
0.169739 1.44461e+08 2.45206e+07 2570768800
0.213341 1.44349e+08 3.07956e+07 3236405824
0.269201 1.43055e+08 3.85106e+07 4074393312
0.339089 1.43431e+08 4.86359e+07 5129356832
0.4277 1.42652e+08 6.10123e+07 6457477184
0.539573 1.41128e+08 7.61488e+07 8129481856
0.678215 1.41454e+08 9.59359e+07 10234411072
0.851844 1.40923e+08 1.20044e+08 12884359776
1.07365 1.39043e+08 1.49284e+08 16220447648
