# filename: ./acpphint-ThreadRipper1950X-131072MiB-threads_32-LP64-Fedora_32-g++_10_O3lto-libstdc++-DSIZE_ld-ISIZE_ull-using_8_threads-cpus_kx2s_0_14.txt
# acpphint_main version: 0.1.23

0.000294764 105169 31 6720
0.000298491 130657 39 8256
0.000286508 164044 47 9792
0.00026665 206263 55 11328
0.000279214 225633 63 12864
0.000264286 298919 79 15936
0.000279515 339874 95 19008
0.000293622 403694 118.533 23616
0.000275387 513622 141.445 28224
0.000270849 641418 173.727 34368
0.000236132 906968 214.164 42048
0.000279304 937085 261.732 51264
0.000272141 1.19772e+06 325.949 63552
0.000276349 1.46559e+06 405.014 78912
0.000290396 1.75967e+06 511 98880
0.000326114 1.95944e+06 639 123456
0.000324742 2.45079e+06 795.875 154176
0.000310594 3.20882e+06 996.639 192576
0.000320814 3.89761e+06 1250.41 241728
0.000312097 5.0326e+06 1570.66 303168
0.000323078 6.11998e+06 1977.23 381504
0.000298702 8.31349e+06 2483.26 479808
0.000343458 9.10686e+06 3127.82 602688
0.000475691 8.26215e+06 3930.23 757824
0.000485188 1.01628e+07 4930.87 952896
0.000499807 1.24606e+07 6227.9 1198656
0.000462776 1.68977e+07 7819.83 1507392
0.000487854 2.01237e+07 9817.43 1897536
0.000526297 2.35874e+07 12414 2387520
0.000524314 2.97361e+07 15591.1 3004992
0.000546777 3.57804e+07 19563.9 3782208
0.000645757 3.83504e+07 24765 4760640
0.000712273 4.36528e+07 31092.7 5992512
0.000834487 4.67502e+07 39012.5 7543872
0.000922906 5.35459e+07 49417.9 9496128
0.0010247 6.05276e+07 62022.8 11953728
0.00120923 6.43337e+07 77794.5 15047232
0.00155903 6.32515e+07 98611.2 18942528
0.00201906 6.12806e+07 123729 23846976
0.0022471 6.90511e+07 155165 30020160
0.00277836 7.08339e+07 196802 37792320
0.00329157 7.49921e+07 246842 47576640
0.003912 7.91137e+07 309492 59893824
0.00492118 7.97819e+07 392621 75401280
0.00627003 7.85449e+07 492479 94923840
0.00804158 7.67698e+07 617350 119501376
0.0101582 7.7086e+07 783052 150442560
0.012848 7.64774e+07 982585 189395520
0.0162299 7.58759e+07 1.23145e+06 238433856
0.0203644 7.669e+07 1.56175e+06 300168768
0.0259469 7.55553e+07 1.96043e+06 377888832
0.0323438 7.59476e+07 2.45643e+06 475733568
0.0411869 7.56263e+07 3.11481e+06 598911552
0.0518222 7.5477e+07 3.91138e+06 753984576
0.0651766 7.51786e+07 4.89988e+06 949210176
0.0814422 7.62772e+07 6.21218e+06 1194984000
0.102491 7.61391e+07 7.8036e+06 1504394304
0.129425 7.55142e+07 9.77345e+06 1893919296
0.163414 7.58126e+07 1.23889e+07 2384302656
0.205014 7.5935e+07 1.55678e+07 3001657920
0.258864 7.53002e+07 1.94925e+07 3778863168
0.324518 7.61246e+07 2.47038e+07 4757305920
0.409319 7.58618e+07 3.10517e+07 5989091904
0.515506 7.53986e+07 3.88684e+07 7539819072
0.648161 7.59796e+07 4.9247e+07 9492068928
0.816192 7.58584e+07 6.1915e+07 11949805632
1.02951 7.52509e+07 7.74712e+07 15043913280
