# filename: ./acpphint-ThreadRipper1950X-131072MiB-threads_32-LP64-Fedora_32-g++_10_O3lto-libstdc++-DSIZE_ul-ISIZE_ul-using_4_threads-cpus_kx16_kx16p4_0_16.txt
# acpphint_main version: 0.1.23

0.000131562 114015 15 1952
0.000113086 168014 19 2368
0.000127244 180755 23 2784
0.000130941 206200 27 3200
7.5615e-05 409972 31 3616
0.000101644 383692 39 4448
0.000133556 351912 47 5280
0.000133515 440400 58.8001 6528
0.000132795 529642 70.3339 7776
0.000133455 647820 86.4548 9440
0.000134698 791724 106.644 11520
0.000132975 981022 130.451 14016
0.000133385 1.21862e+06 162.546 17344
0.000136181 1.4844e+06 202.147 21504
0.000133615 1.90847e+06 255 26912
0.000135018 2.36265e+06 319 33568
0.000136301 2.91747e+06 397.655 41888
0.000133365 3.73407e+06 497.994 52288
0.000136802 4.56907e+06 625.057 65600
0.0001307 6.0071e+06 785.128 82240
0.000137062 7.21235e+06 988.539 103456
0.000135278 9.18128e+06 1242.03 130080
0.00014071 1.11144e+07 1563.9 163360
0.000148294 1.32544e+07 1965.55 205376
0.000147993 1.66702e+07 2467.07 258208
0.00014621 2.12995e+07 3114.2 324768
0.000152121 2.57123e+07 3911.39 408384
0.000145549 3.37541e+07 4912.88 514048
0.000134307 4.62197e+07 6207.63 646752
0.000167691 4.65086e+07 7799.08 813984
0.000185635 5.27451e+07 9791.33 1024480
0.000185064 6.6916e+07 12383.7 1289472
0.000220062 7.06805e+07 15554.1 1623104
0.000256751 7.60517e+07 19526.4 2043264
0.000285927 8.64236e+07 24710.8 2572000
0.00031844 9.74359e+07 31027.5 3237600
0.000473156 8.22974e+07 38939.5 4075424
0.000429872 1.14703e+08 49307.6 5130400
0.000771246 8.02559e+07 61897.1 6458688
0.000954496 8.13726e+07 77669.8 8130592
0.000740247 1.32929e+08 98400.6 10235552
0.000986568 1.25167e+08 123486 12885472
0.00175755 8.81479e+07 154925 16221376
0.0014079 1.39434e+08 196309 20421312
0.00217642 1.13197e+08 246365 25708672
0.00239664 1.28945e+08 309034 32365088
0.00298952 1.30969e+08 391534 40744992
0.00383004 1.28333e+08 491521 51294752
0.00489051 1.26046e+08 616428 64575968
0.0062605 1.24731e+08 780880 81295840
0.00805457 1.21742e+08 980581 102345024
0.0101188 1.21508e+08 1.22951e+06 128844640
0.0127761 1.2189e+08 1.55728e+06 162205344
0.0161611 1.21035e+08 1.95606e+06 204204288
0.0205094 1.19556e+08 2.45204e+06 257077888
0.0260824 1.1905e+08 3.10511e+06 323641632
0.0325515 1.19845e+08 3.90112e+06 407440256
0.0410069 1.19219e+08 4.88881e+06 512936608
0.0515428 1.20079e+08 6.18922e+06 645748768
0.0651345 1.19397e+08 7.77683e+06 812949152
0.0833763 1.16841e+08 9.7418e+06 1023442240
0.105177 1.17211e+08 1.23279e+07 1288437152
0.132879 1.16567e+08 1.54893e+07 1622045856
0.167173 1.15991e+08 1.93906e+07 2042034464
0.210545 1.16462e+08 2.45206e+07 2570768800
0.266125 1.15718e+08 3.07956e+07 3236405824
0.335233 1.14877e+08 3.85106e+07 4074393312
0.420683 1.15612e+08 4.86359e+07 5129356832
0.530977 1.14906e+08 6.10123e+07 6457477184
0.667958 1.14002e+08 7.61488e+07 8129481856
0.841085 1.14062e+08 9.59359e+07 10234411072
1.06022 1.13226e+08 1.20044e+08 12884359776
