# filename: ./acpphint-ThreadRipper1950X-131072MiB-threads_32-LP64-Fedora_32-g++_10_O3lto-libstdc++-DSIZE_d-ISIZE_ul-using_16_threads-cpus_kx2s_0_30.txt
# acpphint_main version: 0.1.23

0.000643682 97874.4 63 7808
0.000650505 121444 79 9472
0.000716251 132635 95 11136
0.000732322 151573 111 12800
0.000687225 184801 127 14464
0.000739776 214930 159 17792
0.000687306 277897 191 21120
0.000631388 376947 238 26112
0.000737322 384726 283.667 31104
0.000710249 490353 348.273 37760
0.000688488 623401 429.204 46080
0.000727403 720776 524.295 56064
0.000731269 892636 652.757 69376
0.000701432 1.15585e+06 810.749 86016
0.000697014 1.46769e+06 1023 107648
0.000760576 1.68162e+06 1279 134272
0.000745146 2.13692e+06 1592.32 167552
0.00073152 2.72573e+06 1993.92 209152
0.000713776 3.50403e+06 2501.09 262400
0.000727593 4.31796e+06 3141.72 328960
0.000727493 5.43593e+06 3954.6 413824
0.000743834 6.67577e+06 4965.67 520320
0.000742862 8.421e+06 6255.64 653440
0.00073644 1.06723e+07 7859.53 821504
0.000712774 1.38309e+07 9858.32 1032832
0.00073121 1.70336e+07 12455.1 1299072
0.000727783 2.14851e+07 15636.5 1633536
0.000714187 2.74803e+07 19626 2056192
0.000646488 3.84014e+07 24826 2587008
0.000695812 4.48024e+07 31174.1 3255936
0.000714878 5.47047e+07 39107.2 4097920
0.000672528 7.36402e+07 49525.1 5157888
0.000660835 9.40719e+07 62166 6492416
0.000644443 1.21001e+08 77978 8173056
0.000728755 1.35604e+08 98822.1 10288000
0.000738653 1.6787e+08 123998 12950400
0.000735457 2.11405e+08 155479 16301696
0.000917566 2.14894e+08 197179 20521600
0.00100625 2.45795e+08 247330 25834752
0.00126187 2.4571e+08 310056 32522368
0.00156648 2.51168e+08 393448 40942208
0.0020639 2.39017e+08 493308 51541888
0.00297303 2.07949e+08 618238 64885504
0.00416087 1.88572e+08 784624 81685248
0.00572554 1.71814e+08 983730 102834688
0.00751982 1.63893e+08 1.23244e+06 129460352
0.00988546 1.58174e+08 1.56362e+06 162979968
0.0127318 1.5401e+08 1.96083e+06 205179008
0.0163785 1.49916e+08 2.4554e+06 258303872
0.0209649 1.48519e+08 3.11368e+06 325183360
0.0267666 1.45879e+08 3.90468e+06 409380096
0.0340013 1.43702e+08 4.88603e+06 515378560
0.0430798 1.43708e+08 6.19094e+06 648821376
0.0545104 1.42371e+08 7.76071e+06 816817152
0.068946 1.40683e+08 9.69956e+06 1028311552
0.0869972 1.41065e+08 1.22723e+07 1294566528
0.109843 1.39894e+08 1.53664e+07 1629761024
