# filename: ./acpphint-ThreadRipper1950X-131072MiB-threads_32-LP64-Fedora_32-g++_10_O3lto-libstdc++-DSIZE_f-ISIZE_ui-using_4_threads-cpus_kx4s_0_12.txt
# acpphint_main version: 0.1.23

0.000117134 128058 15 1120
0.000179323 105937 18.9969 1328
0.000127214 180798 23 1536
0.000186067 145077 26.994 1744
0.000115702 267862 30.9922 1952
0.000115722 336856 38.9817 2368
0.000115571 406449 46.9737 2784
0.000107887 544510 58.7456 3408
0.000180826 388423 70.2371 4032
0.000116613 740259 86.3238 4864
0.000118978 895037 106.49 5904
0.000118537 1.09816e+06 130.172 7152
0.000130339 1.24369e+06 162.102 8816
0.000152542 1.32108e+06 201.519 10896
0.000116052 2.18871e+06 254.004 13600
0.000116513 2.7249e+06 317.486 16928
0.0001152 3.43095e+06 395.245 21088
0.000117655 4.19461e+06 493.517 26288
0.000117114 5.26946e+06 617.127 32944
0.000138415 5.57088e+06 771.094 41264
0.000136752 7.06012e+06 965.485 51872
