# filename: ./acpphint-ThreadRipper1950X-131072MiB-threads_32-LP64-Fedora_32-g++_10_O3lto-libstdc++-DSIZE_d-ISIZE_ull-using_4_threads-cpus_kx8_kx8p1_0_8.txt
# acpphint_main version: 0.1.23

0.000114389 131131 15 1952
0.000154576 122917 19 2368
0.000110571 208011 23 2784
0.000123436 218737 27 3200
0.000154776 200289 31 3616
0.000115341 338128 39 4448
0.000111944 419853 47 5280
0.000155858 377267 58.8001 6528
0.000105792 664831 70.3338 7776
0.000107175 806670 86.4548 9440
8.834e-05 1.2072e+06 106.644 11520
0.000115181 1.13258e+06 130.451 14016
0.000174093 933674 162.546 17344
0.000126302 1.60051e+06 202.147 21504
8.4141e-05 3.03063e+06 255 26912
0.000110331 2.8913e+06 319 33568
0.000111774 3.55767e+06 397.655 41888
9.4511e-05 5.26916e+06 497.994 52288
0.000154736 4.03951e+06 625.057 65600
0.000170216 4.61254e+06 785.127 82240
0.000177249 5.57712e+06 988.538 103456
0.000117956 1.05296e+07 1242.02 130080
0.000115191 1.35766e+07 1563.9 163360
0.000129478 1.51805e+07 1965.54 205376
0.000121923 2.02347e+07 2467.07 258208
0.000142803 2.18077e+07 3114.2 324768
0.000143595 2.72389e+07 3911.38 408384
0.00014616 3.36129e+07 4912.86 514048
0.000157011 3.95361e+07 6207.61 646752
0.000161519 4.82856e+07 7799.04 813984
0.000212296 4.61208e+07 9791.26 1024480
0.000227215 5.45018e+07 12383.6 1289472
0.000195203 7.96806e+07 15553.9 1623104
0.000226964 8.60316e+07 19526.1 2043264
0.000239108 1.03344e+08 24710.4 2572000
0.000332426 9.33343e+07 31026.7 3237600
0.000397831 9.78766e+07 38938.4 4075424
0.000463407 1.06398e+08 49305.7 5130400
0.000411949 1.50247e+08 61894.1 6458688
0.000538681 1.44176e+08 77665.1 8130592
0.000699018 1.40759e+08 98393.2 10235552
0.000773189 1.59694e+08 123474 12885472
0.00108652 1.42571e+08 154906 16221376
0.00123836 1.585e+08 196280 20421312
0.00155355 1.58551e+08 246318 25708672
0.00207042 1.49226e+08 308961 32365088
0.00256871 1.52379e+08 391417 40744992
0.00334582 1.46851e+08 491336 51294752
0.00441068 1.39692e+08 616138 64575968
0.00566324 1.37804e+08 780415 81295840
0.00694607 1.41065e+08 979847 102345024
0.00888913 1.38186e+08 1.22836e+06 128844640
0.0113515 1.37024e+08 1.55543e+06 162205344
0.0145001 1.34699e+08 1.95315e+06 204204288
0.0182605 1.3403e+08 2.44746e+06 257077888
0.0233089 1.329e+08 3.09776e+06 323641632
0.0291105 1.33612e+08 3.88952e+06 407440256
0.0366775 1.32796e+08 4.87062e+06 512936608
0.0467201 1.31851e+08 6.16009e+06 645748768
0.0575731 1.34279e+08 7.73084e+06 812949152
0.0736308 1.31328e+08 9.66976e+06 1023442240
0.0921669 1.32506e+08 1.22127e+07 1288437152
0.116136 1.3181e+08 1.53079e+07 1622045856
