# filename: ./acpphint-ThreadRipper1950X-131072MiB-threads_32-LP64-Fedora_32-g++_10_O3lto-libstdc++-DSIZE_f-ISIZE_ui-using_8_threads.txt
# acpphint_main version: 0.1.23

0.000256321 120912 30.9922 2240
0.000274535 141992 38.9817 2656
0.000264607 177522 46.9737 3072
0.000267312 205574 54.9524 3488
0.000262473 239787 62.9377 3904
0.000279926 281782 78.878 4736
0.000291798 325027 94.8421 5568
0.000268715 440302 118.316 6816
0.000292981 481592 141.097 8064
0.000276439 626658 173.233 9728
0.000275057 776327 213.534 11808
0.000297169 877239 260.688 14304
0.00028202 1.1503e+06 324.408 17632
0.000279074 1.44144e+06 402.269 21792
0.00027158 1.8642e+06 506.278 27200
0.000268063 2.35213e+06 630.518 33856
0.000275428 2.8382e+06 781.72 42176
0.000296417 3.28331e+06 973.23 52576
