# filename: ./acpphint-ThreadRipper1950X-131072MiB-threads_32-LP64-Fedora_32-g++_10_O3lto-libstdc++-DSIZE_ull-ISIZE_ull-using_4_threads-cpus_kx8_kx8p1_0_8.txt
# acpphint_main version: 0.1.23

0.000115592 129767 15 1952
0.00011493 165318 19 2368
0.000113758 202184 23 2784
0.000116843 231079 27 3200
0.000113858 272269 31 3616
0.000110591 352651 39 4448
0.000116884 402108 47 5280
0.000113307 518945 58.8001 6528
9.2437e-05 760884 70.3339 7776
0.000114419 755599 86.4548 9440
0.000160578 664124 106.644 11520
0.000115211 1.13228e+06 130.451 14016
0.000116043 1.40074e+06 162.546 17344
0.000116373 1.73706e+06 202.147 21504
0.000117404 2.17199e+06 255 26912
0.000173963 1.83372e+06 319 33568
0.000117865 3.37381e+06 397.655 41888
0.000111935 4.44895e+06 497.994 52288
0.000114439 5.46193e+06 625.057 65600
0.000118597 6.62013e+06 785.128 82240
0.00015648 6.31735e+06 988.539 103456
0.000156259 7.94851e+06 1242.03 130080
0.000154035 1.01529e+07 1563.9 163360
0.000129417 1.51877e+07 1965.55 205376
0.00011989 2.05778e+07 2467.07 258208
0.00019317 1.61216e+07 3114.2 324768
0.000175867 2.22406e+07 3911.39 408384
0.000175687 2.79638e+07 4912.88 514048
0.000210513 2.94881e+07 6207.63 646752
0.000231262 3.3724e+07 7799.08 813984
0.000178973 5.47084e+07 9791.33 1024480
0.000161519 7.66705e+07 12383.7 1289472
0.000200203 7.76916e+07 15554.1 1623104
0.000243506 8.01884e+07 19526.4 2043264
0.000267422 9.24039e+07 24710.8 2572000
0.000310785 9.98358e+07 31027.5 3237600
0.000381029 1.02196e+08 38939.5 4075424
0.00048031 1.02658e+08 49307.6 5130400
0.000603585 1.02549e+08 61897.1 6458688
0.000566665 1.37065e+08 77669.8 8130592
0.000671686 1.46498e+08 98400.6 10235552
0.000815831 1.51362e+08 123486 12885472
0.000914511 1.69407e+08 154925 16221376
0.00112386 1.74674e+08 196309 20421312
0.00144061 1.71014e+08 246365 25708672
0.00207084 1.49231e+08 309034 32365088
0.00249726 1.56785e+08 391534 40744992
0.00319083 1.54042e+08 491521 51294752
0.00409038 1.50702e+08 616428 64575968
0.00532515 1.4664e+08 780880 81295840
0.00683766 1.43409e+08 980581 102345024
0.00869333 1.41432e+08 1.22951e+06 128844640
0.0109772 1.41865e+08 1.55728e+06 162205344
0.0138641 1.41088e+08 1.95606e+06 204204288
0.0176809 1.38683e+08 2.45204e+06 257077888
0.022317 1.39137e+08 3.10511e+06 323641632
0.0280916 1.38871e+08 3.90112e+06 407440256
0.0354621 1.3786e+08 4.88881e+06 512936608
0.044632 1.38672e+08 6.18922e+06 645748768
0.0562413 1.38276e+08 7.77683e+06 812949152
0.0710141 1.37181e+08 9.7418e+06 1023442240
0.0895185 1.37714e+08 1.23279e+07 1288437152
0.112659 1.37488e+08 1.54893e+07 1622045856
0.141995 1.36558e+08 1.93906e+07 2042034464
0.178926 1.37043e+08 2.45206e+07 2570768800
0.225192 1.36753e+08 3.07956e+07 3236405824
0.284259 1.35477e+08 3.85106e+07 4074393312
0.356744 1.36333e+08 4.86359e+07 5129356832
0.449412 1.3576e+08 6.10123e+07 6457477184
0.565705 1.34609e+08 7.61488e+07 8129481856
0.712443 1.34658e+08 9.59359e+07 10234411072
0.897131 1.33809e+08 1.20044e+08 12884359776
1.12992 1.32119e+08 1.49284e+08 16220447648
