# filename: ./acpphint-ThreadRipper1950X-131072MiB-threads_32-LP64-Fedora_32-g++_10_O3lto-libstdc++-DSIZE_ld-ISIZE_ul-using_4_threads.txt
# acpphint_main version: 0.1.23

0.000143255 104708 15 3360
0.000144126 131829 19 4128
0.000142453 161457 23 4896
0.000144436 186934 27 5664
0.00015154 204566 31 6432
0.000152442 255835 39 7968
0.000118366 397073 47 9504
0.000117405 500831 58.8001 11808
0.000151349 464713 70.3339 14112
0.000121914 709146 86.4548 17184
0.000117946 904174 106.644 21024
0.000116904 1.11588e+06 130.451 25632
0.000144596 1.12414e+06 162.546 31776
0.000145278 1.39145e+06 202.147 39456
0.000145027 1.75829e+06 255 49440
0.000145118 2.19821e+06 319 61728
0.000191747 2.07385e+06 397.655 77088
0.000145659 3.4189e+06 497.994 96288
0.000123086 5.07822e+06 625.057 120864
0.000122955 6.38549e+06 785.128 151584
0.000123777 7.98645e+06 988.539 190752
0.000103838 1.19612e+07 1242.03 239904
0.000128877 1.21349e+07 1563.9 301344
0.000188501 1.04272e+07 1965.55 378912
0.000153534 1.60686e+07 2467.08 476448
0.000158313 1.96712e+07 3114.21 599328
0.000213839 1.82913e+07 3911.39 753696
0.000220673 2.22632e+07 4912.88 948768
0.000327187 1.89728e+07 6207.64 1193760
0.000361682 2.15634e+07 7799.09 1502496
0.000365179 2.68125e+07 9791.35 1891104
0.000372713 3.3226e+07 12383.8 2380320
0.000489396 3.17823e+07 15554.1 2996256
0.000542869 3.5969e+07 19526.4 3771936
0.000732893 3.3717e+07 24711 4748064
0.000812595 3.81835e+07 31027.7 5976864
0.000969546 4.0163e+07 38939.8 7523616
0.00116402 4.23603e+07 49308.1 9471264
0.00141795 4.36529e+07 61897.9 11923488
0.00178037 4.36264e+07 77671 15010080
0.00213092 4.61785e+07 98402.6 18896160
0.00270889 4.55865e+07 123489 23788320
0.00336739 4.60089e+07 154930 29946912
0.00424938 4.61991e+07 196318 37700640
0.00530551 4.64381e+07 246377 47461920
0.00658094 4.6962e+07 309054 59750688
0.00836308 4.68208e+07 391566 75221280
0.010571 4.65017e+07 491572 94697760
0.0132429 4.6554e+07 616508 119216928
0.0166862 4.68056e+07 781008 150084384
0.0209858 4.67356e+07 980783 188944416
0.0265567 4.63096e+07 1.22983e+06 237866784
0.03334 4.67243e+07 1.55779e+06 299455776
0.0418901 4.67144e+07 1.95687e+06 376992288
0.0525705 4.66668e+07 2.4533e+06 474605088
0.0661603 4.69637e+07 3.10713e+06 597492000
0.0837004 4.66463e+07 3.90432e+06 752197152
0.105021 4.65985e+07 4.89384e+06 946959648
0.132011 4.69453e+07 6.19727e+06 1192151328
0.167075 4.66232e+07 7.78956e+06 1500828960
0.20958 4.65778e+07 9.76177e+06 1889431584
0.263658 4.68786e+07 1.23599e+07 2378652960
0.333342 4.66183e+07 1.55398e+07 2994545952
0.419343 4.64296e+07 1.94699e+07 3769909536
0.527384 4.67355e+07 2.46476e+07 4746034464
0.666704 4.64915e+07 3.09961e+07 5974902816
0.836817 4.63957e+07 3.88247e+07 7521956640
1.05209 4.67051e+07 4.91379e+07 9469581600
