# filename: ./acpphint-ThreadRipper1950X-131072MiB-threads_32-LP64-Fedora_32-g++_10_O3lto-libstdc++-DSIZE_f-ISIZE_ui-using_4_threads-cpus_kx2s_0_6.txt
# acpphint_main version: 0.1.23

0.000149005 100668 15 1120
0.000158153 120118 18.9969 1328
0.000152211 151106 23 1536
0.000178261 151430 26.994 1744
0.00016735 185194 30.9922 1952
0.000177189 220001 38.9817 2368
0.000180164 260727 46.9737 2784
0.000135059 434962 58.7456 3408
0.000155508 451662 70.2371 4032
0.000153865 561036 86.3238 4864
0.000158393 672314 106.49 5904
0.000149747 869282 130.172 7152
0.00016711 970030 162.102 8816
0.000182249 1.10574e+06 201.519 10896
0.000172239 1.47472e+06 254.004 13600
0.000157432 2.01666e+06 317.486 16928
0.000157892 2.50326e+06 395.245 21088
0.000174895 2.82179e+06 493.517 26288
0.000155878 3.95904e+06 617.127 32944
0.00012021 6.41456e+06 771.094 41264
0.000185105 5.21588e+06 965.485 51872
