# filename: ./acpphint-ThreadRipper1950X-131072MiB-threads_32-LP64-Fedora_32-g++_10_O3lto-libstdc++-cpulockdown-DSIZE_ull-ISIZE_ull-using_4_threads-cpus_kx8_0_24.txt
# acpphint_main version: 0.1.23

8.1146e-05 184852 15 1952
8.0484e-05 236072 19 2368
8.4612e-05 271829 23 2784
8.5344e-05 316367 27 3200
8.5513e-05 362518 31 3616
8.5183e-05 457838 39 4448
8.8409e-05 531620 47 5280
7.6546e-05 768166 58.8001 6528
0.000138435 508064 70.3339 7776
0.000117044 738652 86.4548 9440
7.7959e-05 1.36795e+06 106.644 11520
8.0033e-05 1.62997e+06 130.451 14016
8.847e-05 1.8373e+06 162.546 17344
0.000112425 1.79806e+06 202.147 21504
8.1185e-05 3.14097e+06 255 26912
8.0644e-05 3.95566e+06 319 33568
8.2809e-05 4.80207e+06 397.655 41888
0.00011528 4.31986e+06 497.994 52288
8.8299e-05 7.07887e+06 625.057 65600
9.2948e-05 8.44696e+06 785.128 82240
8.6976e-05 1.13657e+07 988.539 103456
0.000129608 9.58294e+06 1242.03 130080
9.6595e-05 1.61903e+07 1563.9 163360
0.000112165 1.75237e+07 1965.55 205376
0.000113968 2.16471e+07 2467.07 258208
0.000116924 2.66344e+07 3114.2 324768
0.000171438 2.28152e+07 3911.39 408384
0.000158534 3.09894e+07 4912.88 514048
0.000133997 4.63267e+07 6207.63 646752
0.000195434 3.99065e+07 7799.08 813984
0.000210042 4.66161e+07 9791.33 1024480
0.000169865 7.29034e+07 12383.7 1289472
0.000250048 6.22044e+07 15554.1 1623104
0.000271179 7.20054e+07 19526.4 2043264
0.000279134 8.85268e+07 24710.8 2572000
0.000330603 9.38512e+07 31027.5 3237600
0.000347605 1.12022e+08 38939.5 4075424
0.000441235 1.11749e+08 49307.6 5130400
0.000540714 1.14473e+08 61897.1 6458688
0.000664542 1.16877e+08 77669.8 8130592
0.000711551 1.3829e+08 98400.6 10235552
0.000901525 1.36974e+08 123486 12885472
0.00107649 1.43916e+08 154925 16221376
0.0013473 1.45706e+08 196309 20421312
0.00212112 1.16148e+08 246365 25708672
0.00226786 1.36267e+08 309034 32365088
0.00293577 1.33367e+08 391534 40744992
0.00380517 1.29172e+08 491521 51294752
0.00490409 1.25697e+08 616428 64575968
0.00624598 1.25021e+08 780880 81295840
0.00798152 1.22857e+08 980581 102345024
0.00999446 1.23019e+08 1.22951e+06 128844640
0.012859 1.21104e+08 1.55728e+06 162205344
0.0160655 1.21756e+08 1.95606e+06 204204288
0.0203322 1.20599e+08 2.45204e+06 257077888
0.0259251 1.19772e+08 3.10511e+06 323641632
0.0322848 1.20834e+08 3.90112e+06 407440256
0.0408693 1.1962e+08 4.88881e+06 512936608
0.0509739 1.21419e+08 6.18922e+06 645748768
0.0644191 1.20722e+08 7.77683e+06 812949152
0.0831821 1.17114e+08 9.7418e+06 1023442240
0.104873 1.17551e+08 1.23279e+07 1288437152
0.132465 1.16931e+08 1.54893e+07 1622045856
0.1662 1.16671e+08 1.93906e+07 2042034464
0.209984 1.16774e+08 2.45206e+07 2570768800
0.263776 1.16749e+08 3.07956e+07 3236405824
0.332519 1.15815e+08 3.85106e+07 4074393312
0.422658 1.15071e+08 4.86359e+07 5129356832
0.528666 1.15408e+08 6.10123e+07 6457477184
0.66788 1.14016e+08 7.61488e+07 8129481856
0.834554 1.14955e+08 9.59359e+07 10234411072
1.0571 1.1356e+08 1.20044e+08 12884359776
