# filename: ./acpphint-ThreadRipper1950X-131072MiB-threads_32-LP64-Fedora_32-g++_10_O3lto-libstdc++-DSIZE_ui-ISIZE_ui-using_4_threads-cpus_kx8_kx8p1_0_8.txt
# acpphint_main version: 0.1.23

0.000150909 99375 14.9966 1120
8.9301e-05 212701 18.9944 1328
0.000136251 168746 22.9919 1536
0.000117104 230469 26.9889 1744
9.1355e-05 339175 30.9854 1952
0.000116954 333264 38.9766 2368
0.000108318 433595 46.9661 2784
0.000159345 368684 58.7479 3408
0.000126362 555999 70.2572 4032
9.5603e-05 903123 86.3413 4864
0.000153874 691933 106.47 5904
0.000150738 863690 130.191 7152
0.000159055 1.01942e+06 162.144 8816
0.000116974 1.72282e+06 201.526 10896
0.000143074 1.77539e+06 254.012 13600
0.000154105 2.05998e+06 317.453 16928
0.000148675 2.65854e+06 395.259 21088
0.000122805 4.02464e+06 494.246 26288
0.000108257 5.71926e+06 619.15 32944
0.000115561 6.71376e+06 775.849 41264
0.000142192 6.84886e+06 973.853 51872
0.000109169 1.11653e+07 1218.91 65184
0.000111093 1.37494e+07 1527.47 81824
0.00014639 1.30363e+07 1908.38 102832
0.000122354 1.94317e+07 2377.55 129248
0.000143675 2.06922e+07 2972.96 162528
0.000149737 2.4652e+07 3691.32 204336
0.000145128 3.14917e+07 4570.33 257168
0.000133505 4.24755e+07 5670.69 323520
0.000150037 4.64545e+07 6969.9 407136
0.000155948 5.46255e+07 8518.73 512384
0.000176598 5.89808e+07 10415.9 644880
0.000160307 7.84196e+07 12571.2 811696
