# filename: ./acpphint-ThreadRipper1950X-131072MiB-threads_32-LP64-Fedora_32-g++_10_O3lto-libstdc++-DSIZE_s-ISIZE_s-using_1_threads.txt
# acpphint_main version: 0.1.23

6.34583e-08 1.57584e+07 1 124
8.26875e-08 2.39386e+07 1.97942 150
1.09417e-07 2.70186e+07 2.95628 176
1.24667e-07 3.13514e+07 3.90847 202
1.44e-07 3.37663e+07 4.86235 228
1.61714e-07 3.60524e+07 5.83019 254
1.905e-07 3.5398e+07 6.74332 280
2.2425e-07 3.81617e+07 8.55776 332
2.605e-07 3.97576e+07 10.3569 384
3.25667e-07 3.98884e+07 12.9903 462
3.8075e-07 4.07129e+07 15.5014 540
4.6325e-07 4.05136e+07 18.7679 644
5.56e-07 4.08952e+07 22.7377 774
6.965e-07 3.90307e+07 27.1849 930
8.465e-07 3.85994e+07 32.6744 1138
1.042e-06 3.76413e+07 39.2222 1398
1.302e-06 3.58455e+07 46.6708 1736
1.643e-06 3.33698e+07 54.8265 2152
2.054e-06 3.1197e+07 64.0787 2672
2.585e-06 2.86179e+07 73.9773 3322
