# filename: ./acpphint-ThreadRipper1950X-131072MiB-threads_32-LP64-Fedora_32-g++_10_O3lto-libstdc++-DSIZE_ul-ISIZE_ul-using_4_threads-cpus_kx16_kx16p2_0_16.txt
# acpphint_main version: 0.1.23

0.000103729 144608 15 1952
0.000104189 182361 19 2368
5.1288e-05 448448 23 2784
0.000102937 262296 27 3200
0.000102145 303490 31 3616
0.000105182 370786 39 4448
7.4282e-05 632724 47 5280
0.000105451 557605 58.8001 6528
0.00010428 674471 70.3339 7776
0.000105222 821642 86.4548 9440
4.5577e-05 2.33986e+06 106.644 11520
5.0637e-05 2.57621e+06 130.451 14016
0.000107195 1.51636e+06 162.546 17344
0.000105732 1.91188e+06 202.147 21504
0.000108157 2.35768e+06 255 26912
0.000109079 2.92449e+06 319 33568
9.9851e-05 3.98248e+06 397.655 41888
0.000108979 4.56963e+06 497.994 52288
0.00010959 5.7036e+06 625.057 65600
0.000106244 7.38985e+06 785.128 82240
0.000110341 8.95894e+06 988.539 103456
0.00011535 1.07675e+07 1242.03 130080
0.000110151 1.41978e+07 1563.9 163360
6.5987e-05 2.97869e+07 1965.55 205376
0.000118407 2.08355e+07 2467.07 258208
0.000123326 2.52518e+07 3114.2 324768
0.000128606 3.04137e+07 3911.39 408384
8.0745e-05 6.08443e+07 4912.88 514048
0.000134777 4.60586e+07 6207.63 646752
0.000132814 5.87218e+07 7799.08 813984
0.000140248 6.98144e+07 9791.33 1024480
0.000120791 1.02522e+08 12383.7 1289472
0.000194182 8.01005e+07 15554.1 1623104
0.000205603 9.49712e+07 19526.4 2043264
0.000193169 1.27923e+08 24710.8 2572000
0.000290015 1.06986e+08 31027.5 3237600
0.00033913 1.14822e+08 38939.5 4075424
0.00040252 1.22497e+08 49307.6 5130400
0.00043345 1.42801e+08 61897.1 6458688
0.000566384 1.37133e+08 77669.8 8130592
0.000710019 1.38589e+08 98400.6 10235552
0.000939588 1.31425e+08 123486 12885472
0.00128511 1.20554e+08 154925 16221376
0.00172476 1.13818e+08 196309 20421312
0.00228991 1.07587e+08 246365 25708672
0.00299769 1.03091e+08 309034 32365088
0.00390516 1.00261e+08 391534 40744992
0.00499673 9.83685e+07 491521 51294752
0.00640558 9.6233e+07 616428 64575968
0.00814845 9.58316e+07 780880 81295840
0.0104001 9.42856e+07 980581 102345024
0.0131521 9.34837e+07 1.22951e+06 128844640
0.0167006 9.3247e+07 1.55728e+06 162205344
0.0210505 9.29227e+07 1.95606e+06 204204288
0.0266499 9.20092e+07 2.45204e+06 257077888
0.0336237 9.23487e+07 3.10511e+06 323641632
0.0423735 9.2065e+07 3.90112e+06 407440256
0.0534226 9.15121e+07 4.88881e+06 512936608
0.0673834 9.18508e+07 6.18922e+06 645748768
0.0848609 9.16422e+07 7.77683e+06 812949152
0.107065 9.09894e+07 9.7418e+06 1023442240
0.134885 9.13957e+07 1.23279e+07 1288437152
0.169815 9.12125e+07 1.54893e+07 1622045856
0.213896 9.06546e+07 1.93906e+07 2042034464
0.269269 9.10638e+07 2.45206e+07 2570768800
0.339267 9.0771e+07 3.07956e+07 3236405824
0.427046 9.01791e+07 3.85106e+07 4074393312
0.537354 9.05099e+07 4.86359e+07 5129356832
0.676794 9.0149e+07 6.10123e+07 6457477184
0.851892 8.93879e+07 7.61488e+07 8129481856
1.0722 8.9476e+07 9.59359e+07 10234411072
