# filename: ./acpphint-ThreadRipper1950X-131072MiB-threads_32-LP64-Fedora_32-g++_10_O3lto-libstdc++-DSIZE_d-ISIZE_ull-using_8_threads-cpus_kx8_kx8p2_0_8_16_24.txt
# acpphint_main version: 0.1.23

0.000155708 199091 31 3904
0.000158885 245461 39 4736
0.000177981 264073 47 5568
0.000173743 316560 55 6400
0.000165136 381504 63 7232
0.000181597 435029 79 8896
0.000160998 590069 95 10560
0.000162181 730871 118.533 13056
0.000200935 703933 141.445 15552
0.000192298 903428 173.727 18880
0.000201686 1.06187e+06 214.164 23040
0.000172931 1.5135e+06 261.732 28032
0.000198109 1.6453e+06 325.949 34688
0.000211715 1.91302e+06 405.014 43008
0.000214019 2.38764e+06 511 53824
0.000240611 2.65574e+06 639 67136
0.000270056 2.94707e+06 795.874 83776
0.000235882 4.22516e+06 996.638 104576
0.000251181 4.97811e+06 1250.41 131200
0.00025618 6.13106e+06 1570.66 164480
0.000252223 7.83921e+06 1977.23 206912
0.000255429 9.72189e+06 2483.25 260160
0.000250639 1.24794e+07 3127.82 326720
0.000272832 1.44053e+07 3930.22 410752
0.000301036 1.63796e+07 4930.85 516416
0.000285947 2.17798e+07 6227.86 649536
0.000260979 2.99632e+07 7819.77 816768
0.000262883 3.73449e+07 9817.34 1028096
0.000275347 4.50843e+07 12413.8 1293504
0.000278773 5.59266e+07 15590.8 1627968
0.000280056 6.98557e+07 19563.5 2048960
0.000326745 7.57913e+07 24764.4 2578944
0.000337997 9.19883e+07 31091.8 3246208
0.000347866 1.12144e+08 39011 4086528
0.000399324 1.23748e+08 49415.5 5144000
0.000450382 1.37703e+08 62019 6475200
0.000447116 1.73978e+08 77788.6 8150848
0.000475159 2.07513e+08 98601.7 10260800
0.000523392 2.36369e+08 123714 12917376
0.000973052 1.59438e+08 155141 16261184
0.000867851 2.26726e+08 196764 20471104
0.00123403 1.99981e+08 246782 25770944
0.00169275 1.82779e+08 309399 32442752
0.00227574 1.72459e+08 392471 40842624
0.00303835 1.6201e+08 492243 51417344
0.00397123 1.55362e+08 616979 64730176
0.00520712 1.50267e+08 782456 81489984
0.00671646 1.46155e+08 981645 102589504
0.00860337 1.42965e+08 1.22998e+06 129151936
0.0109786 1.42038e+08 1.55938e+06 162591680
0.0138866 1.40905e+08 1.9567e+06 204690048
0.0176197 1.39082e+08 2.45057e+06 257689280
0.0223748 1.3879e+08 3.10539e+06 324410688
0.0282321 1.38018e+08 3.89653e+06 408408576
0.0357198 1.36524e+08 4.8766e+06 514155776
0.0450651 1.3702e+08 6.17482e+06 647283264
0.0568152 1.36314e+08 7.7447e+06 814880512
0.0716042 1.35204e+08 9.68119e+06 1025873216
0.0904035 1.35403e+08 1.22409e+07 1291497536
0.113784 1.34773e+08 1.53349e+07 1625898304
