# filename: ./acpphint-ThreadRipper1950X-131072MiB-threads_32-LP64-Fedora_32-g++_10_O3lto-libstdc++-DSIZE_ld-ISIZE_ull-using_16_threads.txt
# acpphint_main version: 0.1.23

0.000545474 115496 63 13440
0.000530736 148850 79 16512
0.000553289 171701 95 19584
0.000559812 198281 111 22656
0.000557287 227890 127 25728
0.00054335 292629 159 31872
0.000530215 360231 191 38016
0.000583097 408165 238 47232
0.000536526 528710 283.667 56448
0.000544773 639299 348.273 68736
0.000540885 793523 429.205 84096
0.000551155 951266 524.295 102528
0.000540044 1.20871e+06 652.757 127104
0.000550875 1.47175e+06 810.75 157824
0.000542649 1.8852e+06 1023 197760
0.000530866 2.40927e+06 1279 246912
0.00053828 2.95816e+06 1592.32 308352
0.000533161 3.73982e+06 1993.93 385152
0.000543611 4.6009e+06 2501.1 483456
0.000528732 5.942e+06 3141.72 606336
0.000547137 7.22783e+06 3954.61 763008
0.000568117 8.74061e+06 4965.69 959616
0.000537319 1.16424e+07 6255.67 1205376
0.00051715 1.51979e+07 7859.58 1515648
0.00059558 1.65526e+07 9858.41 1905792
0.000582475 2.13834e+07 12455.3 2397312
0.000582345 2.68512e+07 15636.7 3014784
0.00077318 2.5384e+07 19626.4 3795072
0.00071053 3.4941e+07 24826.6 4775040
0.00073146 4.26202e+07 31175 6009984
0.000797005 4.90696e+07 39108.7 7564416
0.000822134 6.02426e+07 49527.5 9521280
0.000792056 7.84917e+07 62169.8 11985024
0.000905433 8.61289e+07 77984 15087744
0.00102373 9.65408e+07 98831.6 18992256
0.00112571 1.10164e+08 124013 23907456
0.00139734 1.11284e+08 155503 30094464
0.00157588 1.25148e+08 197217 37885056
0.00194165 1.27412e+08 247390 47693952
0.0027941 1.11002e+08 310150 60040320
0.00385668 1.02057e+08 393600 75584640
0.00526469 9.37464e+07 493545 95153280
0.0070432 8.7831e+07 618611 119787648
0.00932885 8.41714e+07 785223 150802560
0.0121465 8.10668e+07 984674 189847680
0.0155491 7.93567e+07 1.23392e+06 239002752
0.01996 7.84571e+07 1.566e+06 300885120
0.0255178 7.69886e+07 1.96458e+06 378791040
0.0323648 7.60482e+07 2.46128e+06 476867712
0.0410645 7.60546e+07 3.12314e+06 600337536
0.0520043 7.53704e+07 3.91959e+06 755777664
0.0658175 7.45911e+07 4.9094e+06 951467136
0.0832955 7.47761e+07 6.22851e+06 1197823104
0.105267 7.42864e+07 7.81989e+06 1507969152
0.132865 7.37002e+07 9.79217e+06 1898420352
0.167411 7.41942e+07 1.24209e+07 2389968000
0.211104 7.38976e+07 1.56001e+07 3008788608
0.265845 7.34613e+07 1.95293e+07 3787838592
0.33503 7.3924e+07 2.47668e+07 4768605312
0.42246 7.36541e+07 3.11159e+07 6003315840
0.532275 7.31593e+07 3.89409e+07 7557726336
0.669061 7.37909e+07 4.93706e+07 9514611840
0.843412 7.35614e+07 6.20426e+07 11978183808
1.06113 7.31427e+07 7.76137e+07 15079638144
