# filename: ./acpphint-ThreadRipper1950X-131072MiB-threads_32-LP64-Fedora_32-g++_10_O3lto-libstdc++-cpulockdown-DSIZE_ul-ISIZE_ul-using_16_threads.txt
# acpphint_main version: 0.1.23

0.000724807 86919.7 63 7808
0.000842423 93777.1 79 9472
0.000748263 126961 95 11136
0.000773039 143589 111 12800
0.000776717 163509 127 14464
0.000826882 192289 159 17792
0.000816994 233784 191 21120
0.00074212 320703 238 26112
0.000722533 392600 283.667 31104
0.000753472 462224 348.273 37760
0.000743743 577087 429.204 46080
0.000728314 719875 524.295 56064
0.000619245 1.05412e+06 652.757 69376
0.000644223 1.25849e+06 810.75 86016
0.000690512 1.48151e+06 1023 107648
0.000614997 2.07968e+06 1279 134272
0.000571955 2.78399e+06 1592.32 167552
0.000610749 3.26472e+06 1993.93 209152
0.000604968 4.13427e+06 2501.1 262400
0.000637079 4.93145e+06 3141.72 328960
0.00066844 5.91618e+06 3954.61 413824
0.000542168 9.15894e+06 4965.68 520320
0.000586993 1.06571e+07 6255.67 653440
0.000686484 1.1449e+07 7859.57 821504
0.000738073 1.33569e+07 9858.39 1032832
0.000786405 1.58382e+07 12455.3 1299072
0.000703717 2.22201e+07 15636.6 1633536
0.000613575 3.19868e+07 19626.3 2056192
0.000771357 3.21855e+07 24826.5 2587008
0.000598505 5.20878e+07 31174.8 3255936
0.000626169 6.24566e+07 39108.4 4097920
0.0006218 7.9651e+07 49527 5157888
0.000675533 9.20295e+07 62169 6492416
0.000640095 1.2183e+08 77982.7 8173056
0.000810121 1.21994e+08 98829.6 10288000
0.000828857 1.49615e+08 124010 12950400
0.000828285 1.87734e+08 155498 16301696
0.000841932 2.34234e+08 197209 20521600
0.000890896 2.77672e+08 247377 25834752
0.00119294 2.5997e+08 310129 32522368
0.00148006 2.65913e+08 393567 40942208
0.00188301 2.62077e+08 493494 51541888
0.00289936 2.13334e+08 618531 64885504
0.00414303 1.89497e+08 785093 81685248
0.0056737 1.73515e+08 984470 102834688
0.00755603 1.63261e+08 1.2336e+06 129460352
0.00998138 1.56841e+08 1.56549e+06 162979968
0.0128795 1.52473e+08 1.96377e+06 205179008
0.0165684 1.48476e+08 2.46001e+06 258303872
0.0213043 1.46501e+08 3.1211e+06 325183360
0.0271575 1.44209e+08 3.91636e+06 409380096
0.0344687 1.42284e+08 4.90434e+06 515378560
0.0436721 1.42434e+08 6.22038e+06 648821376
0.0553244 1.41114e+08 7.80707e+06 816817152
0.0699066 1.39788e+08 9.77207e+06 1028311552
0.088373 1.40186e+08 1.23886e+07 1294566528
0.111451 1.39515e+08 1.55492e+07 1629761024
0.140566 1.38366e+08 1.94495e+07 2051746432
0.177359 1.38919e+08 2.46386e+07 2582995072
0.223785 1.38141e+08 3.09139e+07 3251796608
0.281821 1.37055e+08 3.86249e+07 4093768960
0.355077 1.37615e+08 4.88639e+07 5153748608
0.447027 1.37004e+08 6.12444e+07 6488183424
0.563682 1.35482e+08 7.63686e+07 8168137856
0.709785 1.35776e+08 9.63719e+07 10283075200
0.894023 1.34777e+08 1.20494e+08 12945623296
1.12545 1.33013e+08 1.497e+08 16297573248
