# filename: ./acpphint-ThreadRipper1950X-131072MiB-threads_32-LP64-Fedora_32-g++_10_O3lto-libstdc++-DSIZE_ui-ISIZE_ui-using_8_threads-cpus_kx2s_0_14.txt
# acpphint_main version: 0.1.23

0.000353537 87643.9 30.9854 2240
0.000332226 117320 38.9766 2656
0.000296357 158478 46.9661 3072
0.000291689 188399 54.9539 3488
0.000295476 213011 62.9395 3904
0.000261 302316 78.9044 4736
0.00031316 302919 94.8621 5568
0.000272863 433627 118.321 6816
0.000285917 493636 141.139 8064
0.000302839 572137 173.265 9728
0.000277762 768530 213.468 11808
0.000300816 866610 260.69 14304
0.000285647 1.13543e+06 324.332 17632
0.00024563 1.63881e+06 402.541 21792
0.000261771 1.93698e+06 507.046 27200
0.000309162 2.04691e+06 632.826 33856
0.00028746 2.73544e+06 786.33 42176
0.000261992 3.74724e+06 981.747 52576
0.00028733 4.27038e+06 1227.01 65888
0.000272141 5.63667e+06 1533.97 82528
0.000307429 6.24326e+06 1919.36 103744
0.00029755 8.04094e+06 2392.58 130368
0.000273915 1.08989e+07 2985.37 163648
0.000310294 1.19505e+07 3708.16 205664
0.000364819 1.25704e+07 4585.92 258496
0.000393743 1.44449e+07 5687.58 325056
0.000440874 1.5848e+07 6986.96 408672
0.000407039 2.09776e+07 8538.72 514336
0.000479398 2.17722e+07 10437.6 647040
0.000493134 2.55418e+07 12595.5 814272
