# filename: ./acpphint-ThreadRipper1950X-131072MiB-threads_32-LP64-Fedora_32-g++_10_O3lto-libstdc++-cpulockdown-DSIZE_ld-ISIZE_ull-using_8_threads-cpus_kx2s_0_6_16_22.txt
# acpphint_main version: 0.1.23

0.000234389 132259 31 6720
0.000236192 165120 39 8256
0.000229369 204910 47 9792
0.000233607 235438 55 11328
0.00022995 273973 63 12864
0.000236804 333609 79 15936
0.000236402 401858 95 19008
0.000236884 500386 118.533 23616
0.000241964 584569 141.445 28224
0.000236513 734537 173.727 34368
0.000244768 874968 214.164 42048
0.000239869 1.09114e+06 261.732 51264
0.000244177 1.33489e+06 325.949 63552
0.000228307 1.77399e+06 405.014 78912
0.000236041 2.16488e+06 511 98880
0.000238757 2.67636e+06 639 123456
0.000241232 3.29921e+06 795.875 154176
0.00026141 3.81255e+06 996.639 192576
0.000243816 5.12849e+06 1250.41 241728
0.000259246 6.05856e+06 1570.66 303168
0.000248586 7.95392e+06 1977.23 381504
0.000256081 9.69715e+06 2483.26 479808
0.000259607 1.20483e+07 3127.82 602688
0.000272992 1.43969e+07 3930.23 757824
0.000296888 1.66085e+07 4930.87 952896
0.000304343 2.04634e+07 6227.9 1198656
0.000327917 2.3847e+07 7819.83 1507392
0.000358586 2.73782e+07 9817.43 1897536
0.000403342 3.07778e+07 12414 2387520
0.000464599 3.35581e+07 15591.1 3004992
0.00052257 3.74378e+07 19563.9 3782208
0.000640366 3.86732e+07 24765 4760640
0.000712143 4.36608e+07 31092.7 5992512
0.000839437 4.64746e+07 39012.5 7543872
0.000991167 4.98583e+07 49417.9 9496128
0.00120983 5.12655e+07 62022.8 11953728
0.00155981 4.98742e+07 77794.5 15047232
0.00191273 5.15552e+07 98611.2 18942528
0.00235283 5.25872e+07 123729 23846976
0.00283648 5.47033e+07 155165 30020160
0.003547 5.54841e+07 196802 37792320
0.00431718 5.71766e+07 246842 47576640
0.00530778 5.83092e+07 309492 59893824
0.00657779 5.96889e+07 392621 75401280
0.00828785 5.94218e+07 492479 94923840
0.0104153 5.92733e+07 617350 119501376
0.012994 6.02625e+07 783052 150442560
0.0162985 6.02867e+07 982585 189395520
0.0204423 6.02404e+07 1.23145e+06 238433856
0.0255052 6.12326e+07 1.56175e+06 300168768
0.0319816 6.12986e+07 1.96043e+06 377888832
0.0403353 6.09003e+07 2.45643e+06 475733568
0.0505697 6.15943e+07 3.11481e+06 598911552
0.0637957 6.13111e+07 3.91138e+06 753984576
0.0799035 6.13225e+07 4.89988e+06 949210176
0.100508 6.1808e+07 6.21218e+06 1194984000
0.126519 6.16791e+07 7.8036e+06 1504394304
0.158964 6.14822e+07 9.77345e+06 1893919296
0.200273 6.18598e+07 1.23889e+07 2384302656
0.252329 6.16962e+07 1.55678e+07 3001657920
0.317168 6.1458e+07 1.94925e+07 3778863168
0.398815 6.1943e+07 2.47038e+07 4757305920
0.503104 6.17203e+07 3.10517e+07 5989091904
0.631041 6.15942e+07 3.88684e+07 7539819072
0.794208 6.20078e+07 4.9247e+07 9492068928
1.00166 6.18121e+07 6.1915e+07 11949805632
