# filename: ./acpphint-ThreadRipper1950X-131072MiB-threads_32-LP64-Fedora_32-g++_10_O3lto-libstdc++-cpulockdown-DSIZE_ul-ISIZE_ul-using_4_threads-cpus_0_3.txt
# acpphint_main version: 0.1.23

0.000146741 102221 15 1952
0.000156239 121609 19 2368
0.000133536 172238 23 2784
0.000117645 229504 27 3200
0.000133285 232584 31 3616
0.000135429 287974 39 4448
0.000141421 332341 47 5280
0.000136561 430577 58.8001 6528
0.000138686 507145 70.3339 7776
0.000136291 634340 86.4548 9440
0.000130059 819964 106.644 11520
0.000159546 817641 130.451 14016
0.000152662 1.06475e+06 162.546 17344
0.000131111 1.5418e+06 202.147 21504
0.000153203 1.66446e+06 255 26912
0.000123366 2.5858e+06 319 33568
0.000149807 2.65445e+06 397.655 41888
0.000168884 2.94873e+06 497.994 52288
0.000168373 3.71234e+06 625.057 65600
0.000151309 5.1889e+06 785.128 82240
0.000132704 7.4492e+06 988.539 103456
0.00012546 9.89978e+06 1242.03 130080
0.000135089 1.15768e+07 1563.9 163360
0.000154906 1.26886e+07 1965.55 205376
0.000145498 1.69561e+07 2467.07 258208
0.000149036 2.08957e+07 3114.2 324768
0.000154616 2.52974e+07 3911.39 408384
0.000155097 3.16762e+07 4912.88 514048
0.000166809 3.7214e+07 6207.63 646752
0.000192719 4.04687e+07 7799.08 813984
0.000218879 4.4734e+07 9791.33 1024480
0.000232665 5.32256e+07 12383.7 1289472
0.000274105 5.6745e+07 15554.1 1623104
0.000282531 6.91123e+07 19526.4 2043264
0.000290847 8.49616e+07 24710.8 2572000
0.000391449 7.92631e+07 31027.5 3237600
0.000453077 8.59446e+07 38939.5 4075424
0.000404925 1.2177e+08 49307.6 5130400
0.000577836 1.07119e+08 61897.1 6458688
0.000851369 9.12293e+07 77669.8 8130592
0.00105697 9.30966e+07 98400.6 10235552
0.00120008 1.02898e+08 123486 12885472
0.00164575 9.41362e+07 154925 16221376
0.0016455 1.19301e+08 196309 20421312
0.00221911 1.1102e+08 246365 25708672
0.00295223 1.04678e+08 309034 32365088
0.00386652 1.01263e+08 391534 40744992
0.00500771 9.81528e+07 491521 51294752
0.00638757 9.65044e+07 616428 64575968
0.00812098 9.61558e+07 780880 81295840
0.0104043 9.42473e+07 980581 102345024
0.0131881 9.32285e+07 1.22951e+06 128844640
0.0166755 9.33871e+07 1.55728e+06 162205344
0.0211344 9.25534e+07 1.95606e+06 204204288
0.0267033 9.18251e+07 2.45204e+06 257077888
0.0337718 9.19437e+07 3.10511e+06 323641632
0.0425937 9.15891e+07 3.90112e+06 407440256
0.0537961 9.08766e+07 4.88881e+06 512936608
0.0677881 9.13023e+07 6.18922e+06 645748768
0.0854247 9.10373e+07 7.77683e+06 812949152
0.107695 9.04574e+07 9.7418e+06 1023442240
0.135523 9.09655e+07 1.23279e+07 1288437152
0.170867 9.06509e+07 1.54893e+07 1622045856
0.214981 9.01968e+07 1.93906e+07 2042034464
0.270753 9.05645e+07 2.45206e+07 2570768800
0.34095 9.0323e+07 3.07956e+07 3236405824
0.429228 8.97206e+07 3.85106e+07 4074393312
0.5403 9.00164e+07 4.86359e+07 5129356832
0.680985 8.95941e+07 6.10123e+07 6457477184
0.856848 8.88709e+07 7.61488e+07 8129481856
1.07908 8.89055e+07 9.59359e+07 10234411072
