# filename: ./acpphint-ThreadRipper1950X-131072MiB-threads_32-LP64-Fedora_32-g++_10_O3lto-libstdc++-cpulockdown-DSIZE_d-ISIZE_ul-using_1_threads.txt
# acpphint_main version: 0.1.23

4.57391e-08 2.18631e+07 1 280
6.81333e-08 2.93542e+07 2 384
9.24545e-08 3.24484e+07 3 488
1.10778e-07 3.61083e+07 4 592
1.31e-07 3.81679e+07 5 696
1.52e-07 3.94737e+07 6 800
1.723e-07 4.06268e+07 7 904
2.21625e-07 4.06091e+07 9 1112
2.62167e-07 4.1958e+07 11 1320
3.27167e-07 4.27916e+07 14 1632
3.7825e-07 4.49438e+07 17 1944
4.635e-07 4.53074e+07 21 2360
5.86e-07 4.43686e+07 26 2880
7.015e-07 4.56165e+07 32 3504
8.77e-07 4.561e+07 40 4336
1.082e-06 4.62107e+07 50 5376
1.352e-06 4.65976e+07 63 6728
1.693e-06 4.66627e+07 79 8392
2.124e-06 4.66102e+07 99 10472
2.645e-06 4.68809e+07 124 13072
3.387e-06 4.60585e+07 156 16400
4.308e-06 4.54967e+07 196 20560
5.44e-06 4.54044e+07 247 25864
6.834e-06 4.55077e+07 311 32520
8.677e-06 4.50616e+07 391 40840
1.0921e-05 4.50508e+07 492 51344
1.3786e-05 4.49006e+07 619 64552
1.7203e-05 4.52828e+07 778.999 81192
2.1942e-05 4.46632e+07 979.999 102096
2.7783e-05 4.44156e+07 1234 128512
3.5198e-05 4.41218e+07 1553 161688
4.3854e-05 4.45797e+07 1955 203496
5.5386e-05 4.44335e+07 2460.99 256120
7.0605e-05 4.38778e+07 3097.99 322368
8.7608e-05 4.45163e+07 3899.99 405776
0.000110852 4.42931e+07 4909.98 510816
0.000138485 4.46327e+07 6180.96 643000
0.000174174 4.46734e+07 7780.94 809400
0.000222496 4.40228e+07 9794.91 1018856
0.000283102 4.35562e+07 12330.9 1282600
0.000356923 4.34933e+07 15523.8 1614672
0.000399094 4.89675e+07 19542.6 2032648
0.000488985 5.03132e+07 24602.4 2558888
0.000588867 5.2596e+07 30972 3221368
0.000887359 4.39399e+07 38990.5 4055344
0.00112743 4.35377e+07 49085.6 5105328
0.00143247 4.31381e+07 61794.2 6427168
0.00156933 4.95706e+07 77792.9 8091272
0.001949 5.0248e+07 97933.4 10186248
0.00241456 5.10601e+07 123288 12823688
0.00316995 4.89614e+07 155205 16143992
0.0039127 4.99355e+07 195383 20323960
0.00501974 4.89985e+07 245959 25586256
0.00638088 4.85239e+07 309625 32211160
0.00812606 4.79646e+07 389763 40551336
0.0117302 4.18266e+07 490634 51051072
0.0131008 4.71416e+07 617593 64269472
0.0167914 4.62963e+07 777381 80910408
0.0232537 4.2078e+07 978467 101860064
0.0262931 4.68376e+07 1.2315e+06 128234152
0.0374963 4.13344e+07 1.54988e+06 161437192
0.0411983 4.73418e+07 1.9504e+06 203237288
0.0581477 4.2206e+07 2.45418e+06 255860560
0.066819 4.62095e+07 3.08767e+06 322109288
0.0866235 4.48382e+07 3.88404e+06 405511464
0.109041 4.4798e+07 4.88483e+06 510508616
0.137403 4.46998e+07 6.14187e+06 642692200
0.171837 4.49257e+07 7.71989e+06 809101456
0.232608 4.16986e+07 9.69942e+06 1018598328
0.272705 4.46646e+07 1.21803e+07 1282339208
0.342561 4.46228e+07 1.5286e+07 1614369296
0.432577 4.43118e+07 1.91683e+07 2032370464
0.544398 4.41089e+07 2.40128e+07 2558602768
0.717396 4.18794e+07 3.00441e+07 3221089944
0.946211 3.9666e+07 3.75324e+07 4055111912
1.19541 3.91474e+07 4.6797e+07 5105083328
