# filename: ./acpphint-ThreadRipper1950X-131072MiB-threads_32-LP64-Fedora_32-g++_10_O3lto-libstdc++-DSIZE_d-ISIZE_ull-using_4_threads-cpus_kx8_kx8p2_0_8.txt
# acpphint_main version: 0.1.23

0.000117465 127698 15 1952
0.00011464 165736 19 2368
0.000117615 195553 23 2784
8.9992e-05 300027 27 3200
0.000126522 245017 31 3616
0.000115932 336404 39 4448
0.000154345 304513 47 5280
0.000126191 465961 58.8001 6528
7.7087e-05 912396 70.3338 7776
0.000152612 566501 86.4548 9440
0.000179504 594102 106.644 11520
0.000114139 1.14292e+06 130.451 14016
0.00011532 1.40952e+06 162.546 17344
0.000119268 1.6949e+06 202.147 21504
0.000114018 2.23649e+06 255 26912
0.000116944 2.7278e+06 319 33568
0.000117215 3.39252e+06 397.655 41888
0.000115842 4.2989e+06 497.994 52288
0.000116082 5.38462e+06 625.057 65600
0.00011459 6.85162e+06 785.127 82240
0.000155277 6.36629e+06 988.538 103456
0.000120701 1.02901e+07 1242.02 130080
0.000116903 1.33778e+07 1563.9 163360
0.000110883 1.77263e+07 1965.54 205376
0.000124999 1.97367e+07 2467.07 258208
0.000187258 1.66305e+07 3114.2 324768
0.000192658 2.03022e+07 3911.38 408384
0.000194973 2.51976e+07 4912.86 514048
0.000151289 4.10315e+07 6207.61 646752
0.00021395 3.64526e+07 7799.04 813984
0.000165146 5.92885e+07 9791.26 1024480
0.000202317 6.1209e+07 12383.6 1289472
0.000194883 7.98115e+07 15553.9 1623104
0.000258034 7.56725e+07 19526.1 2043264
0.000292821 8.43873e+07 24710.4 2572000
0.000338658 9.16168e+07 31026.7 3237600
0.000385928 1.00895e+08 38938.4 4075424
0.000400877 1.22995e+08 49305.7 5130400
0.000479217 1.29157e+08 61894.1 6458688
0.000594668 1.30602e+08 77665.1 8130592
0.000657398 1.49671e+08 98393.2 10235552
0.00080984 1.52467e+08 123474 12885472
0.000955028 1.62201e+08 154906 16221376
0.00121625 1.61381e+08 196280 20421312
0.00195397 1.2606e+08 246318 25708672
0.00208738 1.48013e+08 308961 32365088
0.00271845 1.43985e+08 391417 40744992
0.0033176 1.481e+08 491336 51294752
0.00421621 1.46136e+08 616138 64575968
0.00557064 1.40094e+08 780415 81295840
0.00713288 1.3737e+08 979847 102345024
0.00877787 1.39938e+08 1.22836e+06 128844640
0.0113965 1.36483e+08 1.55543e+06 162205344
0.0142073 1.37475e+08 1.95315e+06 204204288
0.0182371 1.34202e+08 2.44746e+06 257077888
0.0232718 1.33112e+08 3.09776e+06 323641632
0.0291238 1.33551e+08 3.88952e+06 407440256
0.0366938 1.32737e+08 4.87062e+06 512936608
0.0457672 1.34596e+08 6.16009e+06 645748768
0.0584958 1.3216e+08 7.73084e+06 812949152
0.0729184 1.32611e+08 9.66976e+06 1023442240
0.0919966 1.32751e+08 1.22127e+07 1288437152
0.116148 1.31797e+08 1.53079e+07 1622045856
