# filename: ./acpphint-ThreadRipper1950X-131072MiB-threads_32-LP64-Fedora_32-g++_10_O3lto-libstdc++-cpulockdown-DSIZE_ul-ISIZE_ul-using_16_threads-cpus_kx2s_0_30.txt
# acpphint_main version: 0.1.23

0.000622 101286 63 7808
0.000572867 137903 79 9472
0.000518442 183241 95 11136
0.000519705 213583 111 12800
0.000551505 230279 127 14464
0.000626779 253678 159 17792
0.000599197 318760 191 21120
0.000646197 368309 238 26112
0.00055397 512062 283.667 31104
0.000540594 644241 348.273 37760
0.00061153 701854 429.204 46080
0.000653 802902 524.295 56064
0.000576493 1.13229e+06 652.757 69376
0.000536898 1.51006e+06 810.75 86016
0.000495799 2.06334e+06 1023 107648
0.000547057 2.33796e+06 1279 134272
0.000552958 2.87964e+06 1592.32 167552
0.000541837 3.67994e+06 1993.93 209152
0.000585461 4.27202e+06 2501.1 262400
0.000618323 5.08104e+06 3141.72 328960
0.000660545 5.98689e+06 3954.61 413824
0.000619546 8.01504e+06 4965.68 520320
0.000637971 9.80557e+06 6255.67 653440
0.000572906 1.37188e+07 7859.57 821504
0.000675603 1.4592e+07 9858.39 1032832
0.00054328 2.2926e+07 12455.3 1299072
0.000500959 3.12134e+07 15636.6 1633536
0.000507842 3.86465e+07 19626.3 2056192
0.000620558 4.00067e+07 24826.5 2587008
0.000635746 4.90366e+07 31174.8 3255936
0.000608806 6.42378e+07 39108.4 4097920
0.000628824 7.87613e+07 49527 5157888
0.000609185 1.02053e+08 62169 6492416
0.000610368 1.27763e+08 77982.7 8173056
0.000634284 1.55813e+08 98829.6 10288000
0.000661205 1.87551e+08 124010 12950400
0.000834948 1.86236e+08 155498 16301696
0.00088267 2.23423e+08 197209 20521600
0.000841811 2.93863e+08 247377 25834752
0.000978372 3.16985e+08 310129 32522368
0.00145387 2.70702e+08 393567 40942208
0.00197815 2.49473e+08 493494 51541888
0.00288729 2.14226e+08 618531 64885504
0.00411859 1.90622e+08 785093 81685248
0.00574672 1.7131e+08 984470 102834688
0.00751352 1.64185e+08 1.2336e+06 129460352
0.00985191 1.58902e+08 1.56549e+06 162979968
0.0127035 1.54585e+08 1.96377e+06 205179008
0.0163168 1.50766e+08 2.46001e+06 258303872
0.0209526 1.4896e+08 3.1211e+06 325183360
0.0265193 1.4768e+08 3.91636e+06 409380096
0.0337122 1.45477e+08 4.90434e+06 515378560
0.0427612 1.45468e+08 6.22038e+06 648821376
0.0540063 1.44558e+08 7.80707e+06 816817152
0.068251 1.43179e+08 9.77207e+06 1028311552
0.0863398 1.43487e+08 1.23886e+07 1294566528
0.109091 1.42534e+08 1.55492e+07 1629761024
0.137494 1.41457e+08 1.94495e+07 2051746432
0.173484 1.42022e+08 2.46386e+07 2582995072
0.218734 1.41331e+08 3.09139e+07 3251796608
0.27573 1.40083e+08 3.86249e+07 4093768960
0.34731 1.40692e+08 4.88639e+07 5153748608
0.437662 1.39936e+08 6.12444e+07 6488183424
0.551006 1.38599e+08 7.63686e+07 8168137856
0.693977 1.38869e+08 9.63719e+07 10283075200
0.874147 1.37841e+08 1.20494e+08 12945623296
1.10057 1.3602e+08 1.497e+08 16297573248
