# filename: ./acpphint-ThreadRipper1950X-131072MiB-threads_32-LP64-Fedora_32-g++_10_O3lto-libstdc++-cpulockdown-DSIZE_ui-ISIZE_ui-using_4_threads-cpus_kx8_kx8p2_0_8.txt
# acpphint_main version: 0.1.23

0.000176227 85098.1 14.9966 1120
0.000189493 100238 18.9944 1328
0.000149105 154199 22.9919 1536
0.000209331 128929 26.9889 1744
0.000182018 170232 30.9854 1952
0.00014646 266124 38.9766 2368
0.000164204 286023 46.9661 2784
0.000180135 326133 58.7479 3408
0.000171078 410673 70.2572 4032
0.000176758 488472 86.3413 4864
0.000149416 712577 106.47 5904
0.000145288 896088 130.191 7152
0.000161059 1.00674e+06 162.144 8816
0.000154727 1.30246e+06 201.526 10896
0.000152361 1.66717e+06 254.012 13600
0.000155197 2.04548e+06 317.453 16928
0.000174133 2.26987e+06 395.259 21088
0.000159656 3.0957e+06 494.246 26288
0.000155237 3.98841e+06 619.15 32944
0.000159616 4.86072e+06 775.849 41264
0.000216645 4.49515e+06 973.853 51872
0.000180486 6.75347e+06 1218.91 65184
0.000211445 7.22394e+06 1527.47 81824
0.000230811 8.26814e+06 1908.38 102832
0.000216354 1.09891e+07 2377.55 129248
0.000257824 1.1531e+07 2972.96 162528
0.000245259 1.50507e+07 3691.32 204336
0.000223107 2.04849e+07 4570.33 257168
0.000277752 2.04164e+07 5670.69 323520
0.000293712 2.37304e+07 6969.9 407136
0.000246692 3.45319e+07 8518.73 512384
0.000272611 3.82079e+07 10415.9 644880
0.000325503 3.86209e+07 12571.2 811696
