# filename: ./acpphint-ThreadRipper1950X-131072MiB-threads_32-LP64-Fedora_32-g++_10_O3lto-libstdc++-DSIZE_f-ISIZE_ui-using_1_threads.txt
# acpphint_main version: 0.1.23

4.55e-08 2.19888e+07 1.00049 176
6.575e-08 3.04266e+07 2.00055 228
8.68333e-08 3.45602e+07 3.00098 280
1.05778e-07 3.78223e+07 4.00076 332
1.265e-07 3.95344e+07 5.0011 384
1.47429e-07 4.07078e+07 6.00149 436
1.66167e-07 4.21381e+07 7.00195 488
2.06625e-07 4.35645e+07 9.00152 592
2.455e-07 4.48065e+07 11 696
3.08833e-07 4.53318e+07 14 852
3.6575e-07 4.6473e+07 16.9975 1008
4.4575e-07 4.71116e+07 21 1216
5.46e-07 4.76088e+07 25.9944 1476
6.665e-07 4.79932e+07 31.9875 1788
8.265e-07 4.83735e+07 39.9807 2204
1.022e-06 4.88751e+07 49.9504 2724
1.283e-06 4.9055e+07 62.9376 3400
1.613e-06 4.89017e+07 78.8784 4232
2.024e-06 4.88193e+07 98.8103 5272
2.515e-06 4.92095e+07 123.762 6572
3.176e-06 4.89863e+07 155.581 8236
3.998e-06 4.88875e+07 195.452 10316
5.049e-06 4.87373e+07 246.074 12968
6.292e-06 4.91971e+07 309.548 16296
7.985e-06 4.86795e+07 388.706 20456
1.0069e-05 4.84341e+07 487.683 25708
1.2825e-05 4.76705e+07 611.374 32312
1.6171e-05 4.7311e+07 765.065 40632
2.0219e-05 4.73459e+07 957.287 51084
2.5429e-05 4.70919e+07 1197.5 64292
3.2172e-05 4.6528e+07 1496.9 80880
4.0387e-05 4.62684e+07 1868.64 101784
5.1499e-05 4.50428e+07 2319.66 128096
6.5555e-05 4.38565e+07 2875.01 161220
8.1336e-05 4.36844e+07 3553.12 202924
