# filename: ./acpphint-ThreadRipper1950X-131072MiB-threads_32-LP64-Fedora_32-g++_10_O3lto-libstdc++-DSIZE_ld-ISIZE_ull-using_4_threads.txt
# acpphint_main version: 0.1.23

0.000120972 123996 15 3360
0.000116363 163282 19 4128
0.000116563 197318 23 4896
0.000116473 231813 27 5664
0.000118066 262565 31 6432
0.000117415 332155 39 7968
0.000117004 401696 47 9504
0.000116534 504574 58.8001 11808
0.000117806 597031 70.3339 14112
0.000153303 563947 86.4548 17184
0.000118347 901110 106.644 21024
0.000120731 1.08051e+06 130.451 25632
0.000121372 1.33924e+06 162.546 31776
0.00012538 1.61228e+06 202.147 39456
0.00019333 1.31899e+06 255 49440
0.00019345 1.649e+06 319 61728
0.000117495 3.38444e+06 397.655 77088
0.000116533 4.27341e+06 497.994 96288
0.000116393 5.37023e+06 625.057 120864
0.000118868 6.60504e+06 785.128 151584
0.000145208 6.80775e+06 988.539 190752
0.000145398 8.54225e+06 1242.03 239904
0.000117004 1.33662e+07 1563.9 301344
0.000117776 1.66889e+07 1965.55 378912
0.000158233 1.55914e+07 2467.08 476448
0.000191997 1.62201e+07 3114.21 599328
0.000194082 2.01533e+07 3911.39 753696
0.000232856 2.10984e+07 4912.88 948768
0.000236512 2.62466e+07 6207.64 1193760
0.000351563 2.21841e+07 7799.09 1502496
0.000424532 2.30639e+07 9791.35 1891104
0.000462295 2.67876e+07 12383.8 2380320
0.00050702 3.06776e+07 15554.1 2996256
0.000577325 3.38223e+07 19526.4 3771936
0.00069486 3.55625e+07 24711 4748064
0.000803398 3.86206e+07 31027.7 5976864
0.000970568 4.01207e+07 38939.8 7523616
0.00116151 4.24516e+07 49308.1 9471264
0.00146413 4.22762e+07 61897.9 11923488
0.00181657 4.2757e+07 77671 15010080
0.00221022 4.45216e+07 98402.6 18896160
0.00267825 4.61081e+07 123489 23788320
0.00343831 4.50598e+07 154930 29946912
0.00425628 4.61243e+07 196318 37700640
0.00530953 4.64028e+07 246377 47461920
0.00662199 4.66708e+07 309054 59750688
0.00850977 4.60137e+07 391566 75221280
0.0106851 4.60053e+07 491572 94697760
0.0134724 4.57607e+07 616508 119216928
0.0168802 4.62677e+07 781008 150084384
0.0211263 4.64249e+07 980783 188944416
0.0264719 4.64578e+07 1.22983e+06 237866784
0.0334441 4.65788e+07 1.55779e+06 299455776
0.0417736 4.68447e+07 1.95687e+06 376992288
0.0526437 4.6602e+07 2.4533e+06 474605088
0.0664212 4.67792e+07 3.10713e+06 597492000
0.0834616 4.67798e+07 3.90432e+06 752197152
0.104916 4.66454e+07 4.89384e+06 946959648
0.132308 4.68397e+07 6.19727e+06 1192151328
0.166974 4.66512e+07 7.78956e+06 1500828960
0.209925 4.65013e+07 9.76177e+06 1889431584
0.263834 4.68474e+07 1.23599e+07 2378652960
0.33311 4.66508e+07 1.55398e+07 2994545952
0.418114 4.65661e+07 1.94699e+07 3769909536
0.526075 4.68518e+07 2.46476e+07 4746034464
0.664779 4.66261e+07 3.09961e+07 5974902816
0.834271 4.65373e+07 3.88247e+07 7521956640
1.04958 4.68165e+07 4.91379e+07 9469581600
