# filename: ./acpphint-ThreadRipper1950X-131072MiB-threads_32-LP64-Fedora_32-g++_10_O3lto-libstdc++-DSIZE_d-ISIZE_ull-using_16_threads-cpus_kx2s_0_30.txt
# acpphint_main version: 0.1.23

0.000494927 127291 63 7808
0.000629916 125414 79 9472
0.000533471 178079 95 11136
0.000535244 207382 111 12800
0.00051723 245539 127 14464
0.000555343 286310 159 17792
0.000509235 375072 191 21120
0.000515367 461807 238 26112
0.000514204 551662 283.667 31104
0.000519735 670097 348.273 37760
0.000518793 827313 429.204 46080
0.000517691 1.01276e+06 524.295 56064
0.000519905 1.25553e+06 652.757 69376
0.000497833 1.62856e+06 810.749 86016
0.000502271 2.03675e+06 1023 107648
0.000444591 2.8768e+06 1279 134272
0.000497021 3.20372e+06 1592.32 167552
0.00052244 3.81656e+06 1993.92 209152
0.000522039 4.79101e+06 2501.09 262400
0.000547898 5.73412e+06 3141.72 328960
0.000531617 7.43881e+06 3954.6 413824
0.000530837 9.35441e+06 4965.67 520320
0.00053278 1.17415e+07 6255.64 653440
0.000511809 1.53564e+07 7859.53 821504
0.000587074 1.67923e+07 9858.32 1032832
0.000522731 2.38271e+07 12455.1 1299072
0.000533 2.93367e+07 15636.5 1633536
0.000518973 3.78171e+07 19626 2056192
0.000535435 4.63661e+07 24826 2587008
0.000485058 6.42687e+07 31174.1 3255936
0.000476772 8.20249e+07 39107.2 4097920
0.000506831 9.77152e+07 49525.1 5157888
0.000556736 1.11662e+08 62166 6492416
0.000662488 1.17705e+08 77978 8173056
0.000648712 1.52336e+08 98822.1 10288000
0.000729105 1.70068e+08 123998 12950400
0.000775725 2.00431e+08 155479 16301696
0.000912266 2.16142e+08 197179 20521600
0.00114855 2.15342e+08 247330 25834752
0.00113183 2.73943e+08 310056 32522368
0.00131766 2.98596e+08 393448 40942208
0.0021152 2.33221e+08 493308 51541888
0.00298631 2.07024e+08 618238 64885504
0.00423755 1.8516e+08 784624 81685248
0.00574427 1.71254e+08 983730 102834688
0.00757056 1.62794e+08 1.23244e+06 129460352
0.00987018 1.58419e+08 1.56362e+06 162979968
0.0128035 1.53148e+08 1.96083e+06 205179008
0.0163822 1.49882e+08 2.4554e+06 258303872
0.0209936 1.48316e+08 3.11368e+06 325183360
0.0267573 1.45929e+08 3.90468e+06 409380096
0.0339932 1.43735e+08 4.88603e+06 515378560
0.0431467 1.43486e+08 6.19094e+06 648821376
0.0545804 1.42189e+08 7.76071e+06 816817152
0.0689485 1.40678e+08 9.69956e+06 1028311552
0.0871035 1.40893e+08 1.22723e+07 1294566528
0.110028 1.39659e+08 1.53664e+07 1629761024
