# filename: ./acpphint-RPi4B-8192MiB-threads_4-LP64-NetBSD_10_64bit-g++_8_O3-libstdc++-DSIZE_ul-ISIZE_ul-using_2_threads-cpus_1_2.txt
# acpphint_main version: 0.1.23

0.00999874 700.088 7 976
0.00999875 900.113 9 1184
4.8241e-05 228022 11 1392
4.7667e-05 272725 13 1600
4.7611e-05 315053 15 1808
4.7741e-05 397981 19 2224
4.8018e-05 478987 23 2640
4.7982e-05 603005 28.9334 3264
4.8111e-05 722880 34.7785 3888
4.8334e-05 885889 42.8186 4720
4.863e-05 1.08745e+06 52.8825 5760
4.8982e-05 1.32322e+06 64.8139 7008
4.9259e-05 1.64125e+06 80.8465 8672
5.0093e-05 2.01055e+06 100.715 10752
5.0796e-05 2.5002e+06 127 13456
5.1519e-05 3.08624e+06 159 16784
5.1685e-05 3.8415e+06 198.548 20944
5.2871e-05 4.70331e+06 248.668 26144
5.4555e-05 5.72577e+06 312.369 32800
5.3222e-05 7.3723e+06 392.369 41120
6.0074e-05 8.22631e+06 494.187 51728
6.5389e-05 9.50285e+06 621.382 65040
7.3592e-05 1.06255e+07 781.955 81680
8.1037e-05 1.21327e+07 983.196 102688
8.3814e-05 1.47364e+07 1235.11 129104
9.1222e-05 1.70724e+07 1557.38 162384
9.9093e-05 1.97507e+07 1957.15 204192
0.000108796 2.26155e+07 2460.47 257024
0.000127611 2.43279e+07 3104.51 323376
0.000146684 2.66087e+07 3903.07 406992
0.000175573 2.7936e+07 4904.82 512240
0.000231238 2.67828e+07 6193.19 644736
0.0003457 2.25189e+07 7784.78 811552
0.000629289 1.55459e+07 9782.87 1021632
0.00102323 1.2077e+07 12357.5 1286000
0.00158567 9.79398e+06 15530 1618800
0.00228618 8.5345e+06 19511.4 2037712
0.00307483 8.01881e+06 24656.5 2565200
0.00406845 7.61519e+06 30982 3229344
0.0099811 3.89954e+06 38921.7 4065296
0.00999171 4.92432e+06 49202.3 5117776
0.00999326 6.18529e+06 61811.3 6442736
0.0113524 6.83932e+06 77642.6 8110688
0.0143954 6.81904e+06 98162.9 10210656
0.0185428 6.65068e+06 123322 12854336
0.0233049 6.64628e+06 154891 16182544
0.0295478 6.62694e+06 195811 20372496
0.0370359 6.6435e+06 246048 25647376
0.0467347 6.61163e+06 308992 32287984
0.0584518 6.68227e+06 390591 40647920
0.0737886 6.6527e+06 490894 51172512
0.0928888 6.6358e+06 616392 64422320
0.117233 6.64572e+06 779097 81102672
0.147408 6.64376e+06 979346 102102144
0.185484 6.62879e+06 1.22953e+06 128538944
0.233898 6.64354e+06 1.55391e+06 161820816
0.294459 6.6346e+06 1.95361e+06 203720128
0.371082 6.60837e+06 2.45225e+06 256468304
0.467053 6.63468e+06 3.09874e+06 322874384
0.58809 6.62524e+06 3.89624e+06 406474576
0.740248 6.60528e+06 4.88954e+06 511721120
0.931225 6.63343e+06 6.17721e+06 644218576
1.17274 6.62304e+06 7.76712e+06 811022928
