# filename: ./acpphint-RPi4B-8192MiB-threads_4-LP64-NetBSD_10_64bit-g++_8_O3-libstdc++-DSIZE_ld-ISIZE_ull-using_4_threads-cpus_0_1_2_3.txt
# acpphint_main version: 0.1.23

0.00999827 1500.26 15 3360
0.0099989 1900.21 19 4128
0.00999778 2300.51 23 4896
0.00999841 2700.43 27 5664
0.00999965 3100.11 31 6432
0.00999799 3900.79 39 7968
0.00999873 4700.6 47 9504
0.00999899 5880.6 58.8001 11808
0.0099983 7034.58 70.3339 14112
0.00999856 8646.73 86.4548 17184
0.00999893 10665.5 106.644 21024
0.00999893 13046.5 130.451 25632
0.00999869 16256.7 162.546 31776
0.00999877 20217.2 202.147 39456
0.00999871 25503.3 255 49440
0.0099989 31903.5 319 61728
0.00999878 39770.3 397.655 77088
0.00999915 49803.6 497.994 96288
0.00999897 62512.2 625.057 120864
0.00999973 78514.9 785.128 151584
0.00999921 98861.7 988.539 190752
0.00999877 124218 1242.03 239904
0.00999871 156411 1563.9 301344
0.00999923 196570 1965.55 378912
0.00999878 246738 2467.08 476448
0.00999815 311478 3114.21 599328
0.00999795 391219 3911.39 753696
0.00999765 491403 4912.88 948768
0.00999567 621033 6207.64 1193760
0.00999654 780179 7799.09 1502496
0.00999638 979490 9791.35 1891104
0.00999497 1.239e+06 12383.8 2380320
0.00999619 1.55601e+06 15554.1 2996256
0.00999352 1.95391e+06 19526.4 3771936
0.00999632 2.47201e+06 24711 4748064
0.0199996 1.55141e+06 31027.7 5976864
0.0199903 1.94794e+06 38939.8 7523616
0.0199879 2.46689e+06 49308.1 9471264
0.0300021 2.06312e+06 61897.9 11923488
0.0299819 2.59059e+06 77671 15010080
0.0400426 2.45745e+06 98402.6 18896160
0.0499831 2.47062e+06 123489 23788320
0.0600782 2.5788e+06 154930 29946912
0.0703661 2.78995e+06 196318 37700640
0.0900215 2.73687e+06 246377 47461920
0.119954 2.57644e+06 309054 59750688
0.140081 2.79528e+06 391566 75221280
0.180042 2.73031e+06 491572 94697760
0.220853 2.79148e+06 616508 119216928
0.280097 2.78835e+06 781008 150084384
0.349992 2.8023e+06 980783 188944416
0.440046 2.79477e+06 1.22983e+06 237866784
0.559906 2.78223e+06 1.55779e+06 299455776
0.700502 2.79352e+06 1.95687e+06 376992288
0.870373 2.81868e+06 2.4533e+06 474605088
1.10018 2.82421e+06 3.10713e+06 597492000
