# filename: ./acpphint-RPi4B-8192MiB-threads_4-LP64-NetBSD_10_64bit-g++_8_O3-libstdc++-DSIZE_ul-ISIZE_ul-using_2_threads-cpus_0_3.txt
# acpphint_main version: 0.1.23

0.00983643 711.64 7 976
0.00985843 912.924 9 1184
0.0098496 1116.8 11 1392
0.00985899 1318.59 13 1600
0.00985919 1521.42 15 1808
0.00986402 1926.19 19 2224
0.00985799 2333.13 23 2640
0.00986404 2933.22 28.9334 3264
0.00986043 3527.07 34.7785 3888
0.00986178 4341.87 42.8186 4720
0.00985369 5366.77 52.8825 5760
0.00985793 6574.8 64.8139 7008
0.00986341 8196.6 80.8465 8672
0.00985286 10221.9 100.715 10752
0.00985354 12888.8 127 13456
0.00985456 16134.7 159 16784
0.00984658 20164.1 198.548 20944
0.00983708 25278.7 248.668 26144
0.00981452 31827.2 312.369 32800
0.00982049 39954.1 392.369 41120
0.00983641 50240.6 494.187 51728
0.00983412 63186.3 621.382 65040
0.00982428 79594.1 781.955 81680
0.00979132 100415 983.196 102688
0.00980404 125980 1235.11 129104
0.00979219 159043 1557.38 162384
0.00978556 200004 1957.15 204192
0.00978691 251405 2460.47 257024
0.00969956 320067 3104.51 323376
0.00967699 403335 3903.07 406992
0.00406006 1.20806e+06 4904.82 512240
0.0094016 658738 6193.19 644736
0.00936914 830896 7784.78 811552
0.00914635 1.06959e+06 9782.87 1021632
0.00898335 1.3756e+06 12357.5 1286000
0.00861843 1.80195e+06 15530 1618800
0.00809792 2.40943e+06 19511.4 2037712
0.00738937 3.33675e+06 24656.5 2565200
0.00622005 4.98099e+06 30982 3229344
0.00999513 3.89406e+06 38921.7 4065296
0.00999111 4.92461e+06 49202.3 5117776
0.00999852 6.18204e+06 61811.3 6442736
0.0112969 6.87292e+06 77642.6 8110688
0.0144309 6.80229e+06 98162.9 10210656
0.0184722 6.67608e+06 123322 12854336
0.0233043 6.64645e+06 154891 16182544
0.0295651 6.62306e+06 195811 20372496
0.0370409 6.6426e+06 246048 25647376
0.046261 6.67933e+06 308992 32287984
0.0584186 6.68607e+06 390591 40647920
0.0734589 6.68256e+06 490894 51172512
0.0923698 6.67309e+06 616392 64422320
0.116554 6.68441e+06 779097 81102672
0.146765 6.67289e+06 979346 102102144
0.185305 6.63518e+06 1.22953e+06 128538944
0.233174 6.66417e+06 1.55391e+06 161820816
0.293971 6.6456e+06 1.95361e+06 203720128
0.369913 6.62925e+06 2.45225e+06 256468304
0.46601 6.64952e+06 3.09874e+06 322874384
0.587881 6.6276e+06 3.89624e+06 406474576
0.739688 6.61028e+06 4.88954e+06 511721120
0.931829 6.62912e+06 6.17721e+06 644218576
1.17286 6.62234e+06 7.76712e+06 811022928
