# filename: ./acpphint-RPi4B-8192MiB-threads_4-LP64-NetBSD_10_64bit-g++_8_O3-libstdc++-DSIZE_f-ISIZE_ui-using_4_threads-cpus_0_1_2_3.txt
# acpphint_main version: 0.1.23

7.611e-05 197083 15 1120
7.6333e-05 248869 18.9969 1328
7.6333e-05 301311 23 1536
7.6222e-05 354150 26.994 1744
7.5388e-05 411102 30.9922 1952
7.5518e-05 516191 38.9817 2368
7.4944e-05 626784 46.9737 2784
7.4926e-05 784048 58.7456 3408
7.4945e-05 937181 70.2371 4032
7.5278e-05 1.14673e+06 86.3238 4864
7.5629e-05 1.40805e+06 106.49 5904
7.5963e-05 1.71363e+06 130.172 7152
7.5074e-05 2.15923e+06 162.102 8816
7.4796e-05 2.69425e+06 201.519 10896
7.5519e-05 3.36344e+06 254.004 13600
7.4666e-05 4.25209e+06 317.486 16928
7.5944e-05 5.20443e+06 395.245 21088
8.1815e-05 6.0321e+06 493.517 26288
8.1703e-05 7.5533e+06 617.127 32944
8.3796e-05 9.20204e+06 771.094 41264
8.7555e-05 1.10272e+07 965.485 51872
