# filename: ./acpphint-RPi4B-8192MiB-threads_4-LP64-NetBSD_10_64bit-g++_8_O3-libstdc++-DSIZE_f-ISIZE_ui-using_3_threads-cpus_0_1_2.txt
# acpphint_main version: 0.1.23

5.7e-05 193000 11.001 840
5.7093e-05 245187 13.9985 996
5.6574e-05 300453 16.9978 1152
5.5962e-05 357332 19.997 1308
5.6037e-05 410269 22.9903 1464
5.6129e-05 516286 28.9786 1776
5.6258e-05 621587 34.9693 2088
5.6259e-05 778517 43.7986 2556
5.6667e-05 926082 52.4783 3024
5.7278e-05 1.12644e+06 64.52 3648
5.7833e-05 1.37529e+06 79.5371 4428
6.4333e-05 1.51365e+06 97.3774 5364
6.4203e-05 1.88936e+06 121.303 6612
6.3999e-05 2.35668e+06 150.825 8172
6.3184e-05 3.00769e+06 190.038 10200
6.4907e-05 3.65835e+06 237.453 12696
6.5629e-05 4.5099e+06 295.98 15816
6.8221e-05 5.43016e+06 370.451 19716
0.000117425 3.95117e+06 463.966 24708
0.000113351 5.13224e+06 581.745 30948
0.000124684 5.86257e+06 730.969 38904
