# filename: ./acpphint-RPi4B-8192MiB-threads_4-LP64-NetBSD_10_64bit-g++_8_O3-libstdc++-DSIZE_ld-ISIZE_ul-using_2_threads-cpus_2_3.txt
# acpphint_main version: 0.1.23

0.00286602 2442.41 7 1680
0.00286708 3139.09 9 2064
0.00285635 3851.06 11 2448
0.00285928 4546.6 13 2832
0.00285563 5252.78 15 3216
0.00285878 6646.19 19 3984
0.00286091 8039.41 23 4752
0.00285713 10126.7 28.9334 5904
0.00285491 12182 34.7785 7056
0.00285509 14997.2 42.8186 8592
0.00285313 18534.9 52.8825 10512
0.00285269 22720.3 64.8139 12816
0.00285552 28312.3 80.8465 15888
0.00285189 35315.1 100.715 19728
0.00465296 27294.5 127 24720
0.00286139 55567.4 159 30864
0.00291306 68157.9 198.548 38544
0.00284822 87306.5 248.668 48144
0.00284989 109607 312.369 60432
0.00296915 132149 392.369 75792
0.00285765 172935 494.187 95376
0.00312861 198613 621.382 119952
0.00324048 241308 781.955 150672
0.00337199 291577 983.196 189456
0.00354351 348556 1235.11 238224
0.00367971 423234 1557.38 299664
0.00400232 489005 1957.15 376848
0.00438148 561563 2460.48 474384
0.00478112 649327 3104.51 596880
0.00512214 762001 3903.08 751248
0.00712161 688723 4904.82 945552
0.00901472 687010 6193.2 1190160
0.00999554 778826 7784.79 1498128
0.00725943 1.34761e+06 9782.89 1885968
0.00994021 1.24319e+06 12357.6 2374032
0.0199968 776627 15530 2988432
0.0200025 975450 19511.5 3761808
0.0199915 1.23335e+06 24656.6 4735632
0.0299887 1.03313e+06 30982.2 5961744
0.0299949 1.29762e+06 38922 7505040
0.039991 1.23035e+06 49202.8 9448080
0.049996 1.23634e+06 61812.1 11894160
0.0600194 1.29365e+06 77643.9 14973456
0.0701335 1.39969e+06 98164.9 18850320
0.0899848 1.37051e+06 123325 23730960
0.110162 1.40607e+06 154896 29875344
0.139993 1.39878e+06 195819 37610640
0.179924 1.36758e+06 246061 47348880
0.219988 1.40468e+06 309013 59608464
0.280004 1.39506e+06 390623 75042192
0.350055 1.40248e+06 490944 94472208
0.439982 1.40113e+06 616472 118933392
0.549802 1.41728e+06 779224 149727888
0.690218 1.41919e+06 979547 188496144
0.869637 1.41421e+06 1.22985e+06 237302544
1.0899 1.4262e+06 1.55442e+06 298746000
