# filename: ./acpphint-RPi4B-8192MiB-threads_4-LP64-NetBSD_10_64bit-g++_8_O3-libstdc++-DSIZE_d-ISIZE_ull-using_2_threads-cpus_2_3.txt
# acpphint_main version: 0.1.23

0.00988521 708.129 7 976
5.7555e-05 156372 9 1184
0.00988826 1112.43 11 1392
5.7981e-05 224211 13 1600
0.00990069 1515.05 15 1808
5.7777e-05 328851 19 2224
0.00990163 2322.85 23 2640
5.8444e-05 495062 28.9334 3264
0.00990591 3510.88 34.7785 3888
5.8259e-05 734969 42.8186 4720
0.00989812 5342.69 52.8825 5760
5.9778e-05 1.08424e+06 64.8139 7008
0.00990945 8158.52 80.8465 8672
6.1796e-05 1.62979e+06 100.715 10752
0.0099053 12821.4 127 13456
6.5703e-05 2.41998e+06 159 16784
0.00988875 20078.2 198.548 20944
6.9926e-05 3.55617e+06 248.668 26144
0.00984688 31722.7 312.369 32800
7.8517e-05 4.99724e+06 392.368 41120
0.00988458 49995.8 494.187 51728
9.4388e-05 6.58327e+06 621.381 65040
0.00987856 79156.7 781.954 81680
0.00013074 7.52023e+06 983.195 102688
0.00986356 125220 1235.11 129104
0.000156313 9.9632e+06 1557.38 162384
0.0098293 199114 1957.15 204192
0.000221257 1.11204e+07 2460.47 257024
0.00971884 319431 3104.5 323376
0.000314108 1.24259e+07 3903.06 406992
0.00963345 509142 4904.8 512240
0.000463754 1.33544e+07 6193.17 644736
0.0093664 831134 7784.73 811552
0.000815971 1.19892e+07 9782.8 1021632
0.00872578 1.4162e+06 12357.4 1286000
0.00168374 9.2234e+06 15529.8 1618800
0.00767816 2.54111e+06 19511.1 2037712
0.00296726 8.30936e+06 24656 2565200
0.00610346 5.07602e+06 30981.3 3229344
0.00510021 7.63116e+06 38920.5 4065296
0.00665931 7.38823e+06 49200.5 5117776
0.00868465 7.11696e+06 61808.3 6442736
0.0111898 6.93826e+06 77637.9 8110688
0.0144404 6.79726e+06 98155.5 10210656
0.0182265 6.76542e+06 123310 12854336
0.0231487 6.69034e+06 154872 16182544
0.0292051 6.70368e+06 195782 20372496
0.0366246 6.71684e+06 246001 25647376
0.0461688 6.69108e+06 308919 32287984
0.0582302 6.7057e+06 390474 40647920
0.0733335 6.69148e+06 490710 51172512
0.0925197 6.65914e+06 616102 64422320
0.116297 6.69522e+06 778634 81102672
0.147212 6.64765e+06 978613 102102144
0.185084 6.63688e+06 1.22838e+06 128538944
0.233503 6.64691e+06 1.55207e+06 161820816
0.294037 6.63422e+06 1.95071e+06 203720128
0.370338 6.60927e+06 2.44767e+06 256468304
0.46613 6.63212e+06 3.09143e+06 322874384
0.587767 6.60919e+06 3.88467e+06 406474576
0.739022 6.59162e+06 4.87135e+06 511721120
0.932024 6.59659e+06 6.14818e+06 644218576
1.17199 6.58813e+06 7.72125e+06 811022928
