# filename: ./acpphint-RPi4B-8192MiB-threads_4-LP64-NetBSD_10_64bit-g++_8_O3-libstdc++-DSIZE_f-ISIZE_ui-using_2_threads-cpus_2_3.txt
# acpphint_main version: 0.1.23

4.5777e-05 152958 7.00195 560
4.5518e-05 197758 9.00153 664
4.524e-05 243148 11 768
4.4185e-05 294218 13 872
4.4093e-05 340190 15 976
4.4388e-05 427975 18.997 1184
4.4352e-05 518579 23 1392
4.4778e-05 646000 28.9266 1704
4.6704e-05 744344 34.7639 2016
4.637e-05 922938 42.7966 2432
4.6593e-05 1.1338e+06 52.8272 2952
4.6574e-05 1.39004e+06 64.7398 3576
4.7092e-05 1.7138e+06 80.7064 4408
4.6703e-05 2.1527e+06 100.537 5448
4.7703e-05 2.65708e+06 126.75 6800
4.8371e-05 3.27755e+06 158.538 8464
4.9814e-05 3.97441e+06 197.981 10544
5.1444e-05 4.81528e+06 247.717 13144
5.3444e-05 5.81756e+06 310.914 16472
6.2629e-05 6.22634e+06 389.95 20632
6.3055e-05 7.76723e+06 489.763 25936
6.6203e-05 9.26907e+06 613.64 32592
7.0091e-05 1.09551e+07 767.856 40912
7.4666e-05 1.28636e+07 960.473 51416
