# filename: ./acpphint-RPi4B-8192MiB-threads_4-LP64-NetBSD_10_64bit-g++_8_O3-libstdc++-DSIZE_f-ISIZE_ui-using_2_threads-cpus_1_3.txt
# acpphint_main version: 0.1.23

4.5296e-05 154582 7.00195 560
4.5185e-05 199215 9.00153 664
4.5351e-05 242553 11 768
4.5407e-05 286300 13 872
4.5482e-05 329801 15 976
4.55e-05 417516 18.997 1184
4.5481e-05 505706 23 1392
4.5944e-05 629605 28.9266 1704
4.5278e-05 767787 34.7639 2016
4.5222e-05 946367 42.7966 2432
4.5222e-05 1.16818e+06 52.8272 2952
4.3777e-05 1.47885e+06 64.7398 3576
4.4888e-05 1.79795e+06 80.7064 4408
4.5518e-05 2.20874e+06 100.537 5448
4.6185e-05 2.74441e+06 126.75 6800
4.7259e-05 3.35467e+06 158.538 8464
4.5815e-05 4.32132e+06 197.981 10544
4.674e-05 5.2999e+06 247.717 13144
5.2666e-05 5.9035e+06 310.914 16472
5.5371e-05 7.04249e+06 389.95 20632
6.0111e-05 8.14764e+06 489.763 25936
6.6296e-05 9.25607e+06 613.64 32592
7.3777e-05 1.04078e+07 767.856 40912
8.3389e-05 1.1518e+07 960.473 51416
