# filename: ./acpphint-RPi4B-8192MiB-threads_4-LP64-NetBSD_10_64bit-g++_8_O3-libstdc++-DSIZE_d-ISIZE_ui-using_2_threads-cpus_1_2.txt
# acpphint_main version: 0.1.23

4.4315e-05 157963 7.00012 912
4.4667e-05 201493 9.0001 1104
4.4815e-05 245457 11.0001 1296
4.5037e-05 288652 13 1488
4.5093e-05 332646 15 1680
4.5111e-05 421171 18.9994 2064
4.5038e-05 510655 22.9989 2448
4.5259e-05 639257 28.9321 3024
4.5408e-05 765863 34.7763 3600
4.5556e-05 939870 42.8167 4368
4.5667e-05 1.15794e+06 52.8798 5328
4.5334e-05 1.42957e+06 64.8082 6480
4.5685e-05 1.76948e+06 80.8385 8016
4.6685e-05 2.15711e+06 100.705 9936
4.6982e-05 2.70283e+06 126.984 12432
4.8167e-05 3.30041e+06 158.971 15504
4.6316e-05 4.28584e+06 198.503 19344
4.7555e-05 5.22751e+06 248.594 24144
5.376e-05 5.80826e+06 312.252 30288
5.7481e-05 6.82269e+06 392.175 37968
6.2778e-05 7.86733e+06 493.895 47760
6.9759e-05 8.90102e+06 620.926 60048
7.7815e-05 1.00399e+07 781.252 75408
8.8314e-05 1.11184e+07 981.913 94800
0.000102703 1.20064e+07 1233.09 119184
0.000120925 1.2851e+07 1554 149904
0.000142092 1.37364e+07 1951.83 188496
0.000170703 1.43637e+07 2451.93 237264
0.000205942 1.50085e+07 3090.88 298512
0.000253257 1.53248e+07 3881.11 375696
0.000309238 1.5748e+07 4869.88 472848
0.000382829 1.60343e+07 6138.38 595152
0.000489698 1.57197e+07 7697.93 749136
0.000703158 1.37166e+07 9644.9 943056
0.00102886 1.17975e+07 12137.9 1187088
0.00147243 1.03132e+07 15185.4 1494288
