# filename: ./acpphint-RPi4B-8192MiB-threads_4-LP64-NetBSD_10_64bit-g++_8_O3-libstdc++-DSIZE_ld-ISIZE_ull-using_2_threads-cpus_1_2.txt
# acpphint_main version: 0.1.23

0.00999869 700.092 7 1680
0.00999878 900.11 9 2064
0.00999887 1100.12 11 2448
0.0099988 1300.16 13 2832
0.00999874 1500.19 15 3216
0.00999891 1900.21 19 3984
0.0099988 2300.28 23 4752
0.00999887 2893.67 28.9334 5904
0.00999889 3478.23 34.7785 7056
0.00999889 4282.33 42.8186 8592
0.00999874 5288.92 52.8825 10512
0.00999884 6482.14 64.8139 12816
0.00999884 8085.59 80.8465 15888
0.00999889 10072.6 100.715 19728
0.00999889 12701.4 127 24720
0.00999876 15902 159 30864
0.0099988 19857.2 198.548 38544
0.00999871 24870.1 248.668 48144
0.00999889 31240.4 312.369 60432
0.00999873 39241.9 392.369 75792
0.00999884 49424.5 494.187 95376
0.00999878 62145.8 621.382 119952
0.00999889 78204.1 781.955 150672
0.00999875 98332 983.196 189456
0.00999912 123522 1235.11 238224
0.00771294 201918 1557.38 299664
0.00713495 274305 1957.15 376848
0.00357327 688578 2460.48 474384
0.00551108 563322 3104.51 596880
0.00563339 692846 3903.08 751248
0.00711384 689476 4904.82 945552
0.00897178 690298 6193.2 1190160
0.00999643 778757 7784.79 1498128
0.00999486 978793 9782.89 1885968
0.00999882 1.2359e+06 12357.6 2374032
0.0199929 776778 15530 2988432
0.0199949 975822 19511.5 3761808
0.0200066 1.23242e+06 24656.6 4735632
0.0300533 1.03091e+06 30982.2 5961744
0.0299825 1.29816e+06 38922 7505040
0.0399368 1.23202e+06 49202.8 9448080
0.0500082 1.23604e+06 61812.1 11894160
0.0600137 1.29377e+06 77643.9 14973456
0.070004 1.40228e+06 98164.9 18850320
0.0900231 1.36993e+06 123325 23730960
0.110243 1.40505e+06 154896 29875344
0.139929 1.39942e+06 195819 37610640
0.180016 1.36688e+06 246061 47348880
0.220048 1.4043e+06 309013 59608464
0.280021 1.39498e+06 390623 75042192
0.349936 1.40295e+06 490944 94472208
0.440068 1.40086e+06 616472 118933392
0.549955 1.41689e+06 779224 149727888
0.690015 1.4196e+06 979547 188496144
0.869937 1.41372e+06 1.22985e+06 237302544
1.08997 1.42611e+06 1.55442e+06 298746000
