# filename: ./acpphint-RPi4B-8192MiB-threads_4-LP64-NetBSD_10_64bit-g++_8_O3-libstdc++-DSIZE_ul-ISIZE_ul-using_1_threads.txt
# acpphint_main version: 0.1.23

8.77826e-08 1.13918e+07 1 280
1.30867e-07 1.52827e+07 2 384
1.65e-07 1.81818e+07 3 488
2.04778e-07 1.95334e+07 4 592
2.46e-07 2.03252e+07 5 696
2.855e-07 2.10158e+07 6 800
3.26e-07 2.14724e+07 7 904
4.1675e-07 2.15957e+07 9 1112
5e-07 2.2e+07 11 1320
6.20333e-07 2.25685e+07 14 1632
7.4075e-07 2.29497e+07 17 1944
9.03e-07 2.32558e+07 21 2360
1.111e-06 2.34023e+07 26 2880
1.352e-06 2.36686e+07 32 3504
1.6855e-06 2.37318e+07 40 4336
2.075e-06 2.40964e+07 50 5376
2.612e-06 2.41194e+07 63 6728
3.278e-06 2.41001e+07 79 8392
4.074e-06 2.43004e+07 99 10472
5.093e-06 2.43471e+07 124 13072
6.389e-06 2.4417e+07 156 16400
8.037e-06 2.43872e+07 196 20560
1.0185e-05 2.42513e+07 247 25864
1.2852e-05 2.41986e+07 311 32520
1.6185e-05 2.41582e+07 391 40840
2.1223e-05 2.31824e+07 492 51344
2.6759e-05 2.31324e+07 619 64552
3.3056e-05 2.35661e+07 779 81192
4.45e-05 2.20225e+07 980 102096
5.5963e-05 2.20503e+07 1234 128512
7.0852e-05 2.19189e+07 1553 161688
8.8888e-05 2.1994e+07 1955 203496
0.000112333 2.19081e+07 2461 256120
0.000142091 2.18029e+07 3098 322368
0.00017835 2.18671e+07 3900 405776
0.00022496 2.18261e+07 4909.99 510816
0.000284996 2.1688e+07 6180.99 643000
0.000384551 2.0234e+07 7780.99 809400
0.000522012 1.87639e+07 9794.98 1018856
0.000871896 1.41427e+07 12331 1282600
0.00151893 1.02203e+07 15523.9 1614672
0.00228608 8.54865e+06 19542.9 2032648
0.00315285 7.80338e+06 24602.9 2558888
0.00420939 7.35802e+06 30972.8 3221368
0.00549 7.1023e+06 38991.6 4055344
0.00703154 6.98104e+06 49087.4 5105328
0.00884329 6.98802e+06 61797.1 6427168
0.0114782 6.77783e+06 77797.6 8091272
0.0146468 6.68683e+06 97940.8 10186248
0.0184611 6.67887e+06 123299 12823688
0.0235072 6.60323e+06 155223 16143992
0.0297832 6.56115e+06 195412 20323960
0.0378584 6.49805e+06 246006 25586256
0.0476524 6.49912e+06 309699 32211160
0.0601825 6.47829e+06 389880 40551336
0.076272 6.4351e+06 490818 51051072
0.0959421 6.44019e+06 617885 64269472
0.121146 6.42068e+06 777842 80910408
0.152448 6.42316e+06 979199 101860064
0.192186 6.41391e+06 1.23267e+06 128234152
0.242545 6.39765e+06 1.55172e+06 161437192
0.305098 6.40225e+06 1.95331e+06 203237288
0.384193 6.39987e+06 2.45879e+06 255860560
0.483299 6.40384e+06 3.09497e+06 322109288
0.60752 6.41232e+06 3.89561e+06 405511464
0.765115 6.40836e+06 4.90313e+06 510508616
0.961944 6.41498e+06 6.17085e+06 642692200
1.21327 6.40066e+06 7.76575e+06 809101456
