# filename: ./acpphint-RPi4B-8192MiB-threads_4-LP64-NetBSD_10_64bit-g++_8_O3-libstdc++-DSIZE_d-ISIZE_ui-using_2_threads-cpus_0_2.txt
# acpphint_main version: 0.1.23

4.4889e-05 155943 7.00012 912
4.5222e-05 199020 9.0001 1104
4.5278e-05 242947 11.0001 1296
4.5426e-05 286180 13 1488
4.5278e-05 331287 15 1680
4.5426e-05 418250 18.9994 2064
4.5518e-05 505270 22.9989 2448
4.5556e-05 635089 28.9321 3024
4.5482e-05 764617 34.7763 3600
4.5703e-05 936847 42.8167 4368
4.6148e-05 1.14587e+06 52.8798 5328
4.6777e-05 1.38547e+06 64.8082 6480
4.7814e-05 1.69069e+06 80.8385 8016
4.787e-05 2.10372e+06 100.705 9936
4.7778e-05 2.6578e+06 126.984 12432
4.7315e-05 3.35984e+06 158.971 15504
4.5648e-05 4.34855e+06 198.503 19344
4.7795e-05 5.20126e+06 248.594 24144
5.3407e-05 5.84665e+06 312.252 30288
5.7277e-05 6.84699e+06 392.175 37968
6.2537e-05 7.89765e+06 493.895 47760
6.7203e-05 9.23956e+06 620.926 60048
7.0555e-05 1.1073e+07 781.252 75408
7.6388e-05 1.28543e+07 981.913 94800
8.311e-05 1.48368e+07 1233.09 119184
9.2036e-05 1.68847e+07 1554 149904
0.000103277 1.8899e+07 1951.83 188496
0.000118684 2.06593e+07 2451.93 237264
0.000136721 2.26072e+07 3090.88 298512
0.00016035 2.4204e+07 3881.11 375696
0.000190054 2.56237e+07 4869.88 472848
0.000266663 2.30192e+07 6138.38 595152
0.000376347 2.04543e+07 7697.93 749136
0.000704566 1.36891e+07 9644.9 943056
0.00102019 1.18977e+07 12137.9 1187088
0.00149363 1.01668e+07 15185.4 1494288
