# filename: ./acpphint-RPi4B-8192MiB-threads_4-LP64-NetBSD_10_64bit-g++_8_O3-libstdc++-DSIZE_d-ISIZE_ui-using_4_threads-cpus_0_1_2_3.txt
# acpphint_main version: 0.1.23

8.0555e-05 186208 15 1824
8.0537e-05 235909 18.9994 2208
8.0481e-05 285768 22.9989 2592
8e-05 337486 26.9989 2976
7.9685e-05 389013 30.9985 3360
7.9574e-05 490086 38.9981 4128
7.8629e-05 597716 46.9978 4896
7.8741e-05 746699 58.7958 6048
7.8981e-05 890424 70.3266 7200
7.7778e-05 1.11144e+06 86.4457 8736
7.7852e-05 1.36968e+06 106.633 10656
7.8407e-05 1.66354e+06 130.433 12960
7.9018e-05 2.05665e+06 162.513 16032
7.9148e-05 2.55345e+06 202.101 19872
7.8426e-05 3.25048e+06 254.922 24864
7.7481e-05 4.11564e+06 318.884 31008
8.0426e-05 4.942e+06 397.465 38688
7.8333e-05 6.35361e+06 497.697 48288
8.4389e-05 7.4014e+06 624.596 60576
8.7555e-05 8.95937e+06 784.438 75936
8.8241e-05 1.1188e+07 987.242 95520
9.3629e-05 1.32428e+07 1239.91 120096
0.000103426 1.50886e+07 1560.55 150816
0.000112721 1.73896e+07 1960.17 189600
0.000170129 1.4452e+07 2458.71 238368
0.000188313 1.64651e+07 3100.6 299808
0.000213295 1.82345e+07 3889.33 376992
0.000272275 1.79162e+07 4878.14 474528
0.000371681 1.65522e+07 6152.14 597024
0.000451828 1.7068e+07 7711.8 751392
0.000714048 1.35184e+07 9652.77 945696
0.00104154 1.16786e+07 12163.8 1190304
0.00151004 1.00716e+07 15208.4 1498272
