# filename: ./acpphint-RPi4B-8192MiB-threads_4-LP64-NetBSD_10_64bit-g++_8_O3-libstdc++-DSIZE_ull-ISIZE_ull-using_2_threads-cpus_1_2.txt
# acpphint_main version: 0.1.23

4.6075e-05 151926 7 976
4.8278e-05 186420 9 1184
4.7555e-05 231311 11 1392
4.7593e-05 273149 13 1600
4.7574e-05 315298 15 1808
4.7815e-05 397365 19 2224
4.7852e-05 480649 23 2640
4.7926e-05 603710 28.9334 3264
4.8093e-05 723150 34.7785 3888
4.8259e-05 887266 42.8186 4720
4.8723e-05 1.08537e+06 52.8825 5760
4.8852e-05 1.32674e+06 64.8139 7008
4.9463e-05 1.63448e+06 80.8465 8672
4.9889e-05 2.01878e+06 100.715 10752
5.0889e-05 2.49563e+06 127 13456
5.0593e-05 3.14273e+06 159 16784
5.0519e-05 3.93016e+06 198.548 20944
5.1945e-05 4.78715e+06 248.668 26144
5.3852e-05 5.80051e+06 312.369 32800
5.7593e-05 6.81278e+06 392.369 41120
6.6055e-05 7.48145e+06 494.187 51728
6.7611e-05 9.19054e+06 621.382 65040
7.0074e-05 1.1159e+07 781.955 81680
7.5537e-05 1.30161e+07 983.196 102688
8.0555e-05 1.53325e+07 1235.11 129104
8.8203e-05 1.76568e+07 1557.38 162384
9.8204e-05 1.99295e+07 1957.15 204192
0.000109703 2.24285e+07 2460.47 257024
0.000123981 2.50402e+07 3104.51 323376
0.000148388 2.63032e+07 3903.07 406992
0.000178295 2.75096e+07 4904.82 512240
0.000248776 2.48947e+07 6193.19 644736
0.000379996 2.04865e+07 7784.78 811552
0.000601141 1.62738e+07 9782.87 1021632
0.00104167 1.18632e+07 12357.5 1286000
0.0016297 9.52934e+06 15530 1618800
0.00225342 8.65857e+06 19511.4 2037712
0.00309735 7.96051e+06 24656.5 2565200
0.00408862 7.57762e+06 30982 3229344
0.00532136 7.31424e+06 38921.7 4065296
0.00687226 7.15955e+06 49202.3 5117776
0.00869898 7.10557e+06 61811.3 6442736
0.0113464 6.84293e+06 77642.6 8110688
0.0144235 6.80577e+06 98162.9 10210656
0.0184723 6.67606e+06 123322 12854336
0.0233228 6.64119e+06 154891 16182544
0.0294493 6.6491e+06 195811 20372496
0.0369841 6.6528e+06 246048 25647376
0.0467718 6.60639e+06 308992 32287984
0.0587724 6.64582e+06 390591 40647920
0.0734811 6.68054e+06 490894 51172512
0.0925491 6.66016e+06 616392 64422320
0.116822 6.66907e+06 779097 81102672
0.147116 6.65695e+06 979346 102102144
0.185523 6.62739e+06 1.22953e+06 128538944
0.233655 6.65046e+06 1.55391e+06 161820816
0.294458 6.63462e+06 1.95361e+06 203720128
0.370071 6.62642e+06 2.45225e+06 256468304
0.466681 6.63995e+06 3.09874e+06 322874384
0.587137 6.636e+06 3.89624e+06 406474576
0.739792 6.60935e+06 4.88954e+06 511721120
0.929828 6.64339e+06 6.17721e+06 644218576
1.17154 6.62982e+06 7.76712e+06 811022928
