# filename: ./acpphint-RPi4B-8192MiB-threads_4-LP64-NetBSD_10_64bit-g++_8_O3-libstdc++-DSIZE_d-ISIZE_ull-using_2_threads-cpus_1_2.txt
# acpphint_main version: 0.1.23

0.00999873 700.089 7 976
0.0099986 900.126 9 1184
0.00999869 1100.14 11 1392
0.00999549 1300.59 13 1600
0.00999724 1500.41 15 1808
0.00999867 1900.25 19 2224
4.8778e-05 471524 23 2640
4.8352e-05 598391 28.9334 3264
4.813e-05 722594 34.7785 3888
4.8611e-05 880841 42.8186 4720
4.8741e-05 1.08497e+06 52.8825 5760
4.9426e-05 1.31133e+06 64.8139 7008
4.9889e-05 1.62053e+06 80.8465 8672
5.0649e-05 1.98848e+06 100.715 10752
5.1241e-05 2.47848e+06 127 13456
5.15e-05 3.08738e+06 159 16784
5.2629e-05 3.77259e+06 198.548 20944
5.2833e-05 4.70669e+06 248.668 26144
5.2853e-05 5.91015e+06 312.369 32800
5.9982e-05 6.54144e+06 392.368 41120
6.5111e-05 7.58992e+06 494.187 51728
7.2019e-05 8.62802e+06 621.381 65040
8.1259e-05 9.62299e+06 781.954 81680
9.2221e-05 1.06613e+07 983.195 102688
0.000104666 1.18005e+07 1235.11 129104
0.000124962 1.24628e+07 1557.38 162384
0.000146054 1.34002e+07 1957.15 204192
0.000173646 1.41695e+07 2460.47 257024
0.000211202 1.46992e+07 3104.5 323376
0.000258812 1.50807e+07 3903.06 406992
0.000324682 1.51065e+07 4904.8 512240
0.000407403 1.52016e+07 6193.17 644736
0.000371422 2.09593e+07 7784.73 811552
0.000599716 1.63124e+07 9782.8 1021632
0.00109058 1.13311e+07 12357.4 1286000
0.00162904 9.53312e+06 15529.8 1618800
0.00228514 8.53825e+06 19511.1 2037712
0.00308396 7.99492e+06 24656 2565200
0.00402176 7.7034e+06 30981.3 3229344
0.0053636 7.25642e+06 38920.5 4065296
0.00666004 7.38741e+06 49200.5 5117776
0.00848628 7.28332e+06 61808.3 6442736
0.0108441 7.15949e+06 77637.9 8110688
0.0139446 7.03897e+06 98155.5 10210656
0.0178403 6.91188e+06 123310 12854336
0.022716 6.81777e+06 154872 16182544
0.029367 6.66672e+06 195782 20372496
0.0369799 6.6523e+06 246001 25647376
0.0464084 6.65654e+06 308919 32287984
0.0584442 6.68115e+06 390474 40647920
0.0737958 6.64956e+06 490710 51172512
0.0927582 6.64202e+06 616102 64422320
0.116724 6.6707e+06 778634 81102672
0.147269 6.64507e+06 978613 102102144
0.185527 6.62102e+06 1.22838e+06 128538944
0.233544 6.64573e+06 1.55207e+06 161820816
0.29397 6.63573e+06 1.95071e+06 203720128
0.370825 6.6006e+06 2.44767e+06 256468304
0.466426 6.62791e+06 3.09143e+06 322874384
0.5873 6.61445e+06 3.88467e+06 406474576
0.739486 6.58748e+06 4.87135e+06 511721120
0.93126 6.602e+06 6.14818e+06 644218576
1.17245 6.58558e+06 7.72125e+06 811022928
