# filename: ./acpphint-RPi4B-8192MiB-threads_4-LP64-NetBSD_10_64bit-g++_8_O3-libstdc++-DSIZE_ld-ISIZE_ul-using_4_threads.txt
# acpphint_main version: 0.1.23

7.9833e-05 187892 15 3360
7.8184e-05 243016 19 4128
8.524e-05 269826 23 4896
8.6166e-05 313349 27 5664
8.837e-05 350798 31 6432
8.8759e-05 439392 39 7968
9.237e-05 508823 47 9504
0.000104536 562486 58.8001 11808
0.000110369 637261 70.3339 14112
0.000122165 707689 86.4548 17184
0.000136295 782448 106.644 21024
0.000154739 843041 130.451 25632
0.000179146 907339 162.546 31776
0.000209312 965770 202.147 39456
0.000245923 1.03691e+06 255 49440
0.000292218 1.09165e+06 319 61728
0.000351551 1.13114e+06 397.655 77088
0.000462272 1.07727e+06 497.994 96288
0.000533012 1.17269e+06 625.057 120864
0.000633918 1.23853e+06 785.128 151584
0.000723416 1.36649e+06 988.539 190752
0.00083923 1.47996e+06 1242.03 239904
0.000961487 1.62655e+06 1563.9 301344
0.00116702 1.68424e+06 1965.55 378912
0.00187409 1.31642e+06 2467.08 476448
0.00234286 1.32923e+06 3114.21 599328
0.00293418 1.33304e+06 3911.39 753696
0.0036896 1.33155e+06 4912.88 948768
0.00463912 1.33811e+06 6207.64 1193760
0.00582231 1.33952e+06 7799.09 1502496
0.00730748 1.33991e+06 9791.35 1891104
0.00915832 1.35219e+06 12383.8 2380320
0.0100473 1.54809e+06 15554.1 2996256
0.00999403 1.95381e+06 19526.4 3771936
0.0172152 1.43541e+06 24711 4748064
0.0200086 1.55072e+06 31027.7 5976864
0.0200039 1.94661e+06 38939.8 7523616
0.024185 2.03879e+06 49308.1 9471264
0.0300014 2.06317e+06 61897.9 11923488
0.0355875 2.18253e+06 77671 15010080
0.0400811 2.45509e+06 98402.6 18896160
0.0499981 2.46987e+06 123489 23788320
0.0600078 2.58183e+06 154930 29946912
0.0776421 2.52849e+06 196318 37700640
0.0957919 2.57201e+06 246377 47461920
0.119883 2.57797e+06 309054 59750688
0.147011 2.66351e+06 391566 75221280
0.180127 2.72902e+06 491572 94697760
0.227232 2.71312e+06 616508 119216928
0.280187 2.78745e+06 781008 150084384
0.350329 2.7996e+06 980783 188944416
0.440664 2.79085e+06 1.22983e+06 237866784
0.553688 2.81347e+06 1.55779e+06 299455776
0.70048 2.79361e+06 1.95687e+06 376992288
0.879171 2.79047e+06 2.4533e+06 474605088
1.10004 2.82456e+06 3.10713e+06 597492000
