# filename: ./acpphint-RPi3B-1024MiB-threads_4-LP64-FreeBSD_13_r363590M_64bit-g++_10_O3lto-libc++-cpulockdown-DSIZE_d-ISIZE_ul-using_2_threads-cpus_0_2.txt
# acpphint_main version: 0.1.23

0.000110678 63246.5 7 976
0.000101771 88433.8 9 1184
9.8177e-05 112043 11 1392
0.000113021 115023 13 1600
0.000110052 136299 15 1808
0.000102031 186218 19 2224
0.000107656 213643 23 2640
9.974e-05 290088 28.9334 3264
0.000101927 341209 34.7785 3888
0.000103281 414583 42.8186 4720
0.000105938 499184 52.8825 5760
0.000105417 614834 64.8139 7008
9.9427e-05 813124 80.8465 8672
9.4323e-05 1.06776e+06 100.715 10752
9.5261e-05 1.33318e+06 127 13456
9.8385e-05 1.6161e+06 159 16784
0.000112396 1.7665e+06 198.548 20944
0.000160938 1.54512e+06 248.668 26144
0.000163126 1.91489e+06 312.369 32800
0.000167969 2.33596e+06 392.368 41120
0.000180052 2.74469e+06 494.187 51728
0.000188125 3.30302e+06 621.381 65040
0.000195885 3.9919e+06 781.954 81680
0.000208541 4.71464e+06 983.195 102688
0.000246823 5.00404e+06 1235.11 129104
0.000275834 5.64607e+06 1557.38 162384
0.000282501 6.92795e+06 1957.15 204192
0.000347344 7.08367e+06 2460.47 257024
0.000414948 7.48167e+06 3104.5 323376
0.000491511 7.94095e+06 3903.06 406992
0.000597344 8.21101e+06 4904.8 512240
0.000790782 7.8317e+06 6193.17 644736
0.00114979 6.77056e+06 7784.73 811552
0.00146094 6.69625e+06 9782.8 1021632
0.00191469 6.45401e+06 12357.4 1286000
0.00261031 5.9494e+06 15529.8 1618800
0.00347849 5.60907e+06 19511.1 2037712
0.00448734 5.49457e+06 24656 2565200
0.00582177 5.32162e+06 30981.3 3229344
0.00752266 5.17377e+06 38920.5 4065296
0.00947542 5.19243e+06 49200.5 5117776
0.0120229 5.1409e+06 61808.3 6442736
0.0153553 5.05611e+06 77637.9 8110688
0.0193627 5.06931e+06 98155.5 10210656
0.0247547 4.98129e+06 123310 12854336
0.0312461 4.95653e+06 154872 16182544
0.0393656 4.97342e+06 195782 20372496
0.0499806 4.92194e+06 246001 25647376
0.0622343 4.96381e+06 308919 32287984
0.0795866 4.90628e+06 390474 40647920
0.0998552 4.91421e+06 490710 51172512
0.126142 4.88417e+06 616102 64422320
0.158673 4.90717e+06 778634 81102672
0.200831 4.87281e+06 978613 102102144
0.251726 4.87983e+06 1.22838e+06 128538944
0.3155 4.91939e+06 1.55207e+06 161820816
0.395808 4.92841e+06 1.95071e+06 203720128
0.505362 4.84339e+06 2.44767e+06 256468304
0.631959 4.89182e+06 3.09143e+06 322874384
0.794111 4.89185e+06 3.88467e+06 406474576
0.99283 4.90653e+06 4.87135e+06 511721120
1.25097 4.91471e+06 6.14818e+06 644218576
