# filename: ./acpphint-RPi3B-1024MiB-threads_4-LP64-FreeBSD_13_r363590M_64bit-g++_10_O3lto-libc++-cpulockdown-DSIZE_d-ISIZE_ull-using_4_threads-cpus_0_1_2_3.txt
# acpphint_main version: 0.1.23

0.000174427 85995.9 15 1952
0.000187917 101108 19 2368
0.000171823 133859 23 2784
0.000185209 145781 27 3200
0.000179792 172421 31 3616
0.000176771 220624 39 4448
0.000172969 271725 47 5280
0.000183594 320272 58.8001 6528
0.000177761 395665 70.3338 7776
0.000180417 479194 86.4548 9440
0.000177396 601162 106.644 11520
0.000189011 690179 130.451 14016
0.000184636 880360 162.546 17344
0.000190834 1.05928e+06 202.147 21504
0.000183438 1.39012e+06 255 26912
0.000187083 1.70513e+06 319 33568
0.000194219 2.04745e+06 397.655 41888
0.000203178 2.45102e+06 497.994 52288
0.000211511 2.9552e+06 625.057 65600
0.000207136 3.7904e+06 785.127 82240
0.000217083 4.55373e+06 988.538 103456
0.000220104 5.6429e+06 1242.02 130080
0.000259532 6.02585e+06 1563.9 163360
0.000286771 6.85405e+06 1965.54 205376
0.000334688 7.37125e+06 2467.07 258208
0.000422969 7.36271e+06 3114.2 324768
0.000535417 7.30529e+06 3911.38 408384
0.000715469 6.86663e+06 4912.86 514048
0.000932604 6.65621e+06 6207.61 646752
0.00121651 6.41099e+06 7799.04 813984
0.00157656 6.21051e+06 9791.26 1024480
0.00204516 6.0551e+06 12383.6 1289472
0.00265193 5.86513e+06 15553.9 1623104
0.00349682 5.58395e+06 19526.1 2043264
0.00446698 5.53179e+06 24710.4 2572000
0.00570203 5.44135e+06 31026.7 3237600
0.00725938 5.36387e+06 38938.4 4075424
0.00922745 5.34338e+06 49305.7 5130400
0.0116927 5.29342e+06 61894.1 6458688
0.0148693 5.22318e+06 77665.1 8130592
0.0187893 5.23667e+06 98393.2 10235552
0.0237841 5.19145e+06 123474 12885472
0.0298581 5.18808e+06 154906 16221376
0.0378432 5.18666e+06 196280 20421312
0.0477881 5.15438e+06 246318 25708672
0.0600127 5.14826e+06 308961 32365088
0.0755336 5.18202e+06 391417 40744992
0.0953739 5.15168e+06 491336 51294752
0.120259 5.12342e+06 616138 64575968
0.151816 5.14053e+06 780415 81295840
0.19104 5.12902e+06 979847 102345024
0.240441 5.10877e+06 1.22836e+06 128844640
0.303265 5.12895e+06 1.55543e+06 162205344
0.381021 5.12609e+06 1.95315e+06 204204288
0.481857 5.07922e+06 2.44746e+06 257077888
0.604969 5.12053e+06 3.09776e+06 323641632
0.762349 5.10201e+06 3.88952e+06 407440256
0.960616 5.07031e+06 4.87062e+06 512936608
1.20694 5.1039e+06 6.16009e+06 645748768
