# filename: ./acpphint-RPi3B-1024MiB-threads_4-LP64-FreeBSD_13_r363590M_64bit-g++_10_O3lto-libc++-cpulockdown-DSIZE_ld-ISIZE_ul-using_2_threads-cpus_0_2.txt
# acpphint_main version: 0.1.23

0.000140261 49907 7 1680
0.00015974 56341.6 9 2064
0.000163021 67476 11 2448
0.000167605 77563.3 13 2832
0.000168959 88778.9 15 3216
0.000174636 108798 19 3984
0.000181771 126533 23 4752
0.000187396 154397 28.9334 5904
0.000196407 177073 34.7785 7056
0.000202865 211069 42.8186 8592
0.000220885 239412 52.8825 10512
0.000263126 246323 64.8139 12816
0.000261198 309522 80.8465 15888
0.000322501 312293 100.715 19728
0.000368802 344358 127 24720
0.000434323 366087 159 30864
0.000512865 387135 198.548 38544
0.000604375 411447 248.668 48144
0.000732917 426200 312.369 60432
0.000901146 435411 392.369 75792
0.00108813 454164 494.187 95376
0.00134016 463664 621.382 119952
0.00164354 475774 781.955 150672
0.00205214 479109 983.196 189456
0.00253984 486295 1235.11 238224
0.0031937 487642 1557.38 299664
0.00398849 490701 1957.15 376848
0.00499396 492690 2460.48 474384
0.00628953 493600 3104.51 596880
0.00790964 493458 3903.08 751248
0.00991948 494464 4904.82 945552
0.0125183 494732 6193.2 1190160
0.0158077 492470 7784.79 1498128
0.0199479 490423 9782.89 1885968
0.0251878 490617 12357.6 2374032
0.0317518 489108 15530 2988432
0.0400131 487627 19511.5 3761808
0.0504934 488314 24656.6 4735632
0.0636368 486860 30982.2 5961744
0.0798672 487334 38922 7505040
0.100556 489307 49202.8 9448080
0.126526 488534 61812.1 11894160
0.158795 488958 77643.9 14973456
0.199329 492476 98164.9 18850320
0.250388 492536 123325 23730960
0.314491 492529 154896 29875344
0.395002 495742 195819 37610640
0.496447 495644 246061 47348880
0.624396 494899 309013 59608464
0.785201 497482 390623 75042192
0.986868 497477 490944 94472208
1.24137 496604 616472 118933392
