# filename: ./acpphint-RPi3B-1024MiB-threads_4-LP64-FreeBSD_13_r363590M_64bit-g++_10_O3lto-libc++-DSIZE_d-ISIZE_ul-using_1_threads.txt
# acpphint_main version: 0.1.23

3.25531e-07 3.0719e+06 1 280
4.87727e-07 4.10065e+06 2 384
6.51e-07 4.6083e+06 3 488
8.07333e-07 4.95458e+06 4 592
9.636e-07 5.18888e+06 5 696
1.12625e-06 5.32741e+06 6 800
1.2825e-06 5.45809e+06 7 904
1.59733e-06 5.63439e+06 9 1112
1.914e-06 5.74713e+06 11 1320
2.38275e-06 5.87556e+06 14 1632
2.8645e-06 5.93472e+06 17 1944
3.49e-06 6.01719e+06 21 2360
4.271e-06 6.08757e+06 26 2880
5.2085e-06 6.1438e+06 32 3504
6.51e-06 6.14439e+06 40 4336
8.073e-06 6.19348e+06 50 5376
1.0104e-05 6.23515e+06 63 6728
1.2604e-05 6.26785e+06 79 8392
1.5729e-05 6.29411e+06 99 10472
1.9636e-05 6.31493e+06 124 13072
2.4636e-05 6.3322e+06 156 16400
3.0937e-05 6.33545e+06 196 20560
3.8959e-05 6.34e+06 247 25864
4.9219e-05 6.3187e+06 311 32520
6.2291e-05 6.27699e+06 391 40840
7.9011e-05 6.22698e+06 492 51344
0.000100157 6.18029e+06 619 64552
0.000126355 6.16517e+06 778.999 81192
0.000159584 6.14096e+06 979.999 102096
0.000201615 6.12057e+06 1234 128512
0.000254584 6.10014e+06 1553 161688
0.000324167 6.03083e+06 1955 203496
0.000405365 6.07106e+06 2460.99 256120
0.000513281 6.03566e+06 3097.99 322368
0.000647083 6.02703e+06 3899.99 405776
0.000818022 6.00226e+06 4909.98 510816
0.00103302 5.98339e+06 6180.96 643000
0.00132052 5.89233e+06 7780.94 809400
0.00182427 5.36922e+06 9794.91 1018856
0.00257896 4.78133e+06 12330.9 1282600
0.00358771 4.32693e+06 15523.8 1614672
0.00487484 4.00887e+06 19542.6 2032648
0.00646224 3.8071e+06 24602.4 2558888
0.00857078 3.61368e+06 30972 3221368
0.0111676 3.49141e+06 38990.5 4055344
0.0143127 3.42952e+06 49085.6 5105328
0.0183263 3.37188e+06 61794.2 6427168
0.0234785 3.31336e+06 77792.9 8091272
0.0297789 3.28869e+06 97933.4 10186248
0.0373558 3.30036e+06 123288 12823688
0.0478147 3.24597e+06 155205 16143992
0.0602443 3.24317e+06 195383 20323960
0.0768347 3.20115e+06 245959 25586256
0.096458 3.20995e+06 309625 32211160
0.122286 3.18731e+06 389763 40551336
0.154534 3.17493e+06 490634 51051072
0.194315 3.1783e+06 617593 64269472
0.245805 3.1626e+06 777381 80910408
0.309979 3.15655e+06 978467 101860064
0.387758 3.17597e+06 1.2315e+06 128234152
0.49352 3.14047e+06 1.54988e+06 161437192
0.61965 3.14759e+06 1.9504e+06 203237288
0.78262 3.13586e+06 2.45418e+06 255860560
0.981057 3.14729e+06 3.08767e+06 322109288
1.22921 3.15978e+06 3.88404e+06 405511464
