# filename: ./acpphint-RPi3B-1024MiB-threads_4-LP64-FreeBSD_13_r363590M_64bit-g++_10_O3lto-libc++-cpulockdown-DSIZE_ul-ISIZE_ul-using_2_threads-cpus_1_2.txt
# acpphint_main version: 0.1.23

9.3437e-05 74916.8 7 976
9.9167e-05 90756 9 1184
0.000102865 106936 11 1392
8.948e-05 145284 13 1600
9.1355e-05 164195 15 1808
9.7969e-05 193939 19 2224
8.4531e-05 272090 23 2640
0.00010099 286498 28.9334 3264
9.125e-05 381134 34.7785 3888
8.3854e-05 510632 42.8186 4720
9.9219e-05 532988 52.8825 5760
9.8594e-05 657382 64.8139 7008
8.7292e-05 926161 80.8465 8672
9.3073e-05 1.0821e+06 100.715 10752
9.8281e-05 1.29221e+06 127 13456
0.000101615 1.56473e+06 159 16784
9.9584e-05 1.99377e+06 198.548 20944
0.000103802 2.3956e+06 248.668 26144
0.000106146 2.94283e+06 312.369 32800
0.000110364 3.55522e+06 392.369 41120
0.000117448 4.20771e+06 494.187 51728
0.000125938 4.93403e+06 621.382 65040
0.000135053 5.78998e+06 781.955 81680
0.000140729 6.98645e+06 983.196 102688
0.000163281 7.56434e+06 1235.11 129104
0.000190626 8.16982e+06 1557.38 162384
0.000223282 8.76539e+06 1957.15 204192
0.000259271 9.48997e+06 2460.47 257024
0.00032625 9.51574e+06 3104.51 323376
0.000417604 9.34635e+06 3903.07 406992
0.000584583 8.39028e+06 4904.82 512240
0.000788281 7.85658e+06 6193.19 644736
0.0010388 7.49399e+06 7784.78 811552
0.00140266 6.97454e+06 9782.87 1021632
0.00187531 6.58959e+06 12357.5 1286000
0.00252927 6.1401e+06 15530 1618800
0.00336271 5.80228e+06 19511.4 2037712
0.00439687 5.60773e+06 24656.5 2565200
0.00568453 5.45023e+06 30982 3229344
0.00731255 5.32259e+06 38921.7 4065296
0.0093425 5.2665e+06 49202.3 5117776
0.011862 5.21085e+06 61811.3 6442736
0.0150509 5.15867e+06 77642.6 8110688
0.0191277 5.13199e+06 98162.9 10210656
0.0241035 5.11635e+06 123322 12854336
0.0304378 5.08877e+06 154891 16182544
0.0385915 5.07395e+06 195811 20372496
0.0483673 5.08707e+06 246048 25647376
0.0610262 5.06327e+06 308992 32287984
0.0772048 5.05915e+06 390591 40647920
0.0973144 5.04441e+06 490894 51172512
0.122335 5.03857e+06 616392 64422320
0.154758 5.03428e+06 779097 81102672
0.194405 5.03765e+06 979346 102102144
0.246279 4.99243e+06 1.22953e+06 128538944
0.30978 5.01617e+06 1.55391e+06 161820816
0.390218 5.00646e+06 1.95361e+06 203720128
0.490553 4.99894e+06 2.45225e+06 256468304
0.614925 5.03922e+06 3.09874e+06 322874384
0.775405 5.02478e+06 3.89624e+06 406474576
0.97472 5.01636e+06 4.88954e+06 511721120
1.23202 5.01389e+06 6.17721e+06 644218576
