# filename: ./acpphint-RPi3B-1024MiB-threads_4-LP64-FreeBSD_13_r363590M_64bit-g++_10_O3lto-libc++-DSIZE_f-ISIZE_us-using_2_threads-cpus_0_2.txt
# acpphint_main version: 0.1.23

9.1459e-05 76880.1 7.03137 528
9.3594e-05 96421.5 9.02447 624
0.00010224 107590 11 720
9.0469e-05 143696 13 816
9.7187e-05 154342 15 912
0.000110157 172039 18.9513 1104
0.000109479 210086 23 1296
0.000107084 269176 28.8244 1584
0.000100365 344200 34.5456 1872
0.000106459 398931 42.4698 2256
0.00011224 466084 52.3132 2736
