# filename: ./acpphint-RPi3B-1024MiB-threads_4-LP64-FreeBSD_13_r363590M_64bit-g++_10_O3lto-libc++-cpulockdown-DSIZE_ull-ISIZE_ull-using_2_threads-cpus_2_3.txt
# acpphint_main version: 0.1.23

9.0677e-05 77197.1 7 976
9.7656e-05 92160.2 9 1184
9.0417e-05 121659 11 1392
9.6354e-05 134919 13 1600
8.7292e-05 171837 15 1808
8.6771e-05 218967 19 2224
9.1146e-05 252342 23 2640
9.5573e-05 302736 28.9334 3264
9.5417e-05 364489 34.7785 3888
8.8334e-05 484735 42.8186 4720
8.7448e-05 604731 52.8825 5760
8.7552e-05 740290 64.8139 7008
8.8386e-05 914698 80.8465 8672
0.000101667 990633 100.715 10752
8.8177e-05 1.44028e+06 127 13456
9.4635e-05 1.68014e+06 159 16784
9.9271e-05 2.00006e+06 198.548 20944
0.000100938 2.46358e+06 248.668 26144
0.000100573 3.1059e+06 312.369 32800
0.000114688 3.42118e+06 392.369 41120
0.000113021 4.37253e+06 494.187 51728
0.000122552 5.07035e+06 621.382 65040
0.000131719 5.93654e+06 781.955 81680
0.000151615 6.48482e+06 983.196 102688
0.000165261 7.47371e+06 1235.11 129104
0.000189531 8.21702e+06 1557.38 162384
0.000211354 9.26008e+06 1957.15 204192
0.000261511 9.40869e+06 2460.47 257024
0.000315469 9.84093e+06 3104.51 323376
0.000429948 9.07801e+06 3903.07 406992
0.000581511 8.43461e+06 4904.82 512240
0.000771563 8.02681e+06 6193.19 644736
0.00104391 7.45735e+06 7784.78 811552
0.00137583 7.11051e+06 9782.87 1021632
0.00186339 6.63176e+06 12357.5 1286000
0.00254464 6.10303e+06 15530 1618800
0.00337734 5.77713e+06 19511.4 2037712
0.0043824 5.62625e+06 24656.5 2565200
0.00564432 5.48905e+06 30982 3229344
0.00729448 5.33577e+06 38921.7 4065296
0.00932208 5.27804e+06 49202.3 5117776
0.0119336 5.1796e+06 61811.3 6442736
0.0150795 5.14887e+06 77642.6 8110688
0.0191338 5.13034e+06 98162.9 10210656
0.0241692 5.10244e+06 123322 12854336
0.0306538 5.05291e+06 154891 16182544
0.038524 5.08284e+06 195811 20372496
0.0487618 5.04592e+06 246048 25647376
0.0613653 5.03529e+06 308992 32287984
0.0769528 5.07572e+06 390591 40647920
0.0975872 5.0303e+06 490894 51172512
0.122571 5.02884e+06 616392 64422320
0.154459 5.04404e+06 779097 81102672
0.193995 5.0483e+06 979346 102102144
0.24472 5.02424e+06 1.22953e+06 128538944
0.30909 5.02738e+06 1.55391e+06 161820816
0.391362 4.99182e+06 1.95361e+06 203720128
0.489588 5.00879e+06 2.45225e+06 256468304
0.612591 5.05842e+06 3.09874e+06 322874384
0.775927 5.0214e+06 3.89624e+06 406474576
0.972376 5.02845e+06 4.88954e+06 511721120
1.22809 5.02995e+06 6.17721e+06 644218576
