# filename: ./acpphint-RPi3B-1024MiB-threads_4-LP64-FreeBSD_13_r363590M_64bit-g++_10_O3lto-libc++-cpulockdown-DSIZE_ld-ISIZE_ul-using_2_threads-cpus_2_3.txt
# acpphint_main version: 0.1.23

0.00010323 67809.7 7 1680
0.000103438 87008.6 9 2064
0.000109739 100238 11 2448
0.000107969 120405 13 2832
0.000120209 124783 15 3216
0.00012349 153859 19 3984
0.000135625 169585 23 4752
0.000145208 199255 28.9334 5904
0.000155885 223103 34.7785 7056
0.000171094 250263 42.8186 8592
0.000189323 279324 52.8825 10512
0.00021474 301825 64.8139 12816
0.00024823 325692 80.8465 15888
0.000285157 353190 100.715 19728
0.000334896 379222 127 24720
0.000399479 398018 159 30864
0.000470364 422115 198.548 38544
0.000567136 438464 248.668 48144
0.000697708 447708 312.369 60432
0.000849948 461638 392.369 75792
0.00104714 471942 494.187 95376
0.00129417 480141 621.382 119952
0.0016151 484151 781.955 150672
0.00200479 490423 983.196 189456
0.00250474 493110 1235.11 238224
0.00315885 493021 1557.38 299664
0.00395323 495077 1957.15 376848
0.00498495 493581 2460.48 474384
0.00626385 495623 3104.51 596880
0.00787203 495816 3903.08 751248
0.00988604 496136 4904.82 945552
0.0124513 497394 6193.2 1190160
0.0157531 494176 7784.79 1498128
0.019899 491628 9782.89 1885968
0.0251264 491816 12357.6 2374032
0.0317189 489614 15530 2988432
0.0400783 486833 19511.5 3761808
0.0504517 488717 24656.6 4735632
0.0636071 487087 30982.2 5961744
0.0799997 486527 38922 7505040
0.100415 489997 49202.8 9448080
0.126549 488443 61812.1 11894160
0.158806 488921 77643.9 14973456
0.199377 492358 98164.9 18850320
0.250289 492731 123325 23730960
0.314776 492083 154896 29875344
0.395076 495650 195819 37610640
0.496832 495259 246061 47348880
0.625082 494355 309013 59608464
0.785308 497414 390623 75042192
0.987799 497008 490944 94472208
1.24259 496118 616472 118933392
