# filename: ./acpphint-RPi3B-1024MiB-threads_4-LP64-FreeBSD_13_r363590M_64bit-g++_10_O3lto-libc++-DSIZE_ul-ISIZE_ul-using_3_threads-cpus_0_1_2.txt
# acpphint_main version: 0.1.23

0.000145 75862.1 11 1464
0.000133698 104714 14 1776
0.000133125 127700 17 2088
0.000135729 147352 20 2400
0.000147344 156097 23 2712
0.000146823 197517 29 3336
0.000132135 264881 35 3960
0.000135052 324814 43.8667 4896
0.000136562 384852 52.5562 5832
0.000147761 437441 64.6367 7080
0.000148594 536787 79.7633 8640
0.000148229 658657 97.6321 10512
0.000142708 852762 121.696 13008
0.000149896 1.01024e+06 151.431 16128
0.000134688 1.41809e+06 191 20184
0.000159427 1.49912e+06 239 25176
0.000156198 1.90848e+06 298.101 31416
0.000137032 2.72441e+06 373.332 39216
0.000163907 2.85965e+06 468.716 49200
0.000164063 3.58854e+06 588.747 61680
0.000163698 4.52885e+06 741.364 77592
0.000148907 6.25699e+06 931.71 97560
0.00016724 7.01344e+06 1172.93 122520
0.000168386 8.75591e+06 1474.37 154032
0.000195261 9.48017e+06 1851.11 193656
0.000264011 8.84732e+06 2335.79 243576
0.000257344 1.14021e+07 2934.27 306288
0.000392917 9.38291e+06 3686.7 385536
0.000578229 8.05229e+06 4656.07 485064
0.000800313 7.31099e+06 5851.08 610488
0.00106005 6.93186e+06 7348.13 768360
0.00137453 6.75755e+06 9288.46 967104
0.00181927 6.41435e+06 11669.4 1217328
0.00240417 6.09556e+06 14654.7 1532448
0.00316396 5.85791e+06 18534.2 1929000
0.00413927 5.62388e+06 23278.8 2428200
0.00527021 5.54545e+06 29225.7 3056568
0.00671802 5.5049e+06 36982.1 3847800
0.00862224 5.38603e+06 46439.6 4844016
0.0109428 5.32736e+06 58296.3 6097944
0.0138902 5.31321e+06 73801.6 7676664
0.0176127 5.26034e+06 92648.8 9664104
0.0223382 5.20565e+06 116285 12166032
0.0281305 5.23407e+06 147237 15315984
0.0354046 5.22091e+06 184844 19281504
0.0447701 5.18126e+06 231965 24273816
0.0561581 5.22943e+06 293675 30558744
0.0709323 5.19915e+06 368788 38471064
0.0896586 5.1609e+06 462719 48431976
0.112834 5.19122e+06 585745 60971880
0.141872 5.18604e+06 735751 76758768
0.17942 5.14425e+06 922980 96633480
0.225819 5.17329e+06 1.16823e+06 121654008
0.284916 5.15155e+06 1.46776e+06 153153216
0.359028 5.12742e+06 1.84089e+06 192808416
0.45192 5.15502e+06 2.32966e+06 242731224
0.56818 5.15256e+06 2.92759e+06 305580192
0.714956 5.13445e+06 3.6709e+06 384702456
0.901687 5.15095e+06 4.64455e+06 484311576
1.13357 5.14958e+06 5.83741e+06 609711864
