# filename: ./acpphint-RPi3B-1024MiB-threads_4-LP64-FreeBSD_13_r363590M_64bit-g++_10_O3lto-libc++-cpulockdown-DSIZE_d-ISIZE_ui-using_2_threads-cpus_0_2.txt
# acpphint_main version: 0.1.23

0.000103437 67675.2 7.00012 912
0.000109427 82247.5 9.0001 1104
0.000108021 101833 11.0001 1296
0.000106354 122233 13 1488
0.000112083 133829 15 1680
9.7812e-05 194244 18.9994 2064
0.00010224 224950 22.9989 2448
0.000102917 281121 28.9321 3024
0.000100469 346140 34.7763 3600
0.00010224 418786 42.8167 4368
0.000106458 496719 52.8798 5328
0.000101511 638436 64.8082 6480
0.000107032 755274 80.8385 8016
9.625e-05 1.04628e+06 100.705 9936
9.6146e-05 1.32075e+06 126.984 12432
0.000105104 1.51251e+06 158.971 15504
0.000108177 1.83498e+06 198.503 19344
0.000154271 1.61141e+06 248.594 24144
0.000161979 1.92773e+06 312.252 30288
0.000166406 2.35674e+06 392.175 37968
0.0001775 2.78251e+06 493.895 47760
0.000185625 3.34506e+06 620.926 60048
0.000187813 4.15973e+06 781.252 75408
0.000201823 4.86522e+06 981.913 94800
0.000234531 5.25768e+06 1233.09 119184
0.000258646 6.00823e+06 1554 149904
0.000280834 6.95011e+06 1951.83 188496
0.000309948 7.91077e+06 2451.93 237264
0.00040599 7.6132e+06 3090.88 298512
0.000485208 7.99886e+06 3881.11 375696
0.000601979 8.08978e+06 4869.88 472848
0.000788125 7.78858e+06 6138.38 595152
0.00102609 7.50217e+06 7697.93 749136
0.00134771 7.15652e+06 9644.9 943056
0.00175427 6.91907e+06 12137.9 1187088
0.00236797 6.41284e+06 15185.4 1494288
