# filename: ./acpphint-RPi3B-1024MiB-threads_4-LP64-FreeBSD_13_r363590M_64bit-g++_10_O3lto-libc++-DSIZE_f-ISIZE_us-using_1_threads.txt
# acpphint_main version: 0.1.23

2.82368e-07 3.56925e+06 1.00784 168
4.21042e-07 4.77106e+06 2.00881 216
5.64278e-07 5.34433e+06 3.01569 264
7.03214e-07 5.70557e+06 4.01224 312
8.42083e-07 5.95859e+06 5.01763 360
9.844e-07 6.11947e+06 6.02401 408
1.11988e-06 6.27871e+06 7.03137 456
1.39767e-06 6.45681e+06 9.02447 552
1.67533e-06 6.56585e+06 11 648
2.0835e-06 6.71945e+06 14 792
2.5e-06 6.7842e+06 16.9605 936
3.073e-06 6.83371e+06 21 1128
3.75e-06 6.90967e+06 25.9113 1368
4.5575e-06 6.97915e+06 31.8075 1656
5.678e-06 6.99092e+06 39.6944 2040
7.083e-06 6.98711e+06 49.4897 2520
8.854e-06 7.00422e+06 62.0154 3144
1.1042e-05 6.98186e+06 77.0937 3912
1.3802e-05 6.95836e+06 96.0393 4872
1.724e-05 6.97784e+06 120.298 6072
2.1562e-05 6.93406e+06 149.512 7608
2.6979e-05 6.95011e+06 187.507 9528
3.3907e-05 6.86741e+06 232.853 11976
