# filename: ./acpphint-RPi3B-1024MiB-threads_4-LP64-FreeBSD_13_r363590M_64bit-g++_10_O3lto-libc++-DSIZE_ul-ISIZE_ul-using_4_threads-cpus_0_1_2_3.txt
# acpphint_main version: 0.1.23

0.000160417 93506.3 15 1952
0.00017125 110949 19 2368
0.000173177 132812 23 2784
0.000164688 163946 27 3200
0.000163647 189432 31 3616
0.000176875 220495 39 4448
0.000169428 277404 47 5280
0.000169532 346837 58.8001 6528
0.000167605 419641 70.3339 7776
0.000167344 516629 86.4548 9440
0.000181667 587028 106.644 11520
0.000170313 765951 130.451 14016
0.000174688 930494 162.546 17344
0.000169844 1.19019e+06 202.147 21504
0.000175521 1.45282e+06 255 26912
0.000178438 1.78774e+06 319 33568
0.000172709 2.30245e+06 397.655 41888
0.000177552 2.80478e+06 497.994 52288
0.000183126 3.41326e+06 625.057 65600
0.000196666 3.99219e+06 785.128 82240
0.000205468 4.81116e+06 988.539 103456
0.000227083 5.46948e+06 1242.03 130080
0.000234636 6.66523e+06 1563.9 163360
0.000193959 1.01338e+07 1965.55 205376
0.000228594 1.07924e+07 2467.07 258208
0.000357865 8.70218e+06 3114.2 324768
0.000490573 7.9731e+06 3911.39 408384
0.00069625 7.0562e+06 4912.88 514048
0.000907604 6.83959e+06 6207.63 646752
0.00119938 6.50262e+06 7799.08 813984
0.00155667 6.28994e+06 9791.33 1024480
0.00199604 6.20415e+06 12383.7 1289472
0.00262818 5.9182e+06 15554.1 1623104
0.00344104 5.67455e+06 19526.4 2043264
0.00441396 5.59834e+06 24710.8 2572000
0.00567964 5.46294e+06 31027.5 3237600
0.00724042 5.37808e+06 38939.5 4075424
0.00919349 5.36332e+06 49307.6 5130400
0.0117206 5.28106e+06 61897.1 6458688
0.0148816 5.21918e+06 77669.8 8130592
0.0188091 5.23154e+06 98400.6 10235552
0.0237029 5.20974e+06 123486 12885472
0.0298386 5.19208e+06 154925 16221376
0.0378011 5.19322e+06 196309 20421312
0.047733 5.16131e+06 246365 25708672
0.0601862 5.13463e+06 309034 32365088
0.0758519 5.16182e+06 391534 40744992
0.0954908 5.14731e+06 491521 51294752
0.120466 5.11704e+06 616428 64575968
0.151886 5.14123e+06 780880 81295840
0.191059 5.13236e+06 980581 102345024
0.239981 5.12338e+06 1.22951e+06 128844640
0.302712 5.14443e+06 1.55728e+06 162205344
0.380142 5.14561e+06 1.95606e+06 204204288
0.478627 5.12306e+06 2.45204e+06 257077888
0.602981 5.1496e+06 3.10511e+06 323641632
0.759491 5.13649e+06 3.90112e+06 407440256
0.958444 5.10078e+06 4.88881e+06 512936608
1.20307 5.14454e+06 6.18922e+06 645748768
