# filename: ./acpphint-RPi3B-1024MiB-threads_4-LP64-FreeBSD_13_r363590M_64bit-g++_10_O3lto-libc++-cpulockdown-DSIZE_ui-ISIZE_ui-using_2_threads-cpus_0_3.txt
# acpphint_main version: 0.1.23

9.5364e-05 73395.3 6.99927 560
9.6511e-05 93240.4 8.99872 664
0.000101719 108123 10.9981 768
0.000100521 129301 12.9974 872
9.5573e-05 156912 14.9966 976
9.4479e-05 201044 18.9944 1184
9.5417e-05 240962 22.9919 1392
9.3177e-05 310386 28.9208 1704
9.4114e-05 369337 34.7598 2016
9.849e-05 434466 42.7906 2432
9.8334e-05 537346 52.8394 2952
9.4584e-05 684568 64.7492 3576
0.000103386 781015 80.746 4408
0.000103385 972670 100.559 5448
0.000101615 1.2474e+06 126.754 6800
0.000100157 1.58366e+06 158.614 8464
0.000102656 1.92826e+06 197.947 10544
0.000104635 2.36758e+06 247.732 13144
0.00011276 2.75707e+06 310.888 16472
0.000108386 3.59854e+06 390.032 20632
0.000109011 4.49951e+06 490.496 25936
8.6198e-05 7.14104e+06 615.543 32592
8.9687e-05 8.61587e+06 772.732 40912
0.000100417 9.64661e+06 968.683 51416
0.000108229 1.12008e+07 1212.26 64624
0.000124948 1.21749e+07 1521.23 81264
0.000132865 1.43036e+07 1900.45 102168
0.000156979 1.51068e+07 2371.45 128584
0.000189688 1.56263e+07 2964.12 161760
0.000222761 1.65369e+07 3683.77 203568
0.000280416 1.62733e+07 4563.3 256192
0.000337292 1.67762e+07 5658.49 322440
0.000441771 1.57514e+07 6958.52 405848
0.000626146 1.35947e+07 8512.25 510888
0.000836458 1.24299e+07 10397.1 643072
0.00108573 1.15638e+07 12555.2 809472
