# filename: ./acpphint-RPi3B-1024MiB-threads_4-LP64-FreeBSD_13_r363590M_64bit-g++_10_O3lto-libc++-cpulockdown-DSIZE_ul-ISIZE_ul-using_3_threads-cpus_0_1_2.txt
# acpphint_main version: 0.1.23

0.000138958 79160.6 11 1464
0.000146094 95828.7 14 1776
0.000144844 117368 17 2088
0.000146667 136363 20 2400
0.00012349 186250 23 2712
0.000142709 203211 29 3336
0.000147344 237539 35 3960
0.000149219 293976 43.8667 4896
0.000144376 364023 52.5562 5832
0.000137604 469730 64.6367 7080
0.000149532 533420 79.7633 8640
0.00014875 656350 97.6321 10512
0.000149792 812433 121.696 13008
0.000158282 956715 151.431 16128
0.000147709 1.29308e+06 191 20184
0.000158022 1.51245e+06 239 25176
0.000159688 1.86677e+06 298.101 31416
0.000151979 2.45647e+06 373.332 39216
0.000169896 2.75884e+06 468.716 49200
0.000159375 3.6941e+06 588.747 61680
0.000164687 4.50166e+06 741.364 77592
0.000171771 5.42414e+06 931.71 97560
0.000182032 6.44352e+06 1172.93 122520
0.000204167 7.22141e+06 1474.37 154032
0.000243177 7.61218e+06 1851.11 193656
0.000251927 9.27169e+06 2335.79 243576
0.000325156 9.02421e+06 2934.27 306288
0.000414844 8.88697e+06 3686.7 385536
0.000577709 8.05954e+06 4656.07 485064
0.00078448 7.45855e+06 5851.08 610488
0.00102901 7.14097e+06 7348.13 768360
0.00136703 6.79462e+06 9288.46 967104
0.00180193 6.47609e+06 11669.4 1217328
0.00240229 6.10032e+06 14654.7 1532448
0.00319375 5.80327e+06 18534.2 1929000
0.00410563 5.66997e+06 23278.8 2428200
0.00527432 5.54113e+06 29225.7 3056568
0.00673698 5.48941e+06 36982.1 3847800
0.00861495 5.39059e+06 46439.6 4844016
0.0109634 5.31734e+06 58296.3 6097944
0.0139448 5.29239e+06 73801.6 7676664
0.0175568 5.2771e+06 92648.8 9664104
0.0222421 5.22815e+06 116285 12166032
0.0279801 5.26221e+06 147237 15315984
0.0353502 5.22895e+06 184844 19281504
0.0444674 5.21652e+06 231965 24273816
0.0563124 5.2151e+06 293675 30558744
0.0709724 5.19621e+06 368788 38471064
0.0892735 5.18316e+06 462719 48431976
0.112552 5.20423e+06 585745 60971880
0.141817 5.18805e+06 735751 76758768
0.178621 5.16725e+06 922980 96633480
0.225826 5.17312e+06 1.16823e+06 121654008
0.284117 5.16605e+06 1.46776e+06 153153216
0.357025 5.15617e+06 1.84089e+06 192808416
0.448134 5.19857e+06 2.32966e+06 242731224
0.566741 5.16565e+06 2.92759e+06 305580192
0.714098 5.14061e+06 3.6709e+06 384702456
0.894983 5.18954e+06 4.64455e+06 484311576
1.12632 5.18275e+06 5.83741e+06 609711864
