# filename: ./acpphint-RPi3B-1024MiB-threads_4-LP64-FreeBSD_13_r363590M_64bit-g++_10_O3lto-libc++-DSIZE_f-ISIZE_s-using_1_threads.txt
# acpphint_main version: 0.1.23

2.85105e-07 3.56271e+06 1.01575 168
4.29667e-07 4.69592e+06 2.01768 216
5.64278e-07 5.37235e+06 3.0315 264
7.03143e-07 5.72364e+06 4.02453 312
8.42e-07 5.98024e+06 5.03536 360
9.792e-07 6.17666e+06 6.04818 408
1.11988e-06 6.30695e+06 7.06299 456
1.39767e-06 6.47441e+06 9.04907 552
1.66667e-06 6.64243e+06 11.0707 648
2.0835e-06 6.73493e+06 14.0322 792
2.5e-06 6.7869e+06 16.9673 936
3.073e-06 6.8178e+06 20.9511 1128
3.75e-06 6.89409e+06 25.8528 1368
4.5575e-06 6.94349e+06 31.645 1656
5.678e-06 6.92939e+06 39.3451 2040
7.083e-06 6.94725e+06 49.2074 2520
8.854e-06 7.05262e+06 62.4439 3144
1.099e-05 7.02648e+06 77.221 3912
1.3698e-05 6.96649e+06 95.427 4872
1.7084e-05 6.89841e+06 117.853 6072
