# filename: ./acpphint-HoneyComb-65536MiB-threads_16-LP64-NetBSD_10p0BETA_NODIAG_64bit-g++_12_O3lto-libstdc++-DSIZE_ul-ISIZE_ul-using_3_threads.txt
# acpphint_main version: 0.1.29

4.496e-05 244662 11 1464
4.512e-05 310284 14 1776
4.424e-05 384268 17 2088
4.452e-05 449236 20 2400
4.3479e-05 528991 23 2712
4.8519e-05 597704 29 3336
4.5799e-05 764209 35 3960
4.7719e-05 919272 43.8667 4896
4.9399e-05 1.06391e+06 52.5562 5832
4.9039e-05 1.31807e+06 64.6367 7080
4.9279e-05 1.61861e+06 79.7633 8640
5.0599e-05 1.92953e+06 97.6321 10512
5.1e-05 2.38619e+06 121.696 13008
7.3679e-05 2.05528e+06 151.431 16128
7.4958e-05 2.54809e+06 191 20184
7.6318e-05 3.13163e+06 239 25176
7.8718e-05 3.78694e+06 298.101 31416
7.8758e-05 4.74024e+06 373.332 39216
8.2437e-05 5.68575e+06 468.716 49200
8.4678e-05 6.95277e+06 588.747 61680
8.6877e-05 8.53349e+06 741.364 77592
8.9878e-05 1.03664e+07 931.71 97560
9.4278e-05 1.24412e+07 1172.93 122520
0.000100757 1.4633e+07 1474.37 154032
0.000108517 1.70582e+07 1851.11 193656
0.000117037 1.99577e+07 2335.79 243576
0.000123236 2.38102e+07 2934.27 306288
0.000137235 2.68642e+07 3686.7 385536
0.000154835 3.00711e+07 4656.07 485064
0.000172035 3.4011e+07 5851.08 610488
0.000196673 3.73622e+07 7348.13 768360
0.000226512 4.10065e+07 9288.46 967104
0.000264791 4.40704e+07 11669.4 1217328
0.000307989 4.7582e+07 14654.7 1532448
0.000368826 5.02518e+07 18534.2 1929000
0.000448704 5.188e+07 23278.8 2428200
0.000535221 5.46049e+07 29225.7 3056568
0.000654856 5.64736e+07 36982.1 3847800
0.000804491 5.77255e+07 46439.6 4844016
0.000978884 5.95538e+07 58296.3 6097944
0.00121603 6.06904e+07 73801.6 7676664
0.0015091 6.13933e+07 92648.8 9664104
0.00189013 6.15222e+07 116285 12166032
0.00245499 5.99745e+07 147237 15315984
0.00309276 5.97667e+07 184844 19281504
0.00391197 5.92963e+07 231965 24273816
0.00510733 5.75007e+07 293675 30558744
0.00670707 5.4985e+07 368788 38471064
0.00991366 4.66749e+07 462719 48431976
0.0134279 4.36216e+07 585745 60971880
0.0170252 4.32154e+07 735751 76758768
0.019947 4.62715e+07 922980 96633480
0.0267451 4.36799e+07 1.16823e+06 121654008
0.0298029 4.92489e+07 1.46776e+06 153153216
0.0358967 5.12828e+07 1.84089e+06 192808416
0.0465654 5.00298e+07 2.32966e+06 242731224
0.0565075 5.18088e+07 2.92759e+06 305580192
0.0792911 4.62965e+07 3.6709e+06 384702456
0.085598 5.426e+07 4.64455e+06 484311576
0.130009 4.49001e+07 5.83741e+06 609711864
0.130436 5.6097e+07 7.31709e+06 767581680
0.171277 5.4034e+07 9.2548e+06 966327864
0.209407 5.55459e+07 1.16317e+07 1216534392
0.267312 5.45159e+07 1.45728e+07 1531525848
0.327945 5.61733e+07 1.84218e+07 1928076600
0.420355 5.50641e+07 2.31465e+07 2427304368
0.520179 5.57015e+07 2.89748e+07 3055794984
0.664283 5.50842e+07 3.65915e+07 3847017624
0.816164 5.62859e+07 4.59385e+07 4843107888
1.0472 5.48316e+07 5.74197e+07 6097111392
