# filename: ./acpphint-HoneyComb-65536MiB-threads_16-LP64-NetBSD_10p0BETA_NODIAG_64bit-g++_12_O3lto-libstdc++-cpulockdown-DSIZE_ull-ISIZE_ull-using_1_threads-cpus_6.txt
# acpphint_main version: 0.1.29

8.53019e-08 1.17231e+07 1 280
1.26886e-07 1.57622e+07 2 384
1.67731e-07 1.78858e+07 3 488
2.07667e-07 1.92616e+07 4 592
2.44765e-07 2.04278e+07 5 696
2.854e-07 2.10231e+07 6 800
3.20077e-07 2.18697e+07 7 904
4.0005e-07 2.24972e+07 9 1112
4.825e-07 2.27979e+07 11 1320
6.00143e-07 2.33278e+07 14 1632
7.001e-07 2.42822e+07 17 1944
8.55e-07 2.45614e+07 21 2360
1.06683e-06 2.43712e+07 26 2880
1.30017e-06 2.46122e+07 32 3504
1.62e-06 2.46914e+07 40 4336
1.97e-06 2.53807e+07 50 5376
2.4605e-06 2.56046e+07 63 6728
3.1405e-06 2.51552e+07 79 8392
3.8205e-06 2.59128e+07 99 10472
4.8e-06 2.58333e+07 124 13072
6.161e-06 2.53206e+07 156 16400
7.561e-06 2.59225e+07 196 20560
9.68e-06 2.55165e+07 247 25864
1.2041e-05 2.58284e+07 311 32520
1.5521e-05 2.51917e+07 391 40840
1.9361e-05 2.54119e+07 492 51344
2.54e-05 2.43701e+07 619 64552
3.136e-05 2.48406e+07 779 81192
3.98e-05 2.46231e+07 980 102096
5.0559e-05 2.44071e+07 1234 128512
6.3638e-05 2.44036e+07 1553 161688
8.0918e-05 2.41603e+07 1955 203496
0.000102917 2.39125e+07 2461 256120
0.000130115 2.38097e+07 3098 322368
0.000164954 2.36429e+07 3900 405776
0.000208592 2.35387e+07 4909.99 510816
0.00026455 2.33642e+07 6180.99 643000
0.000337587 2.30488e+07 7780.99 809400
0.000428304 2.28692e+07 9794.98 1018856
0.000543659 2.26814e+07 12331 1282600
0.000682934 2.27313e+07 15523.9 1614672
0.000868806 2.2494e+07 19542.9 2032648
0.00109388 2.24914e+07 24602.9 2558888
0.00138731 2.23259e+07 30972.8 3221368
0.00173389 2.24879e+07 38991.6 4055344
0.00225703 2.17487e+07 49087.4 5105328
0.00280801 2.20074e+07 61797.1 6427168
0.00373781 2.08137e+07 77797.6 8091272
0.00477985 2.04903e+07 97940.8 10186248
0.00594812 2.07291e+07 123299 12823688
0.0075847 2.04653e+07 155223 16143992
0.00962462 2.03034e+07 195412 20323960
0.0120889 2.03498e+07 246006 25586256
0.0153461 2.0181e+07 309699 32211160
0.0193362 2.01632e+07 389880 40551336
0.0244869 2.00441e+07 490818 51051072
0.0309318 1.99757e+07 617885 64269472
0.0388958 1.99981e+07 777842 80910408
0.048744 2.00886e+07 979199 101860064
0.0616678 1.99888e+07 1.23267e+06 128234152
0.0773607 2.00582e+07 1.55172e+06 161437192
0.0971794 2.01001e+07 1.95331e+06 203237288
0.122504 2.00711e+07 2.45879e+06 255860560
0.153525 2.01594e+07 3.09497e+06 322109288
0.193148 2.01691e+07 3.89561e+06 405511464
0.242422 2.02256e+07 4.90313e+06 510508616
0.30545 2.02025e+07 6.17085e+06 642692200
0.385831 2.01273e+07 7.76575e+06 809101456
0.485462 2.01291e+07 9.77193e+06 1018598328
0.610937 2.01246e+07 1.22949e+07 1282339208
0.770226 2.0081e+07 1.54669e+07 1614369296
0.9667 2.01236e+07 1.94535e+07 2032370464
1.21466 2.01388e+07 2.44618e+07 2558602768
