# filename: ./acpphint-HoneyComb-65536MiB-threads_16-LP64-NetBSD_10p0BETA_NODIAG_64bit-g++_12_O3lto-libstdc++-DSIZE_ul-ISIZE_ul-using_2_threads.txt
# acpphint_main version: 0.1.29

3.5919e-05 194883 7 976
3.6079e-05 249453 9 1184
3.5839e-05 306928 11 1392
3.5719e-05 363952 13 1600
3.5999e-05 416678 15 1808
3.616e-05 525442 19 2224
3.616e-05 636062 23 2640
3.672e-05 787947 28.9334 3264
3.684e-05 944041 34.7785 3888
3.72e-05 1.15104e+06 42.8186 4720
3.78e-05 1.39901e+06 52.8825 5760
3.8e-05 1.70563e+06 64.8139 7008
3.688e-05 2.19215e+06 80.8465 8672
3.444e-05 2.92435e+06 100.715 10752
3.472e-05 3.65783e+06 127 13456
3.464e-05 4.59007e+06 159 16784
3.5919e-05 5.52765e+06 198.548 20944
3.64e-05 6.83155e+06 248.668 26144
3.7399e-05 8.35234e+06 312.369 32800
3.9679e-05 9.88857e+06 392.369 41120
4.236e-05 1.16664e+07 494.187 51728
4.8839e-05 1.27231e+07 621.382 65040
4.728e-05 1.65388e+07 781.955 81680
5.7039e-05 1.72373e+07 983.196 102688
6.0118e-05 2.05448e+07 1235.11 129104
6.3879e-05 2.43801e+07 1557.38 162384
7.2838e-05 2.687e+07 1957.15 204192
8.2438e-05 2.98464e+07 2460.47 257024
9.6878e-05 3.20456e+07 3104.51 323376
0.000113757 3.43106e+07 3903.07 406992
0.000138396 3.54404e+07 4904.82 512240
0.000163155 3.7959e+07 6193.19 644736
0.000198994 3.91207e+07 7784.78 811552
0.000240552 4.06684e+07 9782.87 1021632
0.00029971 4.12316e+07 12357.5 1286000
0.000366587 4.23637e+07 15530 1618800
0.000457424 4.26549e+07 19511.4 2037712
0.0005655 4.36012e+07 24656.5 2565200
0.000706735 4.38382e+07 30982 3229344
0.000884009 4.40286e+07 38921.7 4065296
0.00110164 4.46628e+07 49202.3 5117776
0.00140331 4.40468e+07 61811.3 6442736
0.00227492 3.41299e+07 77642.6 8110688
0.00283558 3.46183e+07 98162.9 10210656
0.00478575 2.57686e+07 123322 12854336
0.00444636 3.48354e+07 154891 16182544
0.00563056 3.47766e+07 195811 20372496
0.00685479 3.58943e+07 246048 25647376
0.00834114 3.70444e+07 308992 32287984
0.00998656 3.91117e+07 390591 40647920
0.0127887 3.8385e+07 490894 51172512
0.0151792 4.06078e+07 616392 64422320
0.0184703 4.21811e+07 779097 81102672
0.0249038 3.93252e+07 979346 102102144
0.030435 4.03986e+07 1.22953e+06 128538944
0.040016 3.88323e+07 1.55391e+06 161820816
0.0495694 3.94117e+07 1.95361e+06 203720128
0.0617977 3.96819e+07 2.45225e+06 256468304
0.07596 4.07944e+07 3.09874e+06 322874384
0.0979078 3.9795e+07 3.89624e+06 406474576
0.119916 4.07747e+07 4.88954e+06 511721120
0.153467 4.02511e+07 6.17721e+06 644218576
0.189066 4.10816e+07 7.76712e+06 811022928
0.242441 4.01906e+07 9.74384e+06 1021017232
0.298651 4.1203e+07 1.23053e+07 1285384400
0.381372 4.05638e+07 1.54699e+07 1618202912
0.471875 4.11037e+07 1.93958e+07 2037196656
0.603952 4.05302e+07 2.44783e+07 2564678416
0.74587 4.12364e+07 3.0757e+07 3228738592
0.955681 4.03094e+07 3.85229e+07 4064740928
1.18177 4.10883e+07 4.85571e+07 5117205536
