# filename: ./acpphint-HoneyComb-65536MiB-threads_16-LP64-NetBSD_10p0BETA_NODIAG_64bit-g++_12_O3lto-libstdc++-DSIZE_ull-ISIZE_ull-using_15_threads.txt
# acpphint_main version: 0.1.29

0.00850448 6937.52 59 7320
0.000204674 361551 74 8880
0.000203913 436461 89 10440
0.000203633 510723 104 12000
0.000203433 584959 119 13560
0.000202353 736337 149 16680
0.000201794 887043 179 19800
0.000202633 1.10084e+06 223.067 24480
0.000203234 1.30829e+06 265.889 29160
0.000202233 1.61425e+06 326.455 35400
0.000201433 1.99731e+06 402.324 43200
0.000201193 2.4428e+06 491.474 52560
0.000201994 3.02933e+06 611.906 65040
0.000202873 3.74635e+06 760.033 80640
0.000205033 4.67729e+06 959 100920
0.000204513 5.86271e+06 1199 125880
0.000203913 7.32058e+06 1492.76 157080
0.000204753 9.12937e+06 1869.27 196080
0.000206953 1.13299e+07 2344.76 246000
0.000205354 1.43427e+07 2945.34 308400
0.000204953 1.80892e+07 3707.44 387960
0.000207593 2.24255e+07 4655.38 487800
0.000209513 2.7992e+07 5864.69 612600
0.000209192 3.52232e+07 7368.4 770160
0.000210993 4.38045e+07 9242.45 968280
0.000213673 5.46482e+07 11676.8 1217880
0.000219433 6.68064e+07 14659.5 1531440
0.000232232 7.92321e+07 18400.2 1927680
0.000258311 9.01043e+07 23274.9 2425320
0.00029531 9.897e+07 29226.8 3052440
0.000345868 1.0601e+08 36665.3 3841800
0.000407665 1.13897e+08 46431.7 4835520
0.000477303 1.22112e+08 58284.5 6086640
0.000591499 1.23604e+08 73111.4 7662240
0.000683695 1.35518e+08 92653.1 9645000
0.00081161 1.43248e+08 116261 12141000
0.000990283 1.47215e+08 145785 15282840
0.00126139 1.46571e+08 184884 19239000
0.00178693 1.29787e+08 231921 24220080
0.00267294 1.08779e+08 290759 30489720
0.00391365 9.4278e+07 368971 38383320
0.00521228 8.87639e+07 462662 48320520
0.00715465 8.10523e+07 579901 60830160
0.00984931 7.47295e+07 736034 76579920
0.0126362 7.30418e+07 922971 96407520
0.0165741 6.97821e+07 1.15657e+06 121369080
0.0215057 6.82462e+07 1.46768e+06 152793720
0.0300121 6.1346e+07 1.84112e+06 192355320
0.0365863 6.30412e+07 2.30644e+06 242159880
0.0447266 6.54236e+07 2.92618e+06 304859400
0.0599274 6.1272e+07 3.67187e+06 383793840
0.0700621 6.56325e+07 4.59835e+06 483167400
0.0899934 6.48067e+07 5.83217e+06 608270040
0.11327 6.46251e+07 7.32009e+06 765766080
0.140136 6.53868e+07 9.16303e+06 964042080
0.179989 6.45401e+07 1.16165e+07 1213656120
0.22459 6.49224e+07 1.45809e+07 1527900960
0.280061 6.51285e+07 1.82399e+07 1923512280
0.3538 6.53114e+07 2.31072e+07 2421557880
0.443488 6.53802e+07 2.89953e+07 3048559320
0.560113 6.46886e+07 3.62329e+07 3837908400
0.701497 6.53504e+07 4.58431e+07 4831639320
0.883257 6.50648e+07 5.74689e+07 6082671960
1.11046 6.45485e+07 7.16786e+07 7657629240
