# filename: ./acpphint-HoneyComb-65536MiB-threads_16-LP64-NetBSD_10p0BETA_NODIAG_64bit-g++_12_O3lto-libstdc++-DSIZE_ul-ISIZE_ul-using_16_threads.txt
# acpphint_main version: 0.1.29

0.000212473 296508 63 7808
0.000211672 373219 79 9472
0.000211992 448130 95 11136
0.000212552 522225 111 12800
0.000212113 598737 127 14464
0.000212192 749321 159 17792
0.000212312 899619 191 21120
0.000211753 1.12395e+06 238 26112
0.000210872 1.34521e+06 283.667 31104
0.000210672 1.65315e+06 348.273 37760
0.000210393 2.04001e+06 429.204 46080
0.000209633 2.50101e+06 524.295 56064
0.000210473 3.10138e+06 652.757 69376
0.000211393 3.83527e+06 810.75 86016
0.000212113 4.8229e+06 1023 107648
0.000212392 6.02188e+06 1279 134272
0.000208952 7.62049e+06 1592.32 167552
0.000212273 9.39322e+06 1993.93 209152
0.000213592 1.17097e+07 2501.1 262400
0.000213113 1.4742e+07 3141.72 328960
0.000213433 1.85286e+07 3954.61 413824
0.000212152 2.34063e+07 4965.68 520320
0.000212433 2.94477e+07 6255.67 653440
0.000212313 3.70188e+07 7859.57 821504
0.000212992 4.62853e+07 9858.39 1032832
0.000213752 5.82697e+07 12455.3 1299072
0.000215272 7.26367e+07 15636.6 1633536
0.000218592 8.97852e+07 19626.3 2056192
0.000245151 1.0127e+08 24826.5 2587008
0.00027079 1.15125e+08 31174.8 3255936
0.000325588 1.20116e+08 39108.4 4097920
0.000371026 1.33487e+08 49527 5157888
0.000435144 1.4287e+08 62169 6492416
0.0005115 1.52459e+08 77982.7 8173056
0.000612296 1.61408e+08 98829.6 10288000
0.000758571 1.63478e+08 124010 12950400
0.000965362 1.61077e+08 155498 16301696
0.00131579 1.49879e+08 197209 20521600
0.002073 1.19333e+08 247377 25834752
0.0031054 9.98679e+07 310129 32522368
0.00447938 8.78619e+07 393567 40942208
0.00947122 5.21046e+07 493494 51541888
0.0102466 6.03645e+07 618531 64885504
0.0106148 7.3962e+07 785093 81685248
0.0139913 7.03629e+07 984470 102834688
0.019984 6.17296e+07 1.2336e+06 129460352
0.0235869 6.63709e+07 1.56549e+06 162979968
0.0299895 6.54819e+07 1.96377e+06 205179008
0.0371058 6.62973e+07 2.46001e+06 258303872
0.0469539 6.64715e+07 3.1211e+06 325183360
0.0600143 6.52572e+07 3.91636e+06 409380096
0.0750298 6.53653e+07 4.90434e+06 515378560
0.0947264 6.56668e+07 6.22038e+06 648821376
0.11998 6.50698e+07 7.80707e+06 816817152
0.150029 6.51348e+07 9.77207e+06 1028311552
0.190058 6.51835e+07 1.23886e+07 1294566528
0.238239 6.52671e+07 1.55492e+07 1629761024
0.300058 6.48193e+07 1.94495e+07 2051746432
0.379006 6.50085e+07 2.46386e+07 2582995072
0.478314 6.46309e+07 3.09139e+07 3251796608
0.598454 6.45412e+07 3.86249e+07 4093768960
0.755251 6.46989e+07 4.88639e+07 5153748608
0.943607 6.49046e+07 6.12444e+07 6488183424
1.18773 6.42979e+07 7.63686e+07 8168137856
