# filename: ./acpphint-HoneyComb-65536MiB-threads_16-LP64-NetBSD_10p0BETA_NODIAG_64bit-g++_12_O3lto-libstdc++-DSIZE_ull-ISIZE_ull-using_13_threads.txt
# acpphint_main version: 0.1.29

0.000177914 286655 51 6344
0.000176754 362085 64 7696
0.000177475 433864 77 9048
0.000177715 506429 90 10400
0.000176235 584447 103 11752
0.000177394 727195 129 14456
0.000176114 880112 155 17160
0.000176435 1.09502e+06 193.2 21216
0.000176075 1.30816e+06 230.334 25272
0.000176634 1.60115e+06 282.818 30680
0.000176194 1.9783e+06 348.564 37440
0.000176394 2.4141e+06 425.833 45552
0.000176554 3.00307e+06 530.204 56368
0.000176554 3.7303e+06 658.599 69888
0.000178634 4.65197e+06 831 87464
0.000178594 5.81766e+06 1039 109096
0.000177514 7.2876e+06 1293.65 136136
0.000177275 9.13803e+06 1619.94 169936
0.000179154 1.13427e+07 2032.09 213200
0.000179194 1.42447e+07 2552.57 267280
0.000180514 1.77997e+07 3213.09 336232
0.000180154 2.23963e+07 4034.78 422760
0.000180634 2.81383e+07 5082.72 530920
0.000181674 3.51512e+07 6386.07 667472
0.000183594 4.3632e+07 8010.58 839176
0.000186754 5.41889e+07 10120 1055496
0.000196954 6.45091e+07 12705.3 1327248
0.000211353 7.54567e+07 15948 1670656
0.000247392 8.15378e+07 20171.8 2101944
0.00028491 8.89084e+07 25330.9 2645448
0.000331269 9.59317e+07 31779.2 3329560
0.000398786 1.00909e+08 40241.2 4190784
0.000463104 1.0908e+08 50515.4 5275088
0.000546021 1.16056e+08 63368.9 6640608
0.000663416 1.2104e+08 80300.1 8359000
0.000813371 1.23885e+08 100764 10522200
0.000985964 1.28158e+08 126359 13245128
0.0012134 1.32055e+08 160235 16673800
0.00155214 1.29504e+08 201009 20990736
0.00219632 1.14745e+08 252017 26424424
0.00311012 1.02819e+08 319779 33265544
0.00436204 9.19291e+07 400998 41877784
0.00601733 8.35319e+07 502639 52719472
0.0079019 8.0729e+07 637913 66369264
0.0117608 6.80199e+07 799968 83553184
0.0180886 5.54218e+07 1.0025e+06 105186536
0.0200258 6.35209e+07 1.27206e+06 132421224
0.0246193 6.48191e+07 1.5958e+06 166707944
0.0307652 6.49847e+07 1.99927e+06 209871896
0.0400126 6.33871e+07 2.53628e+06 264211480
0.0500774 6.35575e+07 3.1828e+06 332621328
0.0606562 6.57184e+07 3.98623e+06 418745080
0.0799809 6.32095e+07 5.05555e+06 527167368
0.0999061 6.35178e+07 6.34581e+06 663663936
0.120195 6.60959e+07 7.94442e+06 835503136
0.153443 6.56368e+07 1.00715e+07 1051835304
0.193962 6.51833e+07 1.26431e+07 1324180832
0.244504 6.46969e+07 1.58187e+07 1667043976
0.30981 6.46885e+07 2.00412e+07 2098683496
0.383551 6.55795e+07 2.51531e+07 2642084744
0.4862 6.46663e+07 3.14407e+07 3326187280
0.610014 6.52255e+07 3.97885e+07 4187420744
0.769973 6.48044e+07 4.98976e+07 5271649032
0.96173 6.47448e+07 6.2267e+07 6636612008
1.21025 6.49754e+07 7.86367e+07 8354998600
