# filename: ./acpphint-HoneyComb-65536MiB-threads_16-LP64-NetBSD_10p0BETA_NODIAG_64bit-g++_12_O3lto-libstdc++-DSIZE_ull-ISIZE_ull-using_12_threads.txt
# acpphint_main version: 0.1.29

0.00941085 4994.24 47 5856
0.00913886 6455.95 59 7104
0.00893814 7943.48 71 8352
0.00913997 9080.99 83 9600
0.00918501 10342.9 95 10848
0.0011406 104331 119 13344
0.000172475 829106 143 15840
0.000171915 1.03695e+06 178.267 19584
0.000172954 1.22897e+06 212.556 23328
0.000172074 1.51679e+06 261 28320
0.000171674 1.87381e+06 321.684 34560
0.000171274 2.29465e+06 393.013 42048
0.000171314 2.85647e+06 489.353 52032
0.000169835 3.57925e+06 607.882 64512
0.000171074 4.48344e+06 767 80736
0.000168114 5.70446e+06 959 100704
0.000167755 7.11809e+06 1194.1 125664
0.000167154 8.94554e+06 1495.28 156864
0.000168555 1.11284e+07 1875.75 196800
0.000167875 1.40354e+07 2356.19 246720
0.000169115 1.75379e+07 2965.92 310368
0.000167915 2.21807e+07 3724.47 390240
0.000170194 2.7567e+07 4691.74 490080
0.000170315 3.46117e+07 5894.9 616128
0.000172234 4.29337e+07 7394.64 774624
0.000172914 5.40244e+07 9341.57 974304
0.000184794 6.34665e+07 11728.2 1225152
0.000204113 7.21261e+07 14721.9 1542144
0.000235672 7.9009e+07 18620.2 1940256
0.000271351 8.61722e+07 23382.9 2441952
0.000322349 9.10073e+07 29336.1 3073440
0.000397386 9.34758e+07 37146 3868416
0.000453504 1.02823e+08 46630.8 4869312
0.00053986 1.08357e+08 58497.5 6129792
0.000644576 1.14996e+08 74123.6 7716000
0.000793651 1.172e+08 93016 9712800
0.000963044 1.21122e+08 116646 12226272
0.00119268 1.24015e+08 147910 15391200
0.0015339 1.20967e+08 185552 19376064
0.00207144 1.12311e+08 232646 24391776
0.00285701 1.03319e+08 295183 30706656
0.0042862 8.63621e+07 370165 38656416
0.00945044 4.9099e+07 464007 48664128
0.0099751 5.9032e+07 588850 61263936
0.0112294 6.57617e+07 738463 77126016
0.0199758 4.6329e+07 925460 97095264
0.0200082 5.8688e+07 1.17424e+06 122234976
0.0229781 6.41104e+07 1.47313e+06 153884256
0.027195 6.78678e+07 1.84566e+06 193727904
0.0400194 5.85043e+07 2.34131e+06 243887520
0.0499333 5.88429e+07 2.93822e+06 307035072
0.0597636 6.15777e+07 3.6801e+06 386533920
0.0698828 6.67852e+07 4.66714e+06 486616032
0.0901544 6.4983e+07 5.85851e+06 612612864
0.112116 6.54219e+07 7.33485e+06 771233664
0.141468 6.57292e+07 9.29859e+06 970924896
0.180095 6.48187e+07 1.16735e+07 1222320768
0.227945 6.40813e+07 1.4607e+07 1538809824
0.280572 6.59599e+07 1.85065e+07 1937246304
0.359604 6.45969e+07 2.32293e+07 2438847456
0.449964 6.45399e+07 2.90406e+07 3070326720
0.560036 6.56292e+07 3.67547e+07 3865311456
0.709618 6.4967e+07 4.61018e+07 4866137568
0.89 6.46579e+07 5.75455e+07 6126103392
1.12057 6.487e+07 7.26917e+07 7712306400
