# filename: ./acpphint-RPi3B-1024MiB-threads_4-LP64-FreeBSD_13_r363590M_64bit-g++_10_O3lto-libc++-cpulockdown-DSIZE_ui-ISIZE_ui-using_2_threads-cpus_1_3.txt
# acpphint_main version: 0.1.23

9.8229e-05 71254.6 6.99927 560
0.000102135 88106.2 8.99872 664
9.9218e-05 110848 10.9981 768
0.000107031 121436 12.9974 872
0.000100677 148957 14.9966 976
9.927e-05 191341 18.9944 1184
9.8698e-05 232952 22.9919 1392
0.00010526 274756 28.9208 1704
9.8542e-05 352741 34.7598 2016
0.000101979 419602 42.7906 2432
0.000105833 499271 52.8394 2952
0.000105156 615744 64.7492 3576
0.000109687 736149 80.746 4408
0.00010151 990636 100.559 5448
6.3958e-05 1.98184e+06 126.754 6800
9.5624e-05 1.65873e+06 158.614 8464
9.4479e-05 2.09514e+06 197.947 10544
6.9427e-05 3.56824e+06 247.732 13144
7.6198e-05 4.08e+06 310.888 16472
7.677e-05 5.08052e+06 390.032 20632
7.8281e-05 6.26584e+06 490.496 25936
8.9791e-05 6.85529e+06 615.543 32592
0.000104531 7.39237e+06 772.732 40912
9.302e-05 1.04137e+07 968.683 51416
0.000131198 9.2399e+06 1212.26 64624
0.000124739 1.21953e+07 1521.23 81264
0.000163333 1.16354e+07 1900.45 102168
0.000187968 1.26162e+07 2371.45 128584
0.000216822 1.36708e+07 2964.12 161760
0.000254218 1.44906e+07 3683.77 203568
0.00030677 1.48753e+07 4563.3 256192
0.000374217 1.51209e+07 5658.49 322440
0.000520467 1.33698e+07 6958.52 405848
0.000657809 1.29403e+07 8512.25 510888
0.000862339 1.20569e+07 10397.1 643072
0.00113197 1.10914e+07 12555.2 809472
