# filename: ./acpphint-RPi3B-1024MiB-threads_4-LP64-FreeBSD_13_r363590M_64bit-g++_10_O3lto-libc++-cpulockdown-DSIZE_f-ISIZE_us-using_2_threads-cpus_0_1.txt
# acpphint_main version: 0.1.23

9.9739e-05 70497.7 7.03137 528
0.000105833 85270.9 9.02447 624
9.9583e-05 110461 11 720
9.828e-05 132275 13 816
0.000101718 147467 15 912
9.4114e-05 201365 18.9513 1104
0.000101458 226695 23 1296
0.000102552 281071 28.8244 1584
0.000101875 339098 34.5456 1872
0.000104427 406694 42.4698 2256
9.8229e-05 532564 52.3132 2736
