# filename: ./acpphint-RPi3B-1024MiB-threads_4-LP64-FreeBSD_13_r363590M_64bit-g++_10_O3lto-libc++-DSIZE_ld-ISIZE_ul-using_2_threads-cpus_0_3.txt
# acpphint_main version: 0.1.23

0.000128437 54501.4 7 1680
0.000127083 70819.9 9 2064
0.000130052 84581.6 11 2448
0.000116562 111529 13 2832
0.000134531 111498 15 3216
0.000137187 138497 19 3984
0.000148801 154569 23 4752
0.000151198 191361 28.9334 5904
0.000177083 196396 34.7785 7056
0.000191666 223402 42.8186 8592
0.000206562 256013 52.8825 10512
0.00022625 286470 64.8139 12816
0.000259896 311072 80.8465 15888
0.000300469 335192 100.715 19728
0.00036302 349843 127 24720
0.00041401 384049 159 30864
0.000487916 406930 198.548 38544
0.00058026 428547 248.668 48144
0.000715884 436341 312.369 60432
0.000877758 447012 392.369 75792
0.00108062 457317 494.187 95376
0.00131724 471731 621.382 119952
0.00166302 470202 781.955 150672
0.00205192 479158 983.196 189456
0.00256025 482418 1235.11 238224
0.0032164 484200 1557.38 299664
0.0040251 486238 1957.15 376848
0.00507515 484809 2460.48 474384
0.00640009 485073 3104.51 596880
0.0080816 482958 3903.08 751248
0.0102043 480662 4904.82 945552
0.0128945 480298 6193.2 1190160
0.0163576 475914 7784.79 1498128
0.0206684 473326 9782.89 1885968
0.0261259 473001 12357.6 2374032
0.0329819 470866 15530 2988432
0.0416365 468614 19511.5 3761808
0.052486 469775 24656.6 4735632
0.0662252 467831 30982.2 5961744
0.083207 467773 38922 7505040
0.104622 470291 49202.8 9448080
0.131798 468991 61812.1 11894160
0.165414 469391 77643.9 14973456
0.207458 473181 98164.9 18850320
0.26096 472583 123325 23730960
0.328275 471848 154896 29875344
0.411552 475807 195819 37610640
0.517452 475523 246061 47348880
0.650413 475102 309013 59608464
0.817527 477810 390623 75042192
1.02831 477430 490944 94472208
