# filename: ./acpphint-RPi3B-1024MiB-threads_4-LP64-FreeBSD_13_r363590M_64bit-g++_10_O3lto-libc++-DSIZE_d-ISIZE_ull-using_2_threads-cpus_1_2.txt
# acpphint_main version: 0.1.23

9.2969e-05 75293.9 7 976
0.000102344 87938.7 9 1184
9.276e-05 118586 11 1392
0.000105365 123381 13 1600
9.901e-05 151500 15 1808
8.9791e-05 211602 19 2224
9.6146e-05 239220 23 2640
0.000108177 267464 28.9334 3264
0.000109948 316317 34.7785 3888
0.000109167 392230 42.8186 4720
0.000109792 481661 52.8825 5760
9.3907e-05 690192 64.8139 7008
9.9948e-05 808885 80.8465 8672
9.9114e-05 1.01615e+06 100.715 10752
0.000105 1.20952e+06 127 13456
0.000109948 1.44614e+06 159 16784
0.000106354 1.86686e+06 198.548 20944
0.000107656 2.30984e+06 248.668 26144
0.00012125 2.57624e+06 312.369 32800
0.000137239 2.85902e+06 392.368 41120
0.000144479 3.42048e+06 494.187 51728
0.000148959 4.17149e+06 621.381 65040
0.000158125 4.94517e+06 781.954 81680
0.00019026 5.16764e+06 983.195 102688
0.000201198 6.13879e+06 1235.11 129104
0.000232396 6.7014e+06 1557.38 162384
0.000280156 6.98593e+06 1957.15 204192
0.000328124 7.4986e+06 2460.47 257024
0.000396354 7.83265e+06 3104.5 323376
0.000498958 7.82243e+06 3903.06 406992
0.000667134 7.35204e+06 4904.8 512240
0.000894217 6.9258e+06 6193.17 644736
0.00114776 6.78255e+06 7784.73 811552
0.00152469 6.41628e+06 9782.8 1021632
0.00200604 6.16012e+06 12357.4 1286000
0.00268343 5.78729e+06 15529.8 1618800
0.00357827 5.45265e+06 19511.1 2037712
0.00463655 5.31775e+06 24656 2565200
0.00599332 5.1693e+06 30981.3 3229344
0.00768592 5.06387e+06 38920.5 4065296
0.00978232 5.02953e+06 49200.5 5117776
0.0124046 4.98269e+06 61808.3 6442736
0.0158568 4.8962e+06 77637.9 8110688
0.0199109 4.92972e+06 98155.5 10210656
0.0252666 4.88036e+06 123310 12854336
0.0319539 4.84675e+06 154872 16182544
0.0402994 4.85818e+06 195782 20372496
0.0510603 4.81786e+06 246001 25647376
0.0644013 4.79679e+06 308919 32287984
0.0811966 4.809e+06 390474 40647920
0.102327 4.79548e+06 490710 51172512
0.129082 4.77295e+06 616102 64422320
0.162683 4.78619e+06 778634 81102672
0.205457 4.7631e+06 978613 102102144
0.258466 4.75257e+06 1.22838e+06 128538944
0.325349 4.77048e+06 1.55207e+06 161820816
0.409606 4.7624e+06 1.95071e+06 203720128
0.515635 4.7469e+06 2.44767e+06 256468304
0.64882 4.7647e+06 3.09143e+06 322874384
0.815859 4.76145e+06 3.88467e+06 406474576
1.02787 4.73925e+06 4.87135e+06 511721120
