# filename: ./acpphint-RPi3B-1024MiB-threads_4-LP64-FreeBSD_13_r363590M_64bit-g++_10_O3lto-libc++-DSIZE_ui-ISIZE_ui-using_1_threads.txt
# acpphint_main version: 0.1.23

1.70324e-07 5.87115e+06 1 176
2.40917e-07 8.30139e+06 1.99994 228
3.21167e-07 9.34056e+06 2.99988 280
3.94357e-07 1.01424e+07 3.99974 332
4.64417e-07 1.07654e+07 4.99961 384
5.365e-07 1.11826e+07 5.99947 436
6.07667e-07 1.15183e+07 6.99927 488
7.47786e-07 1.20338e+07 8.99872 592
8.94167e-07 1.22999e+07 10.9981 696
1.10675e-06 1.26469e+07 13.997 852
1.32825e-06 1.27954e+07 16.9954 1008
1.61467e-06 1.30015e+07 20.9931 1216
1.96625e-06 1.32179e+07 25.9897 1476
2.39575e-06 1.33503e+07 31.9839 1788
2.969e-06 1.34642e+07 39.9752 2204
3.698e-06 1.35105e+07 49.9617 2724
4.6095e-06 1.36543e+07 62.9395 3400
5.781e-06 1.36489e+07 78.9044 4232
7.188e-06 1.37521e+07 98.8501 5272
9.011e-06 1.37351e+07 123.767 6572
1.1302e-05 1.377e+07 155.628 8236
1.4115e-05 1.38445e+07 195.415 10316
1.7761e-05 1.38547e+07 246.073 12968
2.2396e-05 1.38207e+07 309.528 16296
2.8073e-05 1.38453e+07 388.678 20456
3.5209e-05 1.38697e+07 488.339 25708
4.4844e-05 1.36741e+07 613.201 32312
6.1355e-05 1.25474e+07 769.843 40632
7.198e-05 1.34144e+07 965.569 51084
9.1093e-05 1.32961e+07 1211.18 64292
0.00011552 1.31323e+07 1517.04 80880
0.000146251 1.29803e+07 1898.38 101784
0.000184583 1.28502e+07 2371.93 128096
0.000246666 1.19926e+07 2958.17 161220
0.000313489 1.1742e+07 3680.99 202924
0.000372552 1.22607e+07 4567.76 255444
0.00047125 1.19858e+07 5648.31 321536
0.000633125 1.09856e+07 6955.27 404736
0.000809114 1.05316e+07 8521.3 509464
0.000961457 1.07943e+07 10378.2 641336
0.00126599 9.91405e+06 12551.1 807372
0.00179583 8.3826e+06 15053.7 1016360
0.00250385 7.14407e+06 17887.7 1279480
0.00370562 5.67591e+06 21032.8 1610720
0.00503395 4.85636e+06 24446.7 2027708
0.00661765 4.24104e+06 28065.7 2552700
0.00818603 3.8854e+06 31806 3213620
