# filename: ./acpphint-RPi3B-1024MiB-threads_4-LP64-FreeBSD_13_r363590M_64bit-g++_10_O3lto-libc++-DSIZE_ld-ISIZE_ull-using_2_threads-cpus_1_2.txt
# acpphint_main version: 0.1.23

0.00012026 58207.2 7 1680
0.000132448 67951.2 9 2064
0.000117969 93244.8 11 2448
0.000111875 116201 13 2832
0.000119843 125164 15 3216
0.000129166 147098 19 3984
0.000137969 166704 23 4752
0.000151927 190443 28.9334 5904
0.000163906 212185 34.7785 7056
0.000189115 226415 42.8186 8592
0.000195572 270399 52.8825 10512
0.000219062 295870 64.8139 12816
0.00026125 309460 80.8465 15888
0.000302396 333056 100.715 19728
0.000335416 378634 127 24720
0.000399687 397811 159 30864
0.000475312 417721 198.548 38544
0.000574999 432468 248.668 48144
0.000695988 448814 312.369 60432
0.000843384 465231 392.369 75792
0.00105036 470492 494.187 95376
0.00128635 483057 621.382 119952
0.00158666 492830 781.955 150672
0.00198604 495054 983.196 189456
0.0024738 499278 1235.11 238224
0.00310926 500884 1557.38 299664
0.00391791 499541 1957.15 376848
0.00491863 500236 2460.48 474384
0.00617998 502349 3104.51 596880
0.00778535 501336 3903.08 751248
0.00975144 502984 4904.82 945552
0.0123093 503130 6193.2 1190160
0.0155552 500461 7784.79 1498128
0.0196547 497738 9782.89 1885968
0.0247808 498675 12357.6 2374032
0.0312265 497335 15530 2988432
0.0393838 495418 19511.5 3761808
0.049624 496869 24656.6 4735632
0.0624259 496304 30982.2 5961744
0.0785359 495595 38922 7505040
0.0986058 498985 49202.8 9448080
0.124228 497571 61812.1 11894160
0.156052 497552 77643.9 14973456
0.195542 502014 98164.9 18850320
0.245929 501466 123325 23730960
0.309536 500414 154896 29875344
0.388215 504410 195819 37610640
0.487687 504546 246061 47348880
0.613552 503645 309013 59608464
0.771159 506540 390623 75042192
0.97074 505742 490944 94472208
1.22033 505170 616472 118933392
