# filename: ./acpphint-RPi3B-1024MiB-threads_4-LP64-FreeBSD_13_r363590M_64bit-g++_10_O3lto-libc++-DSIZE_ui-ISIZE_ui-using_4_threads-cpus_0_1_2_3.txt
# acpphint_main version: 0.1.23

0.000175677 85364.5 14.9966 1120
0.000172083 110379 18.9944 1328
0.000171093 134382 22.9919 1536
0.000189635 142320 26.9889 1744
0.000173958 178120 30.9854 1952
0.000174375 223522 38.9766 2368
0.000186354 252027 46.9661 2784
0.000179739 326851 58.7479 3408
0.000176615 397798 70.2572 4032
0.000184687 467501 86.3413 4864
0.00017776 598956 106.47 5904
0.000175052 743727 130.191 7152
0.000173542 934320 162.144 8816
0.000180312 1.11765e+06 201.526 10896
0.000182761 1.38986e+06 254.012 13600
0.000190052 1.67035e+06 317.453 16928
0.000186302 2.1216e+06 395.259 21088
0.000188385 2.6236e+06 494.246 26288
0.0001975 3.13493e+06 619.15 32944
0.00019026 4.07783e+06 775.849 41264
0.00021375 4.55604e+06 973.853 51872
0.000212395 5.73886e+06 1218.91 65184
0.00021802 7.00609e+06 1527.47 81824
0.000236771 8.06001e+06 1908.38 102832
0.000211614 1.12353e+07 2377.55 129248
0.000226822 1.3107e+07 2972.96 162528
0.000256249 1.44052e+07 3691.32 204336
0.000302135 1.51268e+07 4570.33 257168
0.000388489 1.45968e+07 5670.69 323520
0.00053354 1.30635e+07 6969.9 407136
0.000706822 1.20522e+07 8518.73 512384
0.000935884 1.11295e+07 10415.9 644880
0.0012113 1.03783e+07 12571.2 811696
