# filename: ./acpphint-RPi3B-1024MiB-threads_4-LP64-FreeBSD_13_r363590M_64bit-g++_10_O3lto-libc++-cpulockdown-DSIZE_f-ISIZE_ui-using_4_threads-cpus_0_1_2_3.txt
# acpphint_main version: 0.1.23

0.000179843 83406 15 1120
0.000183697 103415 18.9969 1328
0.000179843 127889 23 1536
0.00019526 138247 26.994 1744
0.000183072 169290 30.9922 1952
0.000176562 220782 38.9817 2368
0.00018177 258424 46.9737 2784
0.000186197 315502 58.7456 3408
0.000185625 378381 70.2371 4032
0.000177291 486905 86.3238 4864
0.000191249 556812 106.49 5904
0.000183177 710637 130.172 7152
0.000194843 831961 162.102 8816
0.000186665 1.07958e+06 201.519 10896
0.00019151 1.32632e+06 254.004 13600
0.000203176 1.56262e+06 317.486 16928
0.000196145 2.01507e+06 395.245 21088
0.000206718 2.38739e+06 493.517 26288
0.000191875 3.2163e+06 617.127 32944
0.000199895 3.8575e+06 771.094 41264
0.000214739 4.49609e+06 965.485 51872
