# filename: ./acpphint-RPi3B-1024MiB-threads_4-LP64-FreeBSD_13_r363590M_64bit-g++_10_O3lto-libc++-DSIZE_d-ISIZE_ui-using_2_threads-cpus_1_2.txt
# acpphint_main version: 0.1.23

9.2135e-05 75976.8 7.00012 912
9.25e-05 97298.3 9.0001 1104
0.000114062 96440 11.0001 1296
0.000102552 126765 13 1488
0.000104792 143141 15 1680
9.8177e-05 193522 18.9994 2064
9.7448e-05 236012 22.9989 2448
0.00010599 272970 28.9321 3024
9.5886e-05 362684 34.7763 3600
0.000111875 382719 42.8167 4368
9.9376e-05 532118 52.8798 5328
0.000113854 569222 64.8082 6480
9.7657e-05 827780 80.8385 8016
0.000109688 918103 100.705 9936
0.000108229 1.17329e+06 126.984 12432
0.000104739 1.51778e+06 158.971 15504
0.000118958 1.66868e+06 198.503 19344
0.000109114 2.2783e+06 248.594 24144
0.000104687 2.98272e+06 312.252 30288
0.000132448 2.96097e+06 392.175 37968
0.000139948 3.52913e+06 493.895 47760
0.000152188 4.07999e+06 620.926 60048
0.000159115 4.90998e+06 781.252 75408
0.000175052 5.60927e+06 981.913 94800
0.000199323 6.18639e+06 1233.09 119184
0.000231823 6.70341e+06 1554 149904
0.000270051 7.22762e+06 1951.83 188496
0.00030927 7.92811e+06 2451.93 237264
0.000378228 8.17201e+06 3090.88 298512
0.000480937 8.0699e+06 3881.11 375696
0.000615051 7.91785e+06 4869.88 472848
0.000816041 7.52214e+06 6138.38 595152
0.00109682 7.0184e+06 7697.93 749136
0.00144958 6.65359e+06 9644.9 943056
0.00184281 6.58665e+06 12137.9 1187088
0.0024713 6.1447e+06 15185.4 1494288
