# filename: ./acpphint-RPi3B-1024MiB-threads_4-LP64-FreeBSD_13_r363590M_64bit-g++_10_O3lto-libc++-cpulockdown-DSIZE_f-ISIZE_ui-using_2_threads-cpus_0_1.txt
# acpphint_main version: 0.1.23

0.000104635 66917.9 7.00195 560
0.000105156 85601.6 9.00153 664
0.000103177 106613 11 768
0.000103385 125744 13 872
0.000103385 145089 15 976
0.000104062 182554 18.997 1184
0.00010276 223823 23 1392
0.000107343 269478 28.9266 1704
0.000103229 336764 34.7639 2016
0.000103801 412295 42.7966 2432
0.000106667 495254 52.8272 2952
0.000105468 613833 64.7398 3576
0.000100364 804137 80.7064 4408
0.000102239 983356 100.537 5448
0.000109531 1.15721e+06 126.75 6800
9.4218e-05 1.68268e+06 158.538 8464
0.000101823 1.94437e+06 197.981 10544
0.00011552 2.14437e+06 247.717 13144
0.000103177 3.0134e+06 310.914 16472
9.1874e-05 4.2444e+06 389.95 20632
9.8333e-05 4.98066e+06 489.763 25936
0.000133436 4.59876e+06 613.64 32592
0.000139166 5.51756e+06 767.856 40912
0.000137082 7.00656e+06 960.473 51416
