# filename: ./acpphint-RPi3B-1024MiB-threads_4-LP64-FreeBSD_13_r363590M_64bit-g++_10_O3lto-libc++-cpulockdown-DSIZE_ull-ISIZE_ull-using_2_threads-cpus_0_3.txt
# acpphint_main version: 0.1.23

9.5781e-05 73083.4 7 976
0.000102292 87983.4 9 1184
0.000101354 108530 11 1392
0.000101198 128461 13 1600
0.000100208 149689 15 1808
0.000107343 177003 19 2224
0.000103958 221243 23 2640
0.000103593 279299 28.9334 3264
0.00010151 342611 34.7785 3888
9.9062e-05 432240 42.8186 4720
0.000109271 483958 52.8825 5760
0.000103801 624405 64.8139 7008
0.000110313 732883 80.8465 8672
9.8958e-05 1.01775e+06 100.715 10752
0.00011052 1.14911e+06 127 13456
9.5989e-05 1.65644e+06 159 16784
0.000102709 1.93311e+06 198.548 20944
9.6406e-05 2.57939e+06 248.668 26144
0.000106614 2.92991e+06 312.369 32800
8.7135e-05 4.503e+06 392.369 41120
9.3801e-05 5.26847e+06 494.187 51728
0.000123229 5.0425e+06 621.382 65040
0.000130103 6.01027e+06 781.955 81680
0.000143853 6.83473e+06 983.196 102688
0.000165884 7.44564e+06 1235.11 129104
0.000182811 8.51907e+06 1557.38 162384
0.000212186 9.22377e+06 1957.15 204192
0.00025703 9.57271e+06 2460.47 257024
0.000315624 9.8361e+06 3104.51 323376
0.000443175 8.80707e+06 3903.07 406992
0.000599685 8.17899e+06 4904.82 512240
0.000823069 7.52451e+06 6193.19 644736
0.00109583 7.10401e+06 7784.78 811552
0.00144671 6.76214e+06 9782.87 1021632
0.00195827 6.31043e+06 12357.5 1286000
0.00266473 5.82798e+06 15530 1618800
0.00356259 5.47674e+06 19511.4 2037712
0.00465841 5.29289e+06 24656.5 2565200
0.00600523 5.15917e+06 30982 3229344
0.00772621 5.03762e+06 38921.7 4065296
0.00985235 4.99397e+06 49202.3 5117776
0.0125552 4.92316e+06 61811.3 6442736
0.0158947 4.88481e+06 77642.6 8110688
0.0202 4.85956e+06 98162.9 10210656
0.0255397 4.82864e+06 123322 12854336
0.0323905 4.78199e+06 154891 16182544
0.0408431 4.79423e+06 195811 20372496
0.0517356 4.75587e+06 246048 25647376
0.0652516 4.7354e+06 308992 32287984
0.0821993 4.75175e+06 390591 40647920
0.103503 4.74279e+06 490894 51172512
0.13039 4.72729e+06 616392 64422320
0.164367 4.74e+06 779097 81102672
0.207099 4.72889e+06 979346 102102144
0.260944 4.71186e+06 1.22953e+06 128538944
0.328278 4.73353e+06 1.55391e+06 161820816
0.412554 4.73541e+06 1.95361e+06 203720128
0.519991 4.71594e+06 2.45225e+06 256468304
0.655114 4.73009e+06 3.09874e+06 322874384
0.821244 4.74431e+06 3.89624e+06 406474576
1.0339 4.72924e+06 4.88954e+06 511721120
