# filename: ./acpphint-RPi3B-1024MiB-threads_4-LP64-FreeBSD_13_r363590M_64bit-g++_10_O3lto-libc++-cpulockdown-DSIZE_ld-ISIZE_ul-using_2_threads-cpus_2_3.txt
# acpphint_main version: 0.1.23

0.000107239 65274.8 7 1680
0.000109687 82051.7 9 2064
9.9948e-05 110057 11 2448
0.000114635 113403 13 2832
0.000120312 124676 15 3216
0.000128749 147574 19 3984
0.000135625 169585 23 4752
0.000147448 196228 28.9334 5904
0.000154583 224982 34.7785 7056
0.000174479 245408 42.8186 8592
0.000191927 275535 52.8825 10512
0.000222968 290687 64.8139 12816
0.000250988 322113 80.8465 15888
0.00028854 349049 100.715 19728
0.000339426 374161 127 24720
0.000412186 385748 159 30864
0.000493904 401997 198.548 38544
0.000584112 425720 248.668 48144
0.000705725 442622 312.369 60432
0.000871402 450273 392.369 75792
0.00107494 459734 494.187 95376
0.00133166 466622 621.382 119952
0.0016551 472453 781.955 150672
0.00206791 475455 983.196 189456
0.0025978 475446 1235.11 238224
0.00325353 478675 1557.38 299664
0.00408988 478536 1957.15 376848
0.00516008 476829 2460.48 474384
0.00650554 477210 3104.51 596880
0.00820345 475785 3903.08 751248
0.0103225 475158 4904.82 945552
0.0130646 474045 6193.2 1190160
0.0165755 469657 7784.79 1498128
0.0209836 466216 9782.89 1885968
0.026503 466271 12357.6 2374032
0.0334632 464093 15530 2988432
0.0422612 461687 19511.5 3761808
0.0533069 462540 24656.6 4735632
0.0672016 461034 30982.2 5961744
0.0845013 460608 38922 7505040
0.106173 463423 49202.8 9448080
0.13368 462387 61812.1 11894160
0.167758 462832 77643.9 14973456
0.210589 466145 98164.9 18850320
0.264755 465809 123325 23730960
0.332625 465677 154896 29875344
0.417591 468926 195819 37610640
0.524989 468697 246061 47348880
0.660332 467966 309013 59608464
0.830319 470449 390623 75042192
1.04354 470459 490944 94472208
