# filename: ./acpphint-Rock64-4096MiB-threads_4-LP64-FreeBSD_13_r363590M_64bit-g++_10_O3lto-libc++-cpulockdown-DSIZE_d-ISIZE_ull-using_2_threads-cpus_1_2.txt
# acpphint_main version: 0.1.23

0.000119872 58395.6 7 976
0.000118706 75817.6 9 1184
0.000123081 89372 11 1392
0.000127747 101764 13 1600
0.000127164 117958 15 1808
0.000125414 151498 19 2224
0.000126873 181284 23 2640
0.000122789 235635 28.9334 3264
0.000130372 266763 34.7785 3888
0.00013008 329171 42.8186 4720
0.000132998 397619 52.8825 5760
0.000135621 477905 64.8139 7008
0.000126872 637229 80.8465 8672
0.000136497 737853 100.715 10752
0.000140872 901528 127 13456
0.000131539 1.20877e+06 159 16784
0.000139997 1.41823e+06 198.548 20944
0.000132705 1.87384e+06 248.668 26144
0.000138247 2.2595e+06 312.369 32800
0.000146997 2.66923e+06 392.368 41120
0.000159538 3.09761e+06 494.187 51728
0.000175288 3.54492e+06 621.381 65040
0.000193371 4.0438e+06 781.954 81680
0.00022312 4.40658e+06 983.195 102688
0.000254911 4.84527e+06 1235.11 129104
0.000320534 4.8587e+06 1557.38 162384
0.000357575 5.4734e+06 1957.15 204192
0.000429324 5.73103e+06 2460.47 257024
0.000508946 6.09987e+06 3104.5 323376
0.000598195 6.52473e+06 3903.06 406992
0.000723317 6.78098e+06 4904.8 512240
0.000884022 7.00567e+06 6193.17 644736
0.00112873 6.89693e+06 7784.73 811552
0.00144955 6.74885e+06 9782.8 1021632
0.0018255 6.76933e+06 12357.4 1286000
0.00235224 6.60214e+06 15529.8 1618800
0.00298864 6.52841e+06 19511.1 2037712
0.00381141 6.46899e+06 24656 2565200
0.00481414 6.43547e+06 30981.3 3229344
0.00610328 6.37699e+06 38920.5 4065296
0.00770974 6.38159e+06 49200.5 5117776
0.00975282 6.33748e+06 61808.3 6442736
0.0123034 6.31029e+06 77637.9 8110688
0.0154723 6.34396e+06 98155.5 10210656
0.0195468 6.30847e+06 123310 12854336
0.0246476 6.28346e+06 154872 16182544
0.0310405 6.3073e+06 195782 20372496
0.0390833 6.29428e+06 246001 25647376
0.0492013 6.27868e+06 308919 32287984
0.0619722 6.30079e+06 390474 40647920
0.0780774 6.28491e+06 490710 51172512
0.0983854 6.26212e+06 616102 64422320
0.123813 6.28881e+06 778634 81102672
0.155913 6.27667e+06 978613 102102144
0.196269 6.25865e+06 1.22838e+06 128538944
0.247137 6.28021e+06 1.55207e+06 161820816
0.311068 6.27098e+06 1.95071e+06 203720128
0.391952 6.24481e+06 2.44767e+06 256468304
0.493252 6.26744e+06 3.09143e+06 322874384
0.620895 6.25656e+06 3.88467e+06 406474576
0.781744 6.23138e+06 4.87135e+06 511721120
0.983685 6.25015e+06 6.14818e+06 644218576
1.23874 6.23315e+06 7.72125e+06 811022928
