# filename: ./acpphint-Rock64-4096MiB-threads_4-LP64-FreeBSD_13_r363590M_64bit-g++_10_O3lto-libc++-cpulockdown-DSIZE_f-ISIZE_ui-using_4_threads-cpus_0_1_2_3.txt
# acpphint_main version: 0.1.23

0.000273869 54770.7 15 1120
0.000282035 67356.7 18.9969 1328
0.000273285 84161.2 23 1536
0.000279994 96409.3 26.994 1744
0.000292827 105838 30.9922 1952
0.000286411 136104 38.9817 2368
0.000296619 158364 46.9737 2784
0.000290494 202226 58.7456 3408
0.000288744 243250 70.2371 4032
0.00031791 271535 86.3238 4864
0.000290785 366215 106.49 5904
0.000288451 451281 130.172 7152
0.000282911 572978 162.102 8816
0.000283785 710113 201.519 10896
0.000290494 874386 254.004 13600
0.00031966 993200 317.486 16928
0.00031616 1.25014e+06 395.245 21088
0.000322576 1.52992e+06 493.517 26288
0.000328118 1.88081e+06 617.127 32944
0.000325493 2.369e+06 771.094 41264
0.000320535 3.01211e+06 965.485 51872
