# filename: ./acpphint-Rock64-4096MiB-threads_4-LP64-FreeBSD_13_r363590M_64bit-g++_10_O3lto-libc++-cpulockdown-DSIZE_ull-ISIZE_ull-using_3_threads-cpus_0_1_2.txt
# acpphint_main version: 0.1.23

0.000204163 53878.5 11 1464
0.000245577 57008.6 14 1776
0.000223412 76092.6 17 2088
0.000230995 86582 20 2400
0.000227203 101231 23 2712
0.000237703 122001 29 3336
0.000228078 153456 35 3960
0.000204454 214556 43.8667 4896
0.000209995 250273 52.5562 5832
0.000239453 269935 64.6367 7080
0.000263953 302188 79.7633 8640
0.000262785 371528 97.6321 10512
0.000245287 496137 121.696 13008
0.000234494 645777 151.431 16128
0.000218745 873163 191 20184
0.000212621 1.12407e+06 239 25176
0.00025637 1.16277e+06 298.101 31416
0.000260744 1.43179e+06 373.332 39216
0.000270661 1.73175e+06 468.716 49200
0.000272702 2.15894e+06 588.747 61680
0.00027591 2.68698e+06 741.364 77592
0.000318493 2.92537e+06 931.71 97560
0.000287285 4.0828e+06 1172.93 122520
0.000332201 4.4382e+06 1474.37 154032
0.000366033 5.05722e+06 1851.11 193656
0.000405408 5.76157e+06 2335.79 243576
0.000466948 6.28394e+06 2934.27 306288
0.000543072 6.78861e+06 3686.7 385536
0.000612486 7.60191e+06 4656.07 485064
0.000725942 8.05999e+06 5851.08 610488
0.000898897 8.17461e+06 7348.13 768360
0.0010841 8.5679e+06 9288.46 967104
0.00139355 8.37389e+06 11669.4 1217328
0.00172809 8.48032e+06 14654.7 1532448
0.00215508 8.60024e+06 18534.2 1929000
0.00275881 8.43796e+06 23278.8 2428200
0.00342526 8.53242e+06 29225.7 3056568
0.00429557 8.60935e+06 36982.1 3847800
0.00547359 8.48431e+06 46439.6 4844016
0.00684935 8.51122e+06 58296.3 6097944
0.00861068 8.57093e+06 73801.6 7676664
0.010869 8.52413e+06 92648.8 9664104
0.0137491 8.45761e+06 116285 12166032
0.0171735 8.57347e+06 147237 15315984
0.0216975 8.51916e+06 184844 19281504
0.0271856 8.53264e+06 231965 24273816
0.0343724 8.54391e+06 293675 30558744
0.0435367 8.47074e+06 368788 38471064
0.0545407 8.48392e+06 462719 48431976
0.0684124 8.56198e+06 585745 60971880
0.0857632 8.57887e+06 735751 76758768
0.108602 8.49874e+06 922980 96633480
0.136166 8.57944e+06 1.16823e+06 121654008
0.170771 8.59492e+06 1.46776e+06 153153216
0.216072 8.51979e+06 1.84089e+06 192808416
0.271534 8.57961e+06 2.32966e+06 242731224
0.341491 8.57294e+06 2.92759e+06 305580192
0.426285 8.61137e+06 3.6709e+06 384702456
0.541345 8.57965e+06 4.64455e+06 484311576
0.680036 8.58397e+06 5.83741e+06 609711864
0.855526 8.55275e+06 7.31709e+06 767581680
1.07375 8.61916e+06 9.2548e+06 966327864
