# filename: ./acpphint-Rock64-4096MiB-threads_4-LP64-FreeBSD_13_r363590M_64bit-g++_10_O3lto-libc++-cpulockdown-DSIZE_f-ISIZE_us-using_2_threads-cpus_1_3.txt
# acpphint_main version: 0.1.23

0.000125122 56196.1 7.03137 528
0.000124539 72463 9.02447 624
0.000127163 86503.2 11 720
0.00012658 102702 13 816
0.000123664 121296 15 912
0.00012833 147676 18.9513 1104
0.000122206 188207 23 1296
0.000129497 222588 28.8244 1584
0.000124539 277388 34.5456 1872
0.000132997 319329 42.4698 2256
0.000132122 395946 52.3132 2736
