# filename: ./acpphint-Rock64-4096MiB-threads_4-LP64-FreeBSD_13_r363590M_64bit-g++_10_O3lto-libc++-DSIZE_d-ISIZE_ul-using_2_threads-cpus_0_3.txt
# acpphint_main version: 0.1.23

0.000133581 52402.7 7 976
0.000124248 72435.8 9 1184
0.000155455 70760 11 1392
0.000134455 96686.6 13 1600
0.000137372 109193 15 1808
0.000134747 141005 19 2224
0.000123373 186427 23 2640
0.000122789 235635 28.9334 3264
0.000142622 243851 34.7785 3888
0.000130372 328434 42.8186 4720
0.00013708 385779 52.8825 5760
0.000125706 515599 64.8139 7008
0.000157205 514274 80.8465 8672
0.000139122 723931 100.715 10752
0.000139705 909058 127 13456
0.000154288 1.03054e+06 159 16784
0.000123956 1.60176e+06 198.548 20944
0.000129497 1.92026e+06 248.668 26144
0.000116081 2.69096e+06 312.369 32800
0.00015108 2.59709e+06 392.368 41120
0.000157205 3.14358e+06 494.187 51728
0.000166539 3.73115e+06 621.381 65040
0.000202412 3.86318e+06 781.954 81680
0.000236245 4.16176e+06 983.195 102688
0.000266286 4.63829e+06 1235.11 129104
0.000300411 5.18416e+06 1557.38 162384
0.000356117 5.49581e+06 1957.15 204192
0.000429032 5.73494e+06 2460.47 257024
0.000516239 6.01369e+06 3104.5 323376
0.000630862 6.18687e+06 3903.06 406992
0.000747234 6.56394e+06 4904.8 512240
0.00092223 6.71542e+06 6193.17 644736
0.00116168 6.70125e+06 7784.73 811552
0.00149622 6.53835e+06 9782.8 1021632
0.00188063 6.57091e+06 12357.4 1286000
0.00239774 6.47684e+06 15529.8 1618800
0.00305339 6.38997e+06 19511.1 2037712
0.00386188 6.38447e+06 24656 2565200
0.0048754 6.35461e+06 30981.3 3229344
0.00612633 6.35299e+06 38920.5 4065296
0.007771 6.33129e+06 49200.5 5117776
0.00976421 6.33009e+06 61808.3 6442736
0.012348 6.28747e+06 77637.9 8110688
0.015547 6.31348e+06 98155.5 10210656
0.0195868 6.2956e+06 123310 12854336
0.024699 6.2704e+06 154872 16182544
0.03104 6.30741e+06 195782 20372496
0.0389615 6.31397e+06 246001 25647376
0.0490751 6.29483e+06 308919 32287984
0.0618148 6.31684e+06 390474 40647920
0.0779746 6.2932e+06 490710 51172512
0.0982015 6.27385e+06 616102 64422320
0.123511 6.30415e+06 778634 81102672
0.15567 6.28646e+06 978613 102102144
0.196472 6.25218e+06 1.22838e+06 128538944
0.247334 6.27519e+06 1.55207e+06 161820816
0.311583 6.26063e+06 1.95071e+06 203720128
0.391907 6.24553e+06 2.44767e+06 256468304
0.493271 6.2672e+06 3.09143e+06 322874384
0.621314 6.25234e+06 3.88467e+06 406474576
0.78179 6.23102e+06 4.87135e+06 511721120
0.984243 6.24661e+06 6.14818e+06 644218576
1.23926 6.23055e+06 7.72125e+06 811022928
