# filename: ./acpphint-Rock64-4096MiB-threads_4-LP64-FreeBSD_main_n247756_348c41d1815d_64bit-g++_11_O3lto-libc++-DSIZE_ul-ISIZE_ul-using_4_threads.txt
# acpphint_main version: 0.1.24

0.000195704 76646.4 15 1952
0.000172079 110414 19 2368
0.000193662 118764 23 2784
0.000190162 141984 27 3200
0.000199204 155619 31 3616
0.000200079 194923 39 4448
0.00018258 257421 47 5280
0.000188704 311599 58.8001 6528
0.000188996 372145 70.3339 7776
0.000197454 437848 86.4548 9440
0.000199496 534566 106.644 11520
0.000190454 684950 130.451 14016
0.00019337 840597 162.546 17344
0.00021087 958634 202.147 21504
0.000204162 1.24901e+06 255 26912
0.000212912 1.49827e+06 319 33568
0.000216995 1.83255e+06 397.655 41888
0.000233328 2.13431e+06 497.994 52288
0.00024937 2.50655e+06 625.057 65600
0.000249369 3.14846e+06 785.128 82240
0.000267744 3.6921e+06 988.539 103456
0.000278244 4.4638e+06 1242.03 130080
0.00030216 5.17575e+06 1563.9 163360
0.000331326 5.93236e+06 1965.55 205376
0.000373326 6.60836e+06 2467.07 258208
0.000418241 7.44596e+06 3114.2 324768
0.000492906 7.93536e+06 3911.39 408384
0.000586821 8.37202e+06 4912.88 514048
0.000696485 8.9128e+06 6207.63 646752
0.000863314 9.03389e+06 7799.08 813984
0.00106777 9.1699e+06 9791.33 1024480
0.0013498 9.17448e+06 12383.7 1289472
0.0016893 9.20743e+06 15554.1 1623104
0.00213525 9.14478e+06 19526.4 2043264
0.00266082 9.28693e+06 24710.8 2572000
0.00336868 9.21058e+06 31027.5 3237600
0.00419962 9.27216e+06 38939.5 4075424
0.00528576 9.32839e+06 49307.6 5130400
0.00670965 9.22509e+06 61897.1 6458688
0.00837765 9.27107e+06 77669.8 8130592
0.0105698 9.30963e+06 98400.6 10235552
0.01333 9.26372e+06 123486 12885472
0.0168332 9.20353e+06 154925 16221376
0.0210445 9.32832e+06 196309 20421312
0.0265685 9.27281e+06 246365 25708672
0.0334114 9.24934e+06 309034 32365088
0.042028 9.31604e+06 391534 40744992
0.052829 9.304e+06 491521 51294752
0.0667068 9.24086e+06 616428 64575968
0.0839387 9.30298e+06 780880 81295840
0.105665 9.28007e+06 980581 102345024
0.132683 9.26653e+06 1.22951e+06 128844640
0.167018 9.32404e+06 1.55728e+06 162205344
0.210327 9.3001e+06 1.95606e+06 204204288
0.264428 9.27299e+06 2.45204e+06 257077888
0.333703 9.30502e+06 3.10511e+06 323641632
0.420213 9.28366e+06 3.90112e+06 407440256
0.528257 9.2546e+06 4.88881e+06 512936608
0.664941 9.30792e+06 6.18922e+06 645748768
0.833947 9.32533e+06 7.77683e+06 812949152
1.05419 9.24104e+06 9.7418e+06 1023442240
