# filename: ./acpphint-Rock64-4096MiB-threads_4-LP64-FreeBSD_main_n247756_348c41d1815d_64bit-g++_11_O3lto-libc++-cpulockdown-DSIZE_ull-ISIZE_ull-using_2_threads-cpus_1_2.txt
# acpphint_main version: 0.1.24

0.000133872 52288.8 7 976
0.000136205 66076.9 9 1184
0.000134456 81811.1 11 1392
0.000144664 89863.4 13 1600
0.000139122 107819 15 1808
0.000170913 111168 19 2224
0.000168872 136198 23 2640
0.000174413 165890 28.9334 3264
0.000168288 206660 34.7785 3888
0.000141748 302075 42.8186 4720
0.000148456 356217 52.8825 5760
0.000134747 481004 64.8139 7008
0.00017558 460454 80.8465 8672
0.000130372 772518 100.715 10752
0.000154289 823131 127 13456
0.000141164 1.12635e+06 159 16784
0.000142914 1.38928e+06 198.548 20944
0.000132997 1.86973e+06 248.668 26144
0.000150789 2.07156e+06 312.369 32800
0.000198329 1.97837e+06 392.369 41120
0.000175288 2.81929e+06 494.187 51728
0.000219912 2.82559e+06 621.382 65040
0.000205329 3.8083e+06 781.955 81680
0.000258412 3.80476e+06 983.196 102688
0.000286119 4.31678e+06 1235.11 129104
0.000310327 5.01851e+06 1557.38 162384
0.000305369 6.40914e+06 1957.15 204192
0.000391701 6.28151e+06 2460.47 257024
0.00038995 7.9613e+06 3104.51 323376
0.000532865 7.32469e+06 3903.07 406992
0.000624446 7.85467e+06 4904.82 512240
0.000785442 7.88498e+06 6193.19 644736
0.000975605 7.97944e+06 7784.78 811552
0.00127602 7.66673e+06 9782.87 1021632
0.00163272 7.56869e+06 12357.5 1286000
0.00209937 7.39744e+06 15530 1618800
0.00262845 7.42316e+06 19511.4 2037712
0.00333572 7.39164e+06 24656.5 2565200
0.00435595 7.11256e+06 30982 3229344
0.00539018 7.22085e+06 38921.7 4065296
0.00681436 7.22039e+06 49202.3 5117776
0.00863636 7.15709e+06 61811.3 6442736
0.0110927 6.99941e+06 77642.6 8110688
0.0140531 6.98515e+06 98162.9 10210656
0.0176166 7.00033e+06 123322 12854336
0.022158 6.99027e+06 154891 16182544
0.0276739 7.07566e+06 195811 20372496
0.0349666 7.03665e+06 246048 25647376
0.044529 6.93913e+06 308992 32287984
0.0553482 7.05698e+06 390591 40647920
0.0711824 6.89627e+06 490894 51172512
0.0885896 6.95784e+06 616392 64422320
0.10967 7.10403e+06 779097 81102672
0.139415 7.0247e+06 979346 102102144
0.17546 7.0075e+06 1.22953e+06 128538944
0.220412 7.05004e+06 1.55391e+06 161820816
0.277493 7.04022e+06 1.95361e+06 203720128
0.351931 6.96797e+06 2.45225e+06 256468304
0.435015 7.12331e+06 3.09874e+06 322874384
0.553378 7.04083e+06 3.89624e+06 406474576
0.693564 7.04988e+06 4.88954e+06 511721120
0.87706 7.04309e+06 6.17721e+06 644218576
1.10696 7.01665e+06 7.76712e+06 811022928
