# filename: ./acpphint-Rock64-4096MiB-threads_4-LP64-FreeBSD_main_n247756_348c41d1815d_64bit-g++_11_O3lto-libc++-DSIZE_ull-ISIZE_ull-using_3_threads-cpus_0_1_2.txt
# acpphint_main version: 0.1.24

0.000151955 72389.9 11 1464
0.000157205 89055.7 14 1776
0.000150496 112960 17 2088
0.000146122 136872 20 2400
0.00015808 145496 23 2712
0.000157496 184132 29 3336
0.000158371 221000 35 3960
0.000161288 271978 43.8667 4896
0.000146996 357535 52.5562 5832
0.000170038 380131 64.6367 7080
0.000163913 486620 79.7633 8640
0.000175579 556058 97.6321 10512
0.000168288 723141 121.696 13008
0.000168288 899831 151.431 16128
0.000173537 1.10063e+06 191 20184
0.000174413 1.37031e+06 239 25176
0.000179372 1.66191e+06 298.101 31416
0.000188996 1.97534e+06 373.332 39216
0.00019862 2.35986e+06 468.716 49200
0.000197454 2.98169e+06 588.747 61680
0.000201537 3.67855e+06 741.364 77592
0.00018958 4.9146e+06 931.71 97560
0.000196287 5.97557e+06 1172.93 122520
0.000259286 5.68628e+06 1474.37 154032
0.000293119 6.31521e+06 1851.11 193656
0.000339784 6.87433e+06 2335.79 243576
0.000394616 7.43577e+06 2934.27 306288
0.000466365 7.90519e+06 3686.7 385536
0.000542489 8.58279e+06 4656.07 485064
0.000658277 8.88848e+06 5851.08 610488
0.000828607 8.86806e+06 7348.13 768360
0.00103452 8.97853e+06 9288.46 967104
0.00131539 8.87148e+06 11669.4 1217328
0.00167326 8.75822e+06 14654.7 1532448
0.00210316 8.81253e+06 18534.2 1929000
0.00266519 8.73437e+06 23278.8 2428200
0.00334855 8.72786e+06 29225.7 3056568
0.00423607 8.73027e+06 36982.1 3847800
0.00538959 8.61654e+06 46439.6 4844016
0.00674144 8.64746e+06 58296.3 6097944
0.00848557 8.69731e+06 73801.6 7676664
0.0108288 8.5558e+06 92648.8 9664104
0.0136138 8.54168e+06 116285 12166032
0.0170668 8.62709e+06 147237 15315984
0.0214545 8.61563e+06 184844 19281504
0.0272781 8.50372e+06 231965 24273816
0.0341068 8.61047e+06 293675 30558744
0.0432401 8.52884e+06 368788 38471064
0.0539697 8.57369e+06 462719 48431976
0.0679 8.62659e+06 585745 60971880
0.0848799 8.66815e+06 735751 76758768
0.107353 8.5976e+06 922980 96633480
0.134277 8.7001e+06 1.16823e+06 121654008
0.169788 8.64465e+06 1.46776e+06 153153216
0.21441 8.58582e+06 1.84089e+06 192808416
0.269123 8.65647e+06 2.32966e+06 242731224
0.33874 8.64258e+06 2.92759e+06 305580192
0.428425 8.56837e+06 3.6709e+06 384702456
0.536217 8.66169e+06 4.64455e+06 484311576
0.672691 8.6777e+06 5.83741e+06 609711864
0.848743 8.62109e+06 7.31709e+06 767581680
1.0727 8.62761e+06 9.2548e+06 966327864
