# filename: ./acpphint-Rock64-4096MiB-threads_4-LP64-FreeBSD_13_r363590M_64bit-g++_10_O3lto-libc++-DSIZE_d-ISIZE_ui-using_4_threads.txt
# acpphint_main version: 0.1.23

0.000235078 63808.6 15 1824
0.000235662 80621.5 18.9994 2208
0.000239453 96047.7 22.9989 2592
0.000239161 112890 26.9989 2976
0.000243245 127438 30.9985 3360
0.000240036 162468 38.9981 4128
0.000227203 206854 46.9978 4896
0.000251994 233322 58.7958 6048
0.000237412 296222 70.3266 7200
0.000248495 347877 86.4457 8736
0.000246161 433183 106.633 10656
0.000254911 511680 130.433 12960
0.00024062 675392 162.513 16032
0.000251995 802002 202.101 19872
0.000271535 938818 254.922 24864
0.000263368 1.21079e+06 318.884 31008
0.000276202 1.43904e+06 397.465 38688
0.000293994 1.69288e+06 497.697 48288
0.000297493 2.09953e+06 624.596 60576
0.000308576 2.54212e+06 784.438 75936
0.000330451 2.98756e+06 987.242 95520
0.000344742 3.59664e+06 1239.91 120096
0.000342992 4.54983e+06 1560.55 150816
0.000388491 5.04561e+06 1960.17 189600
0.000412408 5.96183e+06 2458.71 238368
0.000452074 6.85861e+06 3100.6 299808
0.000538405 7.22381e+06 3889.33 376992
0.000625319 7.80104e+06 4878.14 474528
0.000737025 8.34726e+06 6152.14 597024
0.00087673 8.7961e+06 7711.8 751392
0.00107593 8.97153e+06 9652.77 945696
0.00133551 9.10794e+06 12163.8 1190304
0.00166159 9.15295e+06 15208.4 1498272
