# filename: ./acpphint-Rock64-4096MiB-threads_4-LP64-FreeBSD_13_r363590M_64bit-g++_10_O3lto-libc++-cpulockdown-DSIZE_f-ISIZE_ui-using_2_threads-cpus_1_3.txt
# acpphint_main version: 0.1.23

0.000137664 50862.6 7.00195 560
0.000139706 64431.9 9.00153 664
0.000140872 78085.1 11 768
0.00013708 94835.2 13 872
0.000147872 101439 15 976
0.000145538 130529 18.997 1184
0.000135622 169589 23 1392
0.000137372 210571 28.9266 1704
0.000138538 250934 34.7639 2016
0.000149621 286034 42.7966 2432
0.00014058 375780 52.8272 2952
0.000148455 436090 64.7398 3576
0.000138247 583784 80.7064 4408
0.000139413 721147 100.537 5448
0.000139414 909166 126.75 6800
0.000125705 1.26119e+06 158.538 8464
0.000127747 1.54979e+06 197.981 10544
0.000118997 2.08171e+06 247.717 13144
9.7998e-05 3.17265e+06 310.914 16472
0.000125414 3.1093e+06 389.95 20632
0.000109665 4.46599e+06 489.763 25936
0.000122789 4.99752e+06 613.64 32592
0.000142622 5.38386e+06 767.856 40912
0.000150789 6.36965e+06 960.473 51416
