# filename: ./acpphint-Rock64-4096MiB-threads_4-LP64-FreeBSD_13_r363590M_64bit-g++_10_O3lto-libc++-cpulockdown-DSIZE_ul-ISIZE_ul-using_1_threads.txt
# acpphint_main version: 0.1.23

2.12216e-07 4.71217e+06 1 280
3.24433e-07 6.16461e+06 2 384
4.26612e-07 7.03215e+06 3 488
5.33792e-07 7.49355e+06 4 592
6.36352e-07 7.85728e+06 5 696
7.445e-07 8.0591e+06 6 800
8.44045e-07 8.29339e+06 7 904
1.05446e-06 8.53516e+06 9 1112
1.26607e-06 8.68832e+06 11 1320
1.57841e-06 8.86968e+06 14 1632
1.88539e-06 9.01669e+06 17 1944
2.30896e-06 9.09501e+06 21 2360
2.83556e-06 9.16928e+06 26 2880
3.46344e-06 9.23938e+06 32 3504
4.27767e-06 9.35089e+06 40 4336
5.3374e-06 9.36786e+06 50 5376
6.67175e-06 9.4428e+06 63 6728
8.361e-06 9.44863e+06 79 8392
1.0427e-05 9.49458e+06 99 10472
1.3052e-05 9.50046e+06 124 13072
1.6479e-05 9.46659e+06 156 16400
2.0562e-05 9.53215e+06 196 20560
2.61035e-05 9.46233e+06 247 25864
3.3249e-05 9.35366e+06 311 32520
4.1999e-05 9.30974e+06 391 40840
5.3665e-05 9.16799e+06 492 51344
6.7957e-05 9.1087e+06 619 64552
8.6332e-05 9.0233e+06 779 81192
0.000109372 8.96024e+06 980 102096
0.000138539 8.90724e+06 1234 128512
0.000175288 8.8597e+06 1553 161688
0.00022137 8.83136e+06 1955 203496
0.000279411 8.80781e+06 2461 256120
0.000355533 8.71367e+06 3098 322368
0.00046549 8.37826e+06 3900 405776
0.000635528 7.72585e+06 4909.99 510816
0.000905896 6.82307e+06 6180.99 643000
0.00129322 6.01675e+06 7780.99 809400
0.00175375 5.58516e+06 9794.98 1018856
0.00237791 5.18564e+06 12331 1282600
0.00314672 4.93337e+06 15523.9 1614672
0.00408324 4.78613e+06 19542.9 2032648
0.00529247 4.64866e+06 24602.9 2558888
0.00692955 4.46966e+06 30972.8 3221368
0.00880755 4.42707e+06 38991.6 4055344
0.0114103 4.30202e+06 49087.4 5105328
0.0144311 4.28223e+06 61797.1 6427168
0.0182098 4.27229e+06 77797.6 8091272
0.0230003 4.25824e+06 97940.8 10186248
0.0290572 4.24333e+06 123299 12823688
0.0366838 4.23138e+06 155223 16143992
0.0459583 4.25194e+06 195412 20323960
0.0586634 4.19352e+06 246006 25586256
0.0745308 4.15531e+06 309699 32211160
0.0925738 4.21155e+06 389880 40551336
0.116888 4.19905e+06 490818 51051072
0.146498 4.21771e+06 617885 64269472
0.186019 4.18152e+06 777842 80910408
0.232074 4.21934e+06 979199 101860064
0.294514 4.18542e+06 1.23267e+06 128234152
0.364926 4.25214e+06 1.55172e+06 161437192
0.460175 4.24472e+06 1.95331e+06 203237288
0.578275 4.25194e+06 2.45879e+06 255860560
0.734538 4.2135e+06 3.09497e+06 322109288
0.916348 4.25123e+06 3.89561e+06 405511464
1.15399 4.24886e+06 4.90313e+06 510508616
