# filename: ./acpphint-Rock64-4096MiB-threads_4-LP64-FreeBSD_13_r363590M_64bit-g++_10_O3lto-libc++-cpulockdown-DSIZE_ul-ISIZE_ul-using_2_threads-cpus_1_3.txt
# acpphint_main version: 0.1.23

0.000141747 49383.8 7 976
0.000141164 63755.6 9 1184
0.000136497 80587.9 11 1392
0.000139122 93443.2 13 1600
0.00014058 106701 15 1808
0.000134747 141005 19 2224
0.00013533 169955 23 2640
0.000138247 209288 28.9334 3264
0.000143497 242364 34.7785 3888
0.000136788 313029 42.8186 4720
0.000146705 360468 52.8825 5760
0.000139121 465882 64.8139 7008
0.000143497 563402 80.8465 8672
0.000147289 683790 100.715 10752
0.000132122 961233 127 13456
0.000141747 1.12172e+06 159 16784
0.000151372 1.31165e+06 198.548 20944
0.000126289 1.96904e+06 248.668 26144
0.000116372 2.68423e+06 312.369 32800
9.8581e-05 3.98016e+06 392.369 41120
0.000117539 4.20445e+06 494.187 51728
0.000116081 5.353e+06 621.382 65040
0.000139413 5.60891e+06 781.955 81680
0.000152538 6.44558e+06 983.196 102688
0.000182871 6.75401e+06 1235.11 129104
0.000215536 7.22561e+06 1557.38 162384
0.000273869 7.14631e+06 1957.15 204192
0.000358742 6.85862e+06 2460.47 257024
0.000424366 7.31564e+06 3104.51 323376
0.000513905 7.59493e+06 3903.07 406992
0.000611319 8.02333e+06 4904.82 512240
0.000751608 8.23992e+06 6193.19 644736
0.000959854 8.11038e+06 7784.78 811552
0.00124976 7.82778e+06 9782.87 1021632
0.00160821 7.68401e+06 12357.5 1286000
0.00207341 7.49006e+06 15530 1618800
0.00263077 7.41659e+06 19511.4 2037712
0.00337188 7.31238e+06 24656.5 2565200
0.00433582 7.14559e+06 30982 3229344
0.0054103 7.19401e+06 38921.7 4065296
0.00685664 7.17587e+06 49202.3 5117776
0.00885101 6.98353e+06 61811.3 6442736
0.0111648 6.95426e+06 77642.6 8110688
0.0139711 7.02614e+06 98162.9 10210656
0.0177615 6.94321e+06 123322 12854336
0.0221417 6.99544e+06 154891 16182544
0.0277345 7.06019e+06 195811 20372496
0.035274 6.97534e+06 246048 25647376
0.0444858 6.94587e+06 308992 32287984
0.0563102 6.93641e+06 390591 40647920
0.0701402 6.99875e+06 490894 51172512
0.0878544 7.01606e+06 616392 64422320
0.111785 6.96957e+06 779097 81102672
0.139511 7.01986e+06 979346 102102144
0.175796 6.9941e+06 1.22953e+06 128538944
0.223543 6.95128e+06 1.55391e+06 161820816
0.275801 7.08343e+06 1.95361e+06 203720128
0.348741 7.03171e+06 2.45225e+06 256468304
0.439463 7.05121e+06 3.09874e+06 322874384
0.558516 6.97605e+06 3.89624e+06 406474576
0.699177 6.99329e+06 4.88954e+06 511721120
0.883607 6.99091e+06 6.17721e+06 644218576
1.10593 7.02314e+06 7.76712e+06 811022928
