# filename: ./acpphint-Rock64-4096MiB-threads_4-LP64-FreeBSD_13_r363590M_64bit-g++_10_O3lto-libc++-cpulockdown-DSIZE_d-ISIZE_ui-using_4_threads-cpus_0_1_2_3.txt
# acpphint_main version: 0.1.23

0.000244119 61445.4 15 1824
0.00025812 73607 18.9994 2208
0.000252577 91057 22.9989 2592
0.000255494 105673 26.9989 2976
0.000248494 124746 30.9985 3360
0.000248203 157122 38.9981 4128
0.000244995 191832 46.9978 4896
0.000265411 221527 58.7958 6048
0.000256661 274006 70.3266 7200
0.000270077 320078 86.4457 8736
0.000254328 419272 106.633 10656
0.000274452 475248 130.433 12960
0.000280577 579209 162.513 16032
0.000250245 807611 202.101 19872
0.000258411 986498 254.922 24864
0.000269494 1.18327e+06 318.884 31008
0.000267452 1.48612e+06 397.465 38688
0.000276202 1.80193e+06 497.697 48288
0.000310618 2.01082e+06 624.596 60576
0.000292535 2.68152e+06 784.438 75936
0.000310326 3.18131e+06 987.242 95520
0.000317618 3.90378e+06 1239.91 120096
0.000345325 4.51909e+06 1560.55 150816
0.000375366 5.22203e+06 1960.17 189600
0.000415032 5.92414e+06 2458.71 238368
0.000473656 6.5461e+06 3100.6 299808
0.000527905 7.36749e+06 3889.33 376992
0.000624444 7.81197e+06 4878.14 474528
0.000736151 8.35717e+06 6152.14 597024
0.000884605 8.71779e+06 7711.8 751392
0.00107185 9.0057e+06 9652.77 945696
0.00132822 9.15793e+06 12163.8 1190304
0.00166013 9.16099e+06 15208.4 1498272
