# filename: ./acpphint-Rock64-4096MiB-threads_4-LP64-FreeBSD_13_r363590M_64bit-g++_10_O3lto-libc++-cpulockdown-DSIZE_ui-ISIZE_ui-using_2_threads-cpus_1_2.txt
# acpphint_main version: 0.1.23

0.000113456 61691.5 6.99927 560
0.000123664 72767.5 8.99872 664
0.000125705 87491.5 10.9981 768
0.000112872 115152 12.9974 872
0.000125706 119299 14.9966 976
0.000128331 148011 18.9944 1184
0.000126872 181221 22.9919 1392
0.000131247 220354 28.9208 1704
0.000117247 296467 34.7598 2016
0.000118413 361367 42.7906 2432
0.000121331 435498 52.8394 2952
0.000123372 524829 64.7492 3576
0.000121331 665502 80.746 4408
0.000125122 803691 100.559 5448
0.000125122 1.01305e+06 126.754 6800
0.000123664 1.28262e+06 158.614 8464
0.000126581 1.5638e+06 197.947 10544
0.000127164 1.94813e+06 247.732 13144
0.00013183 2.35825e+06 310.888 16472
0.000137372 2.83924e+06 390.032 20632
0.000135622 3.61664e+06 490.496 25936
0.00014408 4.27223e+06 615.543 32592
0.00015283 5.05615e+06 772.732 40912
0.000153122 6.32622e+06 968.683 51416
0.000170621 7.10497e+06 1212.26 64624
0.000183746 8.27896e+06 1521.23 81264
0.000212329 8.9505e+06 1900.45 102168
0.000257536 9.20822e+06 2371.45 128584
0.000308576 9.60581e+06 2964.12 161760
0.000356409 1.03358e+07 3683.77 203568
0.000416199 1.09642e+07 4563.3 256192
0.000493781 1.14595e+07 5658.49 322440
0.000588571 1.18227e+07 6958.52 405848
0.000706109 1.20551e+07 8512.25 510888
0.000878772 1.18314e+07 10397.1 643072
0.00109664 1.14488e+07 12555.2 809472
