# filename: ./acpphint-Rock64-4096MiB-threads_4-LP64-FreeBSD_main_n247756_348c41d1815d_64bit-g++_11_O3lto-libc++-DSIZE_ull-ISIZE_ull-using_2_threads-cpus_1_3.txt
# acpphint_main version: 0.1.24

0.000115789 60454.8 7 976
0.000104997 85716.7 9 1184
0.000117247 93819 11 1392
0.000100622 129196 13 1600
0.000115205 130203 15 1808
0.000106164 178968 19 2224
0.000110539 208071 23 2640
0.000106456 271787 28.9334 3264
0.000104706 332153 34.7785 3888
0.000119873 357199 42.8186 4720
0.000128039 413019 52.8825 5760
0.000122789 527848 64.8139 7008
0.000116372 694724 80.8465 8672
0.000113456 887698 100.715 10752
0.000137955 920590 127 13456
0.000124247 1.27971e+06 159 16784
0.000128914 1.54016e+06 198.548 20944
0.000125997 1.97361e+06 248.668 26144
0.000135913 2.2983e+06 312.369 32800
0.000141163 2.77954e+06 392.369 41120
0.000112872 4.3783e+06 494.187 51728
0.00014758 4.21047e+06 621.382 65040
0.000167413 4.67081e+06 781.955 81680
0.000168288 5.84234e+06 983.196 102688
0.00020562 6.00677e+06 1235.11 129104
0.000238578 6.52776e+06 1557.38 162384
0.00026891 7.2781e+06 1957.15 204192
0.000343284 7.16746e+06 2460.47 257024
0.000417073 7.44356e+06 3104.51 323376
0.000502822 7.76233e+06 3903.07 406992
0.000613653 7.99282e+06 4904.82 512240
0.000761816 8.12951e+06 6193.19 644736
0.000988144 7.87818e+06 7784.78 811552
0.00126697 7.72147e+06 9782.87 1021632
0.00162046 7.62593e+06 12357.5 1286000
0.00209529 7.41187e+06 15530 1618800
0.00263573 7.40264e+06 19511.4 2037712
0.00334126 7.3794e+06 24656.5 2565200
0.00433407 7.14848e+06 30982 3229344
0.00537063 7.24714e+06 38921.7 4065296
0.00688609 7.14517e+06 49202.3 5117776
0.00877488 7.04411e+06 61811.3 6442736
0.0110805 7.00717e+06 77642.6 8110688
0.0139519 7.03583e+06 98162.9 10210656
0.0176959 6.96896e+06 123322 12854336
0.0222837 6.95086e+06 154891 16182544
0.0277573 7.05441e+06 195811 20372496
0.0354942 6.93207e+06 246048 25647376
0.0436513 7.07865e+06 308992 32287984
0.0552579 7.06851e+06 390591 40647920
0.0698797 7.02484e+06 490894 51172512
0.0887936 6.94185e+06 616392 64422320
0.109947 7.08613e+06 779097 81102672
0.138653 7.06329e+06 979346 102102144
0.174759 7.03559e+06 1.22953e+06 128538944
0.219374 7.08338e+06 1.55391e+06 161820816
0.27958 6.98766e+06 1.95361e+06 203720128
0.350212 7.00218e+06 2.45225e+06 256468304
0.439067 7.05756e+06 3.09874e+06 322874384
0.553024 7.04533e+06 3.89624e+06 406474576
0.692307 7.06268e+06 4.88954e+06 511721120
0.875401 7.05644e+06 6.17721e+06 644218576
1.09381 7.101e+06 7.76712e+06 811022928
