# filename: ./acpphint-Rock64-4096MiB-threads_4-LP64-FreeBSD_13_r363590M_64bit-g++_10_O3lto-libc++-DSIZE_d-ISIZE_ui-using_4_threads-cpus_0_1_2_3.txt
# acpphint_main version: 0.1.23

0.00022487 66705.2 15 1824
0.000217578 87322.4 18.9994 2208
0.000222537 103349 22.9989 2592
0.000214078 126117 26.9989 2976
0.000216704 143046 30.9985 3360
0.000210287 185452 38.9981 4128
0.000232161 202436 46.9978 4896
0.000219037 268429 58.7958 6048
0.000220495 318949 70.3266 7200
0.000237411 364118 86.4457 8736
0.000235661 452483 106.633 10656
0.000232453 561115 130.433 12960
0.00023187 700879 162.513 16032
0.000244994 824920 202.101 19872
0.000253745 1.00464e+06 254.922 24864
0.000253161 1.25961e+06 318.884 31008
0.000256661 1.5486e+06 397.465 38688
0.000265119 1.87726e+06 497.697 48288
0.000265119 2.35591e+06 624.596 60576
0.00028466 2.7557e+06 784.438 75936
0.000299243 3.29913e+06 987.242 95520
0.000299243 4.14349e+06 1239.91 120096
0.000325784 4.79015e+06 1560.55 150816
0.000355242 5.51785e+06 1960.17 189600
0.000388783 6.32411e+06 2458.71 238368
0.000440699 7.03564e+06 3100.6 299808
0.000505155 7.69929e+06 3889.33 376992
0.000590321 8.26353e+06 4878.14 474528
0.000703776 8.74161e+06 6152.14 597024
0.000849606 9.07692e+06 7711.8 751392
0.00104794 9.21123e+06 9652.77 945696
0.00131597 9.24318e+06 12163.8 1190304
0.00164438 9.24873e+06 15208.4 1498272
