# filename: ./acpphint-Rock64-4096MiB-threads_4-LP64-FreeBSD_13_r363590M_64bit-g++_10_O3lto-libc++-cpulockdown-DSIZE_d-ISIZE_ul-using_2_threads-cpus_1_3.txt
# acpphint_main version: 0.1.23

0.000120456 58112.5 7 976
0.000114039 78920.4 9 1184
0.000121914 90227.5 11 1392
0.000127164 102230 13 1600
0.000121914 123038 15 1808
0.000117248 162050 19 2224
0.000119289 192809 23 2640
0.000127455 227009 28.9334 3264
0.000129497 268566 34.7785 3888
0.000122497 349548 42.8186 4720
0.000131247 402924 52.8825 5760
0.000130372 497146 64.8139 7008
0.000111998 721856 80.8465 8672
0.000113748 885420 100.715 10752
8.604e-05 1.47606e+06 127 13456
9.5081e-05 1.67226e+06 159 16784
7.6124e-05 2.60822e+06 198.548 20944
8.4289e-05 2.95019e+06 248.668 26144
8.5456e-05 3.65532e+06 312.369 32800
9.7415e-05 4.0278e+06 392.368 41120
0.000118997 4.15294e+06 494.187 51728
0.000118122 5.26051e+06 621.381 65040
0.000146122 5.35138e+06 781.954 81680
0.000192788 5.09988e+06 983.195 102688
0.000200954 6.14624e+06 1235.11 129104
0.000255202 6.10253e+06 1557.38 162384
0.000314409 6.22486e+06 1957.15 204192
0.000380033 6.47436e+06 2460.47 257024
0.000476864 6.51025e+06 3104.5 323376
0.000583612 6.68777e+06 3903.06 406992
0.000703193 6.97504e+06 4904.8 512240
0.000871772 7.10411e+06 6193.17 644736
0.00107623 7.23336e+06 7784.73 811552
0.00142651 6.85786e+06 9782.8 1021632
0.00184737 6.68918e+06 12357.4 1286000
0.0023537 6.59805e+06 15529.8 1618800
0.00300585 6.49104e+06 19511.1 2037712
0.00379566 6.49584e+06 24656 2565200
0.00479518 6.46091e+06 30981.3 3229344
0.00610299 6.37729e+06 38920.5 4065296
0.00770129 6.3886e+06 49200.5 5117776
0.00973416 6.34963e+06 61808.3 6442736
0.0122751 6.32483e+06 77637.9 8110688
0.0154883 6.33739e+06 98155.5 10210656
0.0195176 6.3179e+06 123310 12854336
0.0246578 6.28086e+06 154872 16182544
0.0309831 6.31899e+06 195782 20372496
0.0388876 6.32596e+06 246001 25647376
0.049108 6.29061e+06 308919 32287984
0.0617363 6.32487e+06 390474 40647920
0.0778033 6.30706e+06 490710 51172512
0.0981264 6.27865e+06 616102 64422320
0.123449 6.30733e+06 778634 81102672
0.155462 6.29489e+06 978613 102102144
0.196261 6.25889e+06 1.22838e+06 128538944
0.247088 6.28145e+06 1.55207e+06 161820816
0.311112 6.2701e+06 1.95071e+06 203720128
0.391763 6.24783e+06 2.44767e+06 256468304
0.493156 6.26867e+06 3.09143e+06 322874384
0.620952 6.25599e+06 3.88467e+06 406474576
0.781771 6.23117e+06 4.87135e+06 511721120
0.983472 6.2515e+06 6.14818e+06 644218576
1.23931 6.23027e+06 7.72125e+06 811022928
