# filename: ./acpphint-Rock64-4096MiB-threads_4-LP64-FreeBSD_13_r363590M_64bit-g++_10_O3lto-libc++-cpulockdown-DSIZE_d-ISIZE_ul-using_2_threads-cpus_0_1.txt
# acpphint_main version: 0.1.23

0.000127748 54795.4 7 976
0.000117248 76760.4 9 1184
0.000130664 84185.4 11 1392
0.000120455 107924 13 1600
0.000132997 112785 15 1808
0.000124247 152921 19 2224
0.000131538 174854 23 2640
0.000126581 228576 28.9334 3264
0.000122206 284589 34.7785 3888
0.000122497 349548 42.8186 4720
0.000121622 434811 52.8825 5760
0.000127164 509688 64.8139 7008
0.000135913 594840 80.8465 8672
0.000143205 703290 100.715 10752
0.000145538 872624 127 13456
0.000148163 1.07314e+06 159 16784
0.000150497 1.31928e+06 198.548 20944
0.000100915 2.46414e+06 248.668 26144
8.9831e-05 3.4773e+06 312.369 32800
9.9457e-05 3.94511e+06 392.368 41120
0.000116373 4.24658e+06 494.187 51728
0.000125998 4.93168e+06 621.381 65040
0.000148455 5.26728e+06 781.954 81680
0.000167705 5.86265e+06 983.195 102688
0.000204745 6.03244e+06 1235.11 129104
0.000242662 6.41789e+06 1557.38 162384
0.00032141 6.08927e+06 1957.15 204192
0.000401033 6.13533e+06 2460.47 257024
0.000493489 6.29093e+06 3104.5 323376
0.000587403 6.64461e+06 3903.06 406992
0.000710193 6.90629e+06 4904.8 512240
0.000893355 6.93248e+06 6193.17 644736
0.00110977 7.01475e+06 7784.73 811552
0.00143351 6.82437e+06 9782.8 1021632
0.00185029 6.67863e+06 12357.4 1286000
0.00235078 6.60623e+06 15529.8 1618800
0.00298456 6.53734e+06 19511.1 2037712
0.0037945 6.49783e+06 24656 2565200
0.00481444 6.43508e+06 30981.3 3229344
0.00608636 6.39471e+06 38920.5 4065296
0.007708 6.38304e+06 49200.5 5117776
0.0097117 6.36431e+06 61808.3 6442736
0.0122891 6.31763e+06 77637.9 8110688
0.0154813 6.34025e+06 98155.5 10210656
0.0195304 6.31375e+06 123310 12854336
0.0246272 6.28867e+06 154872 16182544
0.0310099 6.31353e+06 195782 20372496
0.0389684 6.31284e+06 246001 25647376
0.0491016 6.29144e+06 308919 32287984
0.0618247 6.31583e+06 390474 40647920
0.0779237 6.29731e+06 490710 51172512
0.0981541 6.27688e+06 616102 64422320
0.123615 6.29885e+06 778634 81102672
0.155763 6.2827e+06 978613 102102144
0.196205 6.26069e+06 1.22838e+06 128538944
0.246987 6.28402e+06 1.55207e+06 161820816
0.31113 6.26974e+06 1.95071e+06 203720128
0.391882 6.24593e+06 2.44767e+06 256468304
0.493249 6.26748e+06 3.09143e+06 322874384
0.621465 6.25083e+06 3.88467e+06 406474576
0.78218 6.22791e+06 4.87135e+06 511721120
0.983265 6.25282e+06 6.14818e+06 644218576
1.23843 6.23468e+06 7.72125e+06 811022928
