# filename: ./acpphint-Rock64-4096MiB-threads_4-LP64-FreeBSD_13_r363590M_64bit-g++_10_O3lto-libc++-DSIZE_ui-ISIZE_ui-using_2_threads-cpus_1_2.txt
# acpphint_main version: 0.1.23

0.000146705 47709.8 6.99927 560
0.000148163 60735.3 8.99872 664
0.000140872 78071.7 10.9981 768
0.000151371 85864.8 12.9974 872
0.000131831 113756 14.9966 976
0.000137372 138270 18.9944 1184
0.000164496 139772 22.9919 1392
0.000142913 202367 28.9208 1704
0.000134747 257964 34.7598 2016
0.00015108 283231 42.7906 2432
0.000146705 360174 52.8394 2952
0.000165955 390161 64.7492 3576
0.000139413 579185 80.746 4408
0.000180537 557002 100.559 5448
0.000156329 810818 126.754 6800
0.00017733 894458 158.614 8464
0.000187829 1.05387e+06 197.947 10544
0.000198621 1.24726e+06 247.732 13144
0.000180829 1.71924e+06 310.888 16472
0.000178496 2.1851e+06 390.032 20632
0.000156038 3.14344e+06 490.496 25936
0.000163038 3.77546e+06 615.543 32592
0.000164496 4.69757e+06 772.732 40912
0.000177037 5.47164e+06 968.683 51416
0.00019512 6.21288e+06 1212.26 64624
0.000204746 7.42982e+06 1521.23 81264
0.000233911 8.12468e+06 1900.45 102168
0.000260452 9.10513e+06 2371.45 128584
0.000314701 9.41885e+06 2964.12 161760
0.00036895 9.98447e+06 3683.77 203568
0.000427282 1.06798e+07 4563.3 256192
0.000525571 1.07664e+07 5658.49 322440
0.000633193 1.09896e+07 6958.52 405848
0.000731775 1.16323e+07 8512.25 510888
0.000919312 1.13097e+07 10397.1 643072
0.00114068 1.10067e+07 12555.2 809472
