# filename: ./acpphint-Rock64-4096MiB-threads_4-LP64-FreeBSD_13_r363590M_64bit-g++_10_O3lto-libc++-cpulockdown-DSIZE_d-ISIZE_ull-using_4_threads.txt
# acpphint_main version: 0.1.23

0.000281744 53239.8 15 1952
0.00028641 66338.5 19 2368
0.000276202 83272.4 23 2784
0.000288744 93508.4 27 3200
0.00029341 105654 31 3616
0.000288743 135068 39 4448
0.000283786 165618 47 5280
0.000299827 196113 58.8001 6528
0.000292535 240429 70.3338 7776
0.00029341 294655 86.4548 9440
0.000281744 378513 106.644 11520
0.000304785 428011 130.451 14016
0.000284368 571605 162.546 17344
0.000298368 677510 202.147 21504
0.00030216 843924 255 26912
0.000304493 1.04764e+06 319 33568
0.000315576 1.26009e+06 397.655 41888
0.000327826 1.51908e+06 497.994 52288
0.00032141 1.94473e+06 625.057 65600
0.000341242 2.30079e+06 785.127 82240
0.000345325 2.86263e+06 988.538 103456
0.000361367 3.43702e+06 1242.02 130080
0.000399283 3.91678e+06 1563.9 163360
0.000426699 4.60639e+06 1965.54 205376
0.000473073 5.21499e+06 2467.07 258208
0.000519739 5.99185e+06 3114.2 324768
0.000594111 6.58358e+06 3911.38 408384
0.00069736 7.04494e+06 4912.86 514048
0.000827731 7.49955e+06 6207.61 646752
0.000965395 8.0786e+06 7799.04 813984
0.0011716 8.35718e+06 9791.26 1024480
0.00145888 8.48843e+06 12383.6 1289472
0.00181092 8.58896e+06 15553.9 1623104
0.00225307 8.66641e+06 19526.1 2043264
0.00280606 8.80607e+06 24710.4 2572000
0.00354338 8.75626e+06 31026.7 3237600
0.00440698 8.8356e+06 38938.4 4075424
0.00550829 8.95118e+06 49305.7 5130400
0.00697563 8.8729e+06 61894.1 6458688
0.00868331 8.94419e+06 77665.1 8130592
0.0109597 8.97771e+06 98393.2 10235552
0.0137436 8.9841e+06 123474 12885472
0.0173552 8.92562e+06 154906 16221376
0.021876 8.97239e+06 196280 20421312
0.0275321 8.94656e+06 246318 25708672
0.0344596 8.96587e+06 308961 32365088
0.0433562 9.02794e+06 391417 40744992
0.0548178 8.96308e+06 491336 51294752
0.0693008 8.89078e+06 616138 64575968
0.0869535 8.97509e+06 780415 81295840
0.109446 8.95279e+06 979847 102345024
0.137403 8.9398e+06 1.22836e+06 128844640
0.172536 9.01512e+06 1.55543e+06 162205344
0.21714 8.99486e+06 1.95315e+06 204204288
0.273783 8.93944e+06 2.44746e+06 257077888
0.3452 8.97382e+06 3.09776e+06 323641632
0.434642 8.94877e+06 3.88952e+06 407440256
0.546549 8.91158e+06 4.87062e+06 512936608
0.687845 8.95564e+06 6.16009e+06 645748768
0.865842 8.92869e+06 7.73084e+06 812949152
1.08695 8.89621e+06 9.66976e+06 1023442240
