# filename: ./acpphint-Rock64-4096MiB-threads_4-LP64-FreeBSD_main_n247756_348c41d1815d_64bit-g++_11_O3lto-libc++-DSIZE_ul-ISIZE_ul-using_2_threads-cpus_1_2.txt
# acpphint_main version: 0.1.24

0.000102373 68377.4 7 976
0.000118705 75818.2 9 1184
0.000113165 97203.2 11 1392
0.000114622 113416 13 1600
0.00011258 133239 15 1808
0.000102373 185596 19 2224
0.000114331 201170 23 2640
0.000123955 233419 28.9334 3264
0.000100332 346634 34.7785 3888
0.000114622 373563 42.8186 4720
0.000125414 421664 52.8825 5760
0.000111414 581739 64.8139 7008
0.000107622 751208 80.8465 8672
0.000132705 758937 100.715 10752
0.000132997 954909 127 13456
0.000126872 1.25323e+06 159 16784
0.000115205 1.72343e+06 198.548 20944
0.000135038 1.84147e+06 248.668 26144
0.00013708 2.27874e+06 312.369 32800
0.000142038 2.76242e+06 392.369 41120
0.000125414 3.94045e+06 494.187 51728
0.000164496 3.77749e+06 621.382 65040
0.000152538 5.12629e+06 781.955 81680
0.00018783 5.2345e+06 983.196 102688
0.000218745 5.64636e+06 1235.11 129104
0.000240328 6.48022e+06 1557.38 162384
0.000289035 6.77134e+06 1957.15 204192
0.000337743 7.28505e+06 2460.47 257024
0.000426407 7.28062e+06 3104.51 323376
0.000501947 7.77587e+06 3903.07 406992
0.000612486 8.00805e+06 4904.82 512240
0.000766774 8.07695e+06 6193.19 644736
0.000972978 8.00098e+06 7784.78 811552
0.00127164 7.69313e+06 9782.87 1021632
0.00161521 7.65071e+06 12357.5 1286000
0.00206962 7.50378e+06 15530 1618800
0.00263661 7.40018e+06 19511.4 2037712
0.0033538 7.35181e+06 24656.5 2565200
0.00428915 7.22334e+06 30982 3229344
0.00541992 7.18123e+06 38921.7 4065296
0.00682485 7.20929e+06 49202.3 5117776
0.00887259 6.96654e+06 61811.3 6442736
0.0110119 7.05078e+06 77642.6 8110688
0.0139661 7.02863e+06 98162.9 10210656
0.0176276 6.99594e+06 123322 12854336
0.022319 6.93986e+06 154891 16182544
0.0277453 7.05745e+06 195811 20372496
0.0351803 6.99391e+06 246048 25647376
0.0441751 6.99472e+06 308992 32287984
0.0555525 7.03102e+06 390591 40647920
0.0690307 7.11124e+06 490894 51172512
0.0881271 6.99435e+06 616392 64422320
0.110737 7.03555e+06 779097 81102672
0.138854 7.05309e+06 979346 102102144
0.175455 7.0077e+06 1.22953e+06 128538944
0.219729 7.07194e+06 1.55391e+06 161820816
0.276884 7.0557e+06 1.95361e+06 203720128
0.350555 6.99532e+06 2.45225e+06 256468304
0.442215 7.00732e+06 3.09874e+06 322874384
0.552708 7.04936e+06 3.89624e+06 406474576
0.695044 7.03487e+06 4.88954e+06 511721120
0.874232 7.06587e+06 6.17721e+06 644218576
1.09789 7.07459e+06 7.76712e+06 811022928
