# filename: ./acpphint-Rock64-4096MiB-threads_4-LP64-FreeBSD_13_r363590M_64bit-g++_10_O3lto-libc++-cpulockdown-DSIZE_f-ISIZE_us-using_1_threads.txt
# acpphint_main version: 0.1.23

2.81652e-07 3.57833e+06 1.00784 168
4.26765e-07 4.70708e+06 2.00881 216
5.63304e-07 5.35357e+06 3.01569 264
7.04256e-07 5.69713e+06 4.01224 312
8.40676e-07 5.96856e+06 5.01763 360
9.80586e-07 6.14327e+06 6.02401 408
1.11996e-06 6.27823e+06 7.03137 456
1.39268e-06 6.47995e+06 9.02447 552
1.67276e-06 6.57593e+06 11 648
2.0865e-06 6.70979e+06 14 792
2.49236e-06 6.80499e+06 16.9605 936
3.04622e-06 6.89378e+06 21 1128
3.74993e-06 6.90981e+06 25.9113 1368
4.56933e-06 6.96107e+06 31.8075 1656
5.6582e-06 7.01538e+06 39.6944 2040
7.03637e-06 7.03341e+06 49.4897 2520
8.847e-06 7.00976e+06 62.0154 3144
1.1083e-05 6.95603e+06 77.0937 3912
1.3781e-05 6.96896e+06 96.0393 4872
1.73535e-05 6.93221e+06 120.298 6072
2.1583e-05 6.92731e+06 149.512 7608
2.71245e-05 6.91283e+06 187.507 9528
3.4125e-05 6.82354e+06 232.853 11976
