# filename: ./acpphint-Rock64-4096MiB-threads_4-LP64-FreeBSD_13_r363590M_64bit-g++_10_O3lto-libc++-cpulockdown-DSIZE_us-ISIZE_us-using_2_threads-cpus_2_3.txt
# acpphint_main version: 0.1.23

0.000126872 53729.7 6.81679 352
0.000109081 79603.4 8.68322 404
0.000118997 88557.1 10.538 456
0.000112872 109732 12.3856 508
0.00013183 107490 14.1704 560
0.000116373 151759 17.6606 664
0.000131831 159908 21.0809 768
0.000124539 209061 26.0363 924
0.000128331 238200 30.5684 1080
0.000117831 310427 36.578 1288
0.000117539 373388 43.8877 1548
