# filename: ./acpphint-Rock64-4096MiB-threads_4-LP64-FreeBSD_13_r363590M_64bit-g++_10_O3lto-libc++-DSIZE_ul-ISIZE_ul-using_3_threads-cpus_0_1_2.txt
# acpphint_main version: 0.1.23

0.000172372 63815.5 11 1464
0.000168872 82903 14 1776
0.000178205 95395.8 17 2088
0.000189871 105335 20 2400
0.000180829 127192 23 2712
0.000188121 154156 29 3336
0.00017733 197372 35 3960
0.000174121 251932 43.8667 4896
0.000179371 293003 52.5562 5832
0.000181705 355723 64.6367 7080
0.000184038 433407 79.7633 8640
0.000186662 523042 97.6321 10512
0.000183746 662305 121.696 13008
0.000191037 792678 151.431 16128
0.000201537 947717 191 20184
0.000189871 1.25875e+06 239 25176
0.000197454 1.50972e+06 298.101 31416
0.000216704 1.72277e+06 373.332 39216
0.000201246 2.32907e+06 468.716 49200
0.00021962 2.68075e+06 588.747 61680
0.000219911 3.3712e+06 741.364 77592
0.000230995 4.03347e+06 931.71 97560
0.000222536 5.27073e+06 1172.93 122520
0.000283202 5.20608e+06 1474.37 154032
0.000303326 6.1027e+06 1851.11 193656
0.000342993 6.81002e+06 2335.79 243576
0.000409199 7.17078e+06 2934.27 306288
0.000486197 7.58274e+06 3686.7 385536
0.000573404 8.12005e+06 4656.07 485064
0.00067811 8.62852e+06 5851.08 610488
0.000845232 8.69363e+06 7348.13 768360
0.00106835 8.6942e+06 9288.46 967104
0.00135739 8.59699e+06 11669.4 1217328
0.00171088 8.56562e+06 14654.7 1532448
0.00216208 8.5724e+06 18534.2 1929000
0.00272206 8.55188e+06 23278.8 2428200
0.0034063 8.5799e+06 29225.7 3056568
0.00428624 8.62809e+06 36982.1 3847800
0.0054138 8.57801e+06 46439.6 4844016
0.0067986 8.57475e+06 58296.3 6097944
0.00859027 8.5913e+06 73801.6 7676664
0.0108212 8.5618e+06 92648.8 9664104
0.0136366 8.52743e+06 116285 12166032
0.017152 8.58426e+06 147237 15315984
0.0216004 8.55746e+06 184844 19281504
0.0271731 8.53658e+06 231965 24273816
0.0341861 8.59049e+06 293675 30558744
0.0429105 8.59435e+06 368788 38471064
0.054007 8.56776e+06 462719 48431976
0.0679563 8.61944e+06 585745 60971880
0.0854985 8.60544e+06 735751 76758768
0.107572 8.58012e+06 922980 96633480
0.135426 8.6263e+06 1.16823e+06 121654008
0.170312 8.61805e+06 1.46776e+06 153153216
0.214533 8.58088e+06 1.84089e+06 192808416
0.269894 8.63174e+06 2.32966e+06 242731224
0.33977 8.61638e+06 2.92759e+06 305580192
0.427781 8.58127e+06 3.6709e+06 384702456
0.538549 8.62419e+06 4.64455e+06 484311576
0.677284 8.61885e+06 5.83741e+06 609711864
0.852545 8.58264e+06 7.31709e+06 767581680
1.07198 8.6334e+06 9.2548e+06 966327864
