# filename: ./acpphint-Rock64-4096MiB-threads_4-LP64-FreeBSD_13_r363590M_64bit-g++_10_O3lto-libc++-cpulockdown-DSIZE_f-ISIZE_ui-using_2_threads-cpus_1_2.txt
# acpphint_main version: 0.1.23

0.000111414 62846.3 7.00195 560
0.00012483 72110.3 9.00153 664
0.000121039 90879.8 11 768
0.00012308 105622 13 872
0.000117248 127934 15 976
0.000115206 164896 18.997 1184
0.000125705 182968 23 1392
0.000116081 249193 28.9266 1704
0.000122497 283793 34.7639 2016
0.00011929 358761 42.7966 2432
0.000119581 441769 52.8272 2952
0.000125414 516208 64.7398 3576
0.000122497 658844 80.7064 4408
0.000126581 794253 100.537 5448
0.00013533 936603 126.75 6800
0.000129789 1.22151e+06 158.538 8464
0.000128622 1.53925e+06 197.981 10544
0.000135914 1.8226e+06 247.717 13144
0.00013183 2.35844e+06 310.914 16472
0.000143205 2.72302e+06 389.95 20632
0.000142622 3.43399e+06 489.763 25936
0.000161871 3.79092e+06 613.64 32592
0.000167705 4.57861e+06 767.856 40912
0.000186079 5.16164e+06 960.473 51416
