# filename: ./acpphint-Rock64-4096MiB-threads_4-LP64-FreeBSD_13_r363590M_64bit-g++_10_O3lto-libc++-DSIZE_s-ISIZE_s-using_1_threads.txt
# acpphint_main version: 0.1.23

2.05987e-07 4.85466e+06 1 124
2.9717e-07 6.66092e+06 1.97942 150
3.93737e-07 7.50826e+06 2.95628 176
4.83062e-07 8.09103e+06 3.90847 202
5.77811e-07 8.41511e+06 4.86235 228
6.67578e-07 8.73335e+06 5.83019 254
7.51025e-07 8.97882e+06 6.74332 280
9.57e-07 8.94227e+06 8.55776 332
1.11615e-06 9.27906e+06 10.3569 384
1.38886e-06 9.35326e+06 12.9903 462
1.65562e-06 9.36293e+06 15.5014 540
2.02079e-06 9.28744e+06 18.7679 644
2.47909e-06 9.17179e+06 22.7377 774
3.01383e-06 9.02005e+06 27.1849 930
3.72914e-06 8.76191e+06 32.6744 1138
4.64225e-06 8.44897e+06 39.2222 1398
5.8041e-06 8.041e+06 46.6708 1736
7.43725e-06 7.37188e+06 54.8265 2152
9.23583e-06 6.93805e+06 64.0787 2672
1.17393e-05 6.30171e+06 73.9773 3322
