# filename: ./acpphint-Rock64-4096MiB-threads_4-LP64-FreeBSD_13_r363590M_64bit-g++_10_O3lto-libc++-DSIZE_us-ISIZE_us-using_1_threads.txt
# acpphint_main version: 0.1.23

1.82503e-07 5.47936e+06 1 124
2.68632e-07 7.39088e+06 1.98542 150
3.60282e-07 8.24074e+06 2.96899 176
4.46074e-07 8.82128e+06 3.93494 202
5.27035e-07 9.30112e+06 4.90202 228
6.13082e-07 9.57863e+06 5.87248 254
6.94429e-07 9.81641e+06 6.81679 280
8.66412e-07 1.0022e+07 8.68322 332
1.03123e-06 1.02189e+07 10.538 384
1.28595e-06 1.03206e+07 13.2718 462
1.53505e-06 1.03519e+07 15.8907 540
1.87637e-06 1.03275e+07 19.3781 644
2.29683e-06 1.02753e+07 23.6006 774
2.79995e-06 1.01483e+07 28.4147 930
3.48175e-06 9.92034e+06 34.5401 1138
4.32633e-06 9.65669e+06 41.7781 1398
5.4249e-06 9.31299e+06 50.522 1736
6.74475e-06 8.93267e+06 60.2486 2152
8.45817e-06 8.43392e+06 71.3355 2672
1.05728e-05 7.89327e+06 83.4536 3322
1.33435e-05 7.24466e+06 96.6692 4154
1.69165e-05 6.55196e+06 110.836 5194
2.1437e-05 5.85517e+06 125.517 6520
