# filename: ./acpphint-Rock64-4096MiB-threads_4-LP64-FreeBSD_13_r363590M_64bit-g++_10_O3lto-libc++-DSIZE_d-ISIZE_ull-using_2_threads-cpus_0_1.txt
# acpphint_main version: 0.1.23

0.000126581 55300.6 7 976
0.000130664 68879 9 1184
0.000124831 88119.1 11 1392
0.000130372 99714.7 13 1600
0.000127456 117688 15 1808
0.000130956 145087 19 2224
0.000149621 153722 23 2640
0.000130663 221435 28.9334 3264
0.000156913 221642 34.7785 3888
0.000126289 339052 42.8186 4720
0.000128039 413019 52.8825 5760
0.000132414 489479 64.8139 7008
0.000124539 649166 80.8465 8672
0.000177037 568891 100.715 10752
0.000157788 804877 127 13456
0.000141747 1.12172e+06 159 16784
0.000140872 1.40942e+06 198.548 20944
0.000145538 1.70861e+06 248.668 26144
0.00015458 2.02076e+06 312.369 32800
0.000161871 2.42396e+06 392.368 41120
0.00015808 3.12618e+06 494.187 51728
0.000187829 3.30823e+06 621.381 65040
0.000196287 3.98373e+06 781.954 81680
0.000225162 4.36661e+06 983.195 102688
0.000260453 4.74217e+06 1235.11 129104
0.000305077 5.10487e+06 1557.38 162384
0.000360783 5.42473e+06 1957.15 204192
0.000433407 5.67704e+06 2460.47 257024
0.000500489 6.20294e+06 3104.5 323376
0.000620653 6.28864e+06 3903.06 406992
0.000742567 6.60519e+06 4904.8 512240
0.000935937 6.61707e+06 6193.17 644736
0.00116022 6.70968e+06 7784.73 811552
0.00147843 6.61705e+06 9782.8 1021632
0.00185962 6.64512e+06 12357.4 1286000
0.00238257 6.51808e+06 15529.8 1618800
0.0030321 6.43484e+06 19511.1 2037712
0.00383417 6.43061e+06 24656 2565200
0.00488531 6.34172e+06 30981.3 3229344
0.00616015 6.31811e+06 38920.5 4065296
0.0077567 6.34296e+06 49200.5 5117776
0.00978199 6.31858e+06 61808.3 6442736
0.0123434 6.28986e+06 77637.9 8110688
0.015542 6.3155e+06 98155.5 10210656
0.0195783 6.29832e+06 123310 12854336
0.0246922 6.27211e+06 154872 16182544
0.0310163 6.31222e+06 195782 20372496
0.0389786 6.31119e+06 246001 25647376
0.0490893 6.29301e+06 308919 32287984
0.0618095 6.31738e+06 390474 40647920
0.0779497 6.29521e+06 490710 51172512
0.0981973 6.27412e+06 616102 64422320
0.123598 6.29971e+06 778634 81102672
0.155723 6.28432e+06 978613 102102144
0.196444 6.25306e+06 1.22838e+06 128538944
0.247038 6.28273e+06 1.55207e+06 161820816
0.311262 6.26708e+06 1.95071e+06 203720128
0.39187 6.24612e+06 2.44767e+06 256468304
0.493859 6.25974e+06 3.09143e+06 322874384
0.621442 6.25106e+06 3.88467e+06 406474576
0.783143 6.22025e+06 4.87135e+06 511721120
0.983767 6.24963e+06 6.14818e+06 644218576
1.23951 6.22928e+06 7.72125e+06 811022928
