# filename: ./acpphint-OPi+2E-2048MiB-threads_4-ILP32-FreeBSD_main_n247756_348c41d1815d_32bit-g++_11_O3lto-libc++-DSIZE_ul-ISIZE_ul-using_2_threads-cpus_2_3.txt
# acpphint_main version: 0.1.24

0.000139329 50235.5 6.99927 488
0.000145996 61636.8 8.99872 592
0.000146287 75181.8 10.9981 696
0.00015262 85162.1 12.9974 800
0.000145537 103043 14.9966 904
0.000144662 131302 18.9944 1112
0.00015812 145408 22.9919 1320
0.00015737 183776 28.9208 1632
0.000149662 232255 34.7598 1944
0.000167411 255602 42.7906 2360
0.000166078 318160 52.8394 2880
0.000153453 421948 64.7492 3504
0.000155578 519006 80.746 4336
0.000172578 582690 100.559 5376
0.000173953 728670 126.754 6728
0.000172077 921763 158.614 8392
0.000161661 1.22446e+06 197.947 10472
0.000154995 1.59832e+06 247.732 13072
0.000149204 2.08364e+06 310.888 16400
0.000162745 2.39658e+06 390.032 20560
0.000170286 2.88042e+06 490.496 25864
0.000191243 3.21864e+06 615.543 32520
0.000207993 3.71518e+06 772.732 40840
0.000228367 4.24178e+06 968.683 51344
0.000245034 4.9473e+06 1212.26 64552
0.000281907 5.3962e+06 1521.23 81192
0.000322114 5.89993e+06 1900.45 102096
0.000370113 6.40736e+06 2371.45 128512
0.000443693 6.68057e+06 2964.12 161688
0.000526398 6.99807e+06 3683.77 203496
0.000642937 7.09758e+06 4563.3 256120
0.000809056 6.99395e+06 5658.49 322368
0.00102476 6.79041e+06 6958.52 405776
0.00129804 6.55778e+06 8512.25 510816
0.00168307 6.17749e+06 10397.1 643000
0.0021268 5.90332e+06 12555.2 809400
