# filename: ./acpphint-OPi+2E-2048MiB-threads_4-ILP32-FreeBSD_13_r363590M-g++_10_O3lto-libc++-cpulockdown-DSIZE_f-ISIZE_ui-using_2_threads-cpus_2_3.txt
# acpphint_main version: 0.1.23

0.00016137 43390.7 7.00195 488
0.000161912 55595.2 9.00153 592
0.000162579 67659.4 11 696
0.000163745 79391.8 13 800
0.000162078 92548 15 904
0.000165703 114645 18.997 1112
0.00016287 141217 23 1320
0.000153162 188863 28.9266 1632
0.000166661 208590 34.7639 1944
0.00016637 257238 42.7966 2360
0.000162453 325185 52.8272 2880
0.000155203 417130 64.7398 3504
0.000147912 545638 80.7064 4336
0.000169453 593305 100.537 5376
0.000152537 830949 126.75 6728
0.000157162 1.00876e+06 158.538 8392
0.000147621 1.34115e+06 197.981 10472
0.000153329 1.61559e+06 247.717 13072
0.00016437 1.89155e+06 310.914 16400
0.000142579 2.73497e+06 389.95 20560
0.000203452 2.40726e+06 489.763 25864
0.000233659 2.62622e+06 613.64 32520
0.00025095 3.0598e+06 767.856 40840
0.000248241 3.86911e+06 960.473 51344
