# filename: ./acpphint-OPi+2E-2048MiB-threads_4-ILP32-FreeBSD_main_n247756_348c41d1815d_32bit-g++_11_O3lto-libc++-cpulockdown-DSIZE_ul-ISIZE_ul-using_2_threads-cpus_0_1.txt
# acpphint_main version: 0.1.24

0.000200535 34903 6.99927 488
0.000155037 58042.4 8.99872 592
0.000181369 60639.5 10.9981 696
0.00016012 81173.1 12.9974 800
0.000167244 89668.9 14.9966 904
0.000172161 110329 18.9944 1112
0.000175536 130981 22.9919 1320
0.000159287 181564 28.9208 1632
0.00016312 213093 34.7598 1944
0.000168577 253834 42.7906 2360
0.000167244 315942 52.8394 2880
0.000159703 405435 64.7492 3504
0.000168995 477801 80.746 4336
0.000175953 571513 100.559 5376
0.000155995 812554 126.754 6728
0.000186036 852600 158.614 8392
0.000158953 1.24532e+06 197.947 10472
0.000182286 1.35903e+06 247.732 13072
0.000205618 1.51197e+06 310.888 16400
0.000177161 2.20157e+06 390.032 20560
0.000192493 2.54812e+06 490.496 25864
0.00020366 3.02241e+06 615.543 32520
0.000224243 3.44596e+06 772.732 40840
0.000245908 3.93921e+06 968.683 51344
0.000266741 4.5447e+06 1212.26 64552
0.000289282 5.25863e+06 1521.23 81192
0.000346238 5.48886e+06 1900.45 102096
0.000409402 5.79247e+06 2371.45 128512
0.00053494 5.54104e+06 2964.12 161688
0.000606896 6.06985e+06 3683.77 203496
0.000734308 6.21442e+06 4563.3 256120
0.000874928 6.46738e+06 5658.49 322368
0.00108967 6.38589e+06 6958.52 405776
0.00134983 6.30617e+06 8512.25 510816
0.00169986 6.11647e+06 10397.1 643000
0.00210343 5.96892e+06 12555.2 809400
