# filename: ./acpphint-OPi+2E-2048MiB-threads_4-ILP32-FreeBSD_13_r363590M-g++_10_O3lto-libc++-DSIZE_us-ISIZE_s-using_1_threads.txt
# acpphint_main version: 0.1.23

3.76e-07 2.65957e+06 1 88
5.42e-07 3.65207e+06 1.97942 114
7.09e-07 4.16965e+06 2.95628 140
9.18e-07 4.2576e+06 3.90847 166
1.043e-06 4.66189e+06 4.86235 192
1.209e-06 4.82232e+06 5.83019 218
1.376e-06 4.90067e+06 6.74332 244
1.709e-06 5.00746e+06 8.55776 296
2.042e-06 5.07192e+06 10.3569 348
2.501e-06 5.19406e+06 12.9903 426
3.001e-06 5.16542e+06 15.5014 504
3.668e-06 5.11666e+06 18.7679 608
4.501e-06 5.0517e+06 22.7377 738
5.501e-06 4.94181e+06 27.1849 894
6.834e-06 4.78116e+06 32.6744 1102
8.459e-06 4.63674e+06 39.2222 1362
1.0626e-05 4.39213e+06 46.6708 1700
1.3126e-05 4.17694e+06 54.8265 2116
1.6584e-05 3.86388e+06 64.0787 2636
2.0708e-05 3.5724e+06 73.9773 3286
