# filename: ./acpphint-OPi+2E-2048MiB-threads_4-ILP32-FreeBSD_13_r363590M-g++_10_O3lto-libc++-cpulockdown-DSIZE_ld-ISIZE_ul-using_2_threads-cpus_0_1.txt
# acpphint_main version: 0.1.23

0.000162826 42991.4 7.00012 840
0.000155534 57865.8 9.0001 1032
0.000153036 71879.4 11.0001 1224
0.000155577 83559.9 13 1416
0.000158993 94343.8 15 1608
0.00015516 122451 18.9994 1992
0.000155911 147513 22.9989 2376
0.000156327 185074 28.9321 2952
0.000158702 219130 34.7763 3528
0.000157868 271219 42.8167 4296
0.000158284 334082 52.8798 5256
0.000161243 401929 64.8082 6408
0.000163576 494195 80.8385 7944
0.000146035 689594 100.705 9864
0.000141911 894817 126.984 12360
0.000138161 1.15062e+06 158.971 15432
0.000155994 1.2725e+06 198.503 19272
0.000155452 1.59917e+06 248.594 24072
0.00015416 2.02551e+06 312.252 30216
0.00015816 2.47961e+06 392.175 37896
0.000169493 2.91396e+06 493.895 47688
0.000185659 3.34444e+06 620.926 59976
0.000209533 3.72854e+06 781.252 75336
0.000232782 4.21817e+06 981.913 94728
0.000270656 4.55593e+06 1233.09 119112
0.000313779 4.95254e+06 1554 149832
0.000370735 5.26475e+06 1951.83 188424
0.000447815 5.47531e+06 2451.93 237192
0.000558478 5.53448e+06 3090.88 298440
0.000698847 5.55359e+06 3881.11 375624
0.000988378 4.92714e+06 4869.88 472776
0.00128962 4.75984e+06 6138.38 595080
0.00173089 4.44738e+06 7697.93 749064
0.00224046 4.30488e+06 9644.9 942984
0.00289897 4.18698e+06 12137.9 1187016
0.00375673 4.04218e+06 15185.4 1494216
