# filename: ./acpphint-OPi+2E-2048MiB-threads_4-ILP32-FreeBSD_13_r363590M-g++_10_O3lto-libc++-DSIZE_us-ISIZE_us-using_1_threads.txt
# acpphint_main version: 0.1.23

3.26417e-07 3.06357e+06 1 88
4.97437e-07 3.9913e+06 1.98542 114
6.59833e-07 4.49961e+06 2.96899 140
8.25e-07 4.76962e+06 3.93494 166
9.89625e-07 4.95341e+06 4.90202 192
1.153e-06 5.09322e+06 5.87248 218
1.3195e-06 5.16619e+06 6.81679 244
1.646e-06 5.27534e+06 8.68322 296
1.96875e-06 5.35265e+06 10.538 348
2.4585e-06 5.39832e+06 13.2718 426
2.938e-06 5.40869e+06 15.8907 504
3.5835e-06 5.40759e+06 19.3781 608
4.418e-06 5.34192e+06 23.6006 738
5.376e-06 5.28548e+06 28.4147 894
6.667e-06 5.18076e+06 34.5401 1102
8.292e-06 5.03836e+06 41.7781 1362
1.0376e-05 4.86912e+06 50.522 1700
1.3e-05 4.63451e+06 60.2486 2116
1.6208e-05 4.40125e+06 71.3355 2636
2.0291e-05 4.11284e+06 83.4536 3286
2.55e-05 3.79095e+06 96.6692 4118
3.2041e-05 3.4592e+06 110.836 5158
4.0457e-05 3.10249e+06 125.517 6484
