# filename: ./acpphint-OPi+2E-2048MiB-threads_4-ILP32-FreeBSD_13_r363590M-g++_10_O3lto-libc++-cpulockdown-DSIZE_d-ISIZE_ull-using_2_threads-cpus_0_3.txt
# acpphint_main version: 0.1.23

0.000157995 44306 7.00012 904
0.000157619 57100.3 9.0001 1112
0.000160202 68664.2 11.0001 1320
0.000158036 82259.7 13 1528
0.000159494 94047.4 15 1736
0.000158827 119623 18.9994 2152
0.000161869 142083 22.9989 2568
0.00016062 180128 28.9321 3192
0.000161869 214842 34.7763 3816
0.000162244 263903 42.8167 4648
0.000164577 321307 52.8798 5688
0.000166702 388767 64.8082 6936
0.000161119 501732 80.8385 8600
0.000169744 593275 100.705 10680
0.000144786 877049 126.984 13384
0.000164494 966424 158.971 16712
0.000158244 1.25441e+06 198.503 20872
0.000155286 1.60088e+06 248.594 26072
0.000157244 1.98578e+06 312.252 32728
0.000164661 2.38171e+06 392.175 41048
0.000181076 2.72756e+06 493.895 51656
0.000205784 3.01737e+06 620.926 64968
0.000228908 3.41295e+06 781.252 81608
0.000262782 3.73661e+06 981.913 102616
0.000302114 4.08154e+06 1233.09 129032
0.000359987 4.31683e+06 1554 162312
0.0004204 4.64279e+06 1951.83 204120
0.000527813 4.64544e+06 2451.93 256952
0.000640476 4.82592e+06 3090.88 323304
0.000815469 4.75936e+06 3881.11 406920
0.00115 4.23468e+06 4869.88 512168
0.00150611 4.07565e+06 6138.38 644664
0.00195588 3.93578e+06 7697.93 811480
0.00253657 3.80234e+06 9644.9 1021560
0.00328104 3.69941e+06 12137.9 1285928
0.00419242 3.6221e+06 15185.4 1618728
