# filename: ./acpphint-OPi+2E-2048MiB-threads_4-ILP32-FreeBSD_13_r363590M-g++_10_O3lto-libc++-cpulockdown-DSIZE_ld-ISIZE_ul-using_2_threads-cpus_1_3.txt
# acpphint_main version: 0.1.23

0.000161578 43323.5 7.00012 840
0.000156078 57664.1 9.0001 1032
0.00016362 67229.8 11.0001 1224
0.000157536 82520.8 13 1416
0.000164077 91420.5 15 1608
0.000158327 120001 18.9994 1992
0.000162161 141828 22.9989 2376
0.000153703 188234 28.9321 2952
0.000148077 234853 34.7763 3528
0.000158911 269438 42.8167 4296
0.000162786 324842 52.8798 5256
0.000128162 505674 64.8082 6408
0.000142203 568472 80.8385 7944
0.000132954 757441 100.705 9864
0.000121746 1.04303e+06 126.984 12360
0.000111788 1.42208e+06 158.971 15432
0.000118954 1.66874e+06 198.503 19272
0.000121829 2.04052e+06 248.594 24072
0.000130287 2.39665e+06 312.252 30216
0.000140412 2.79303e+06 392.175 37896
0.000152161 3.24587e+06 493.895 47688
0.000172411 3.60143e+06 620.926 59976
0.000192284 4.06301e+06 781.252 75336
0.000230242 4.2647e+06 981.913 94728
0.000255658 4.8232e+06 1233.09 119112
0.000304655 5.10086e+06 1554 149832
0.000368902 5.29091e+06 1951.83 188424
0.000459025 5.3416e+06 2451.93 237192
0.000565646 5.46434e+06 3090.88 298440
0.000772971 5.02103e+06 3881.11 375624
0.000984379 4.94716e+06 4869.88 472776
0.00127991 4.79594e+06 6138.38 595080
0.00169219 4.5491e+06 7697.93 749064
0.00219179 4.40046e+06 9644.9 942984
0.00287268 4.2253e+06 12137.9 1187016
0.00370928 4.0939e+06 15185.4 1494216
