# filename: ./acpphint-OPi+2E-2048MiB-threads_4-ILP32-FreeBSD_13_r363590M-g++_10_O3lto-libc++-DSIZE_ld-ISIZE_ul-using_2_threads-cpus_2_3.txt
# acpphint_main version: 0.1.23

0.000168078 41648.1 7.00012 840
0.000167495 53733.5 9.0001 1032
0.000179203 61383.7 11.0001 1224
0.000168578 77115.6 13 1416
0.000174536 85942.2 15 1608
0.00016912 112343 18.9994 1992
0.000178661 128729 22.9989 2376
0.000177494 163003 28.9321 2952
0.000179369 193881 34.7763 3528
0.000190702 224522 42.8167 4296
0.000175911 300605 52.8798 5256
0.000184495 351274 64.8082 6408
0.000168661 479296 80.8385 7944
0.000167412 601539 100.705 9864
0.000191453 663267 126.984 12360
0.000168953 940919 158.971 15432
0.000168578 1.17751e+06 198.503 19272
0.000169703 1.46488e+06 248.594 24072
0.000177911 1.7551e+06 312.252 30216
0.00019666 1.99418e+06 392.175 37896
0.00020766 2.37838e+06 493.895 47688
0.000210619 2.9481e+06 620.926 59976
0.000251034 3.11214e+06 781.252 75336
0.000281699 3.48568e+06 981.913 94728
0.000326489 3.77682e+06 1233.09 119112
0.000367487 4.22873e+06 1554 149832
0.000454901 4.29066e+06 1951.83 188424
0.000554689 4.42036e+06 2451.93 237192
0.00067956 4.54836e+06 3090.88 298440
0.000876552 4.4277e+06 3881.11 375624
0.00110979 4.38809e+06 4869.88 472776
0.00142845 4.29723e+06 6138.38 595080
0.0017986 4.27995e+06 7697.93 749064
0.00235225 4.10029e+06 9644.9 942984
0.00297693 4.07733e+06 12137.9 1187016
0.00386648 3.92744e+06 15185.4 1494216
