# filename: ./acpphint-OPi+2E-2048MiB-threads_4-ILP32-FreeBSD_13_r363590M-g++_10_O3lto-libc++-cpulockdown-DSIZE_us-ISIZE_us-using_2_threads-cpus_0_3.txt
# acpphint_main version: 0.1.23

0.000147119 46335.2 6.81679 280
0.000145912 59509.9 8.68322 332
0.000147286 71548.1 10.538 384
0.000148703 83291 12.3856 436
0.000150203 94341.5 14.1704 488
0.000147828 119467 17.6606 592
0.000149286 141211 21.0809 696
0.000150745 172718 26.0363 852
0.00014962 204307 30.5684 1008
0.000150536 242985 36.578 1216
0.000152036 288666 43.8877 1476
