# filename: ./acpphint-OPi+2E-2048MiB-threads_4-ILP32-FreeBSD_13_r363590M-g++_10_O3lto-libc++-cpulockdown-DSIZE_ul-ISIZE_ul-using_2_threads-cpus_2_3.txt
# acpphint_main version: 0.1.23

0.000175411 39902.1 6.99927 488
0.000174078 51693.6 8.99872 592
0.000174244 63119.1 10.9981 696
0.000174536 74468.5 12.9974 800
0.000176411 85009.3 14.9966 904
0.000176078 107875 18.9944 1112
0.00017912 128360 22.9919 1320
0.000175745 164561 28.9208 1632
0.000166078 209298 34.7598 1944
0.000177495 241080 42.7906 2360
0.000167495 315468 52.8394 2880
0.00017162 377282 64.7492 3504
0.000179244 450481 80.746 4336
0.000186661 538728 100.559 5376
0.000188453 672605 126.754 6728
0.000182661 868353 158.614 8392
0.00015787 1.25386e+06 197.947 10472
0.000170078 1.45658e+06 247.732 13072
0.000160245 1.94008e+06 310.888 16400
0.00017062 2.28597e+06 390.032 20560
0.000146746 3.34248e+06 490.496 25864
0.000183203 3.3599e+06 615.543 32520
0.000202536 3.81528e+06 772.732 40840
0.000223659 4.33107e+06 968.683 51344
0.000285241 4.24994e+06 1212.26 64552
0.000315531 4.82116e+06 1521.23 81192
0.000332656 5.71296e+06 1900.45 102096
0.000386903 6.12931e+06 2371.45 128512
0.000460609 6.43522e+06 2964.12 161688
0.000536356 6.86814e+06 3683.77 203496
0.000627812 7.26857e+06 4563.3 256120
0.000765098 7.39578e+06 5658.49 322368
0.000951758 7.31122e+06 6958.52 405776
0.00117879 7.22117e+06 8512.25 510816
0.00153232 6.78522e+06 10397.1 643000
0.00196197 6.39927e+06 12555.2 809400
