# filename: ./acpphint-OPi+2E-2048MiB-threads_4-ILP32-FreeBSD_13_r363590M-g++_10_O3lto-libc++-cpulockdown-DSIZE_d-ISIZE_ul-using_2_threads-cpus_0_1.txt
# acpphint_main version: 0.1.23

0.000159662 43843.4 7.00012 840
0.00015962 56384.5 9.0001 1032
0.000163787 67161.2 11.0001 1224
0.00016037 81062.5 13 1416
0.000162536 92287.2 15 1608
0.000159162 119372 18.9994 1992
0.000163537 140634 22.9989 2376
0.000161703 178921 28.9321 2952
0.000162162 214454 34.7763 3528
0.00016287 262889 42.8167 4296
0.000163912 322611 52.8798 5256
0.000167245 387505 64.8082 6408
0.00016887 478702 80.8385 7944
0.00016962 593709 100.705 9864
0.000169119 750858 126.984 12360
0.000145205 1.0948e+06 158.971 15432
0.000159995 1.24068e+06 198.503 19272
0.000156537 1.58809e+06 248.594 24072
0.00017362 1.79848e+06 312.252 30216
0.000156537 2.50532e+06 392.175 37896
0.000170162 2.9025e+06 493.895 47688
0.000190494 3.25956e+06 620.926 59976
0.00020866 3.74414e+06 781.252 75336
0.000236826 4.14614e+06 981.913 94728
0.000280991 4.38836e+06 1233.09 119112
0.000325322 4.77682e+06 1554 149832
0.00038807 5.02957e+06 1951.83 188424
0.000470817 5.20781e+06 2451.93 237192
0.000571396 5.40935e+06 3090.88 298440
0.0007176 5.40846e+06 3881.11 375624
0.000976173 4.98875e+06 4869.88 472776
0.00134645 4.55893e+06 6138.38 595080
0.00177019 4.34865e+06 7697.93 749064
0.00227975 4.23068e+06 9644.9 942984
0.00296227 4.09751e+06 12137.9 1187016
0.00378257 4.01457e+06 15185.4 1494216
