# filename: ./acpphint-OPi+2E-2048MiB-threads_4-ILP32-FreeBSD_13_r363590M-g++_10_O3lto-libc++-DSIZE_d-ISIZE_ui-using_4_threads.txt
# acpphint_main version: 0.1.23

0.00029849 50252.9 15 1680
0.000305865 62117 18.9994 2064
0.000300906 76432.2 22.9989 2448
0.00030924 87307.2 26.9989 2832
0.000306406 101168 30.9985 3216
0.000307364 126879 38.9981 3984
0.000312406 150438 46.9978 4752
0.000304949 192805 58.7958 5904
0.000319656 220007 70.3266 7056
0.000313031 276157 86.4457 8592
0.000317406 335950 106.633 10512
0.000317614 410665 130.433 12816
0.000315156 515658 162.513 15888
0.000316489 638570 202.101 19728
0.000325364 783498 254.922 24720
0.000325156 980711 318.884 30864
0.000344405 1.15406e+06 397.465 38544
0.000352863 1.41045e+06 497.697 48144
0.000345363 1.80852e+06 624.596 60432
0.000371488 2.11161e+06 784.438 75792
0.00038007 2.59753e+06 987.242 95376
0.000367613 3.37287e+06 1239.91 119952
0.000377654 4.13223e+06 1560.55 150672
0.00042386 4.62458e+06 1960.17 189456
0.000479775 5.12471e+06 2458.71 238224
0.000570064 5.43904e+06 3100.6 299664
0.0007136 5.4503e+06 3889.33 376848
0.000856928 5.69259e+06 4878.14 474384
0.00103017 5.97195e+06 6152.14 596880
0.00130345 5.91644e+06 7711.8 751248
0.00166548 5.79578e+06 9652.77 945552
0.00210496 5.7786e+06 12163.8 1190160
0.00265461 5.72906e+06 15208.4 1498128
