# filename: ./acpphint-OPi+2E-2048MiB-threads_4-ILP32-FreeBSD_13_r363590M-g++_10_O3lto-libc++-DSIZE_d-ISIZE_ull-using_4_threads-cpus_0_1_2_3.txt
# acpphint_main version: 0.1.23

0.00028699 52266.6 15 1808
0.000290407 65423.4 18.9994 2224
0.000282533 81402.5 22.9989 2640
0.000288615 93546.3 26.9989 3056
0.000293449 105635 30.9985 3472
0.000286199 136262 38.9981 4304
0.00029149 161233 46.9978 5136
0.000292823 200790 58.7958 6384
0.000294948 238437 70.3266 7632
0.000292615 295425 86.4457 9296
0.000309239 344823 106.633 11376
0.000305156 427430 130.433 13872
0.000301448 539107 162.513 17200
0.000309239 653541 202.101 21360
0.000312656 815343 254.922 26768
0.00032728 974346 318.884 33424
0.000328239 1.2109e+06 397.465 41744
0.000336572 1.47872e+06 497.697 52144
0.000344196 1.81465e+06 624.596 65456
0.000347613 2.25664e+06 784.438 82096
0.000356696 2.76774e+06 987.242 103312
0.000279949 4.42906e+06 1239.91 129936
0.000367696 4.24414e+06 1560.55 163216
0.000361237 5.42628e+06 1960.17 205232
0.000517399 4.75205e+06 2458.71 258064
0.000619228 5.0072e+06 3100.6 324624
0.000748265 5.1978e+06 3889.33 408240
0.000929134 5.2502e+06 4878.14 513904
0.00113496 5.42058e+06 6152.14 646608
0.00141307 5.45747e+06 7711.8 813840
0.00182381 5.29265e+06 9652.77 1024336
0.00226613 5.36764e+06 12163.8 1289328
0.00289664 5.25036e+06 15208.4 1622960
