# filename: ./acpphint-OPi+2E-2048MiB-threads_4-ILP32-FreeBSD_13_r363590M-g++_10_O3lto-libc++-cpulockdown-DSIZE_ul-ISIZE_ul-using_2_threads-cpus_1_3.txt
# acpphint_main version: 0.1.23

0.000164327 42593.5 6.99927 488
0.000168619 53367.2 8.99872 592
0.000154078 71380.2 10.9981 696
0.000163286 79599.2 12.9974 800
0.000154953 96781.5 14.9966 904
0.000155077 122484 18.9944 1112
0.00015062 152648 22.9919 1320
0.000157077 184119 28.9208 1632
0.000164952 210727 34.7598 1944
0.000148078 288973 42.7906 2360
0.00016666 317049 52.8394 2880
0.000143828 450185 64.7492 3504
0.000159327 506794 80.746 4336
0.000159869 629012 100.559 5376
0.000126079 1.00536e+06 126.754 6728
0.000126746 1.25143e+06 158.614 8392
0.000117913 1.67876e+06 197.947 10472
0.000118079 2.09802e+06 247.732 13072
0.000119329 2.6053e+06 310.888 16400
0.000124121 3.14235e+06 390.032 20560
0.00012987 3.77682e+06 490.496 25864
0.000143245 4.29713e+06 615.543 32520
0.000151744 5.09234e+06 772.732 40840
0.000172202 5.62527e+06 968.683 51344
0.000190368 6.36796e+06 1212.26 64552
0.000217659 6.98903e+06 1521.23 81192
0.000250116 7.59828e+06 1900.45 102096
0.000291989 8.12171e+06 2371.45 128512
0.000346321 8.55889e+06 2964.12 161688
0.000418443 8.80352e+06 3683.77 203496
0.000561104 8.13271e+06 4563.3 256120
0.000716056 7.90231e+06 5658.49 322368
0.000909424 7.65156e+06 6958.52 405776
0.00115233 7.38697e+06 8512.25 510816
0.00149465 6.95622e+06 10397.1 643000
0.00192239 6.53104e+06 12555.2 809400
