# filename: ./acpphint-OPi+2E-2048MiB-threads_4-ILP32-FreeBSD_13_r363590M-g++_10_O3lto-libc++-cpulockdown-DSIZE_us-ISIZE_us-using_1_threads.txt
# acpphint_main version: 0.1.23

3.28125e-07 3.04762e+06 1 88
5e-07 3.97085e+06 1.98542 114
6.6325e-07 4.47643e+06 2.96899 140
8.416e-07 4.67555e+06 3.93494 166
9.9475e-07 4.92789e+06 4.90202 192
1.15967e-06 5.06394e+06 5.87248 218
1.3195e-06 5.16619e+06 6.81679 244
1.65625e-06 5.2427e+06 8.68322 296
1.97925e-06 5.32425e+06 10.538 348
2.4795e-06 5.3526e+06 13.2718 426
2.9585e-06 5.37121e+06 15.8907 504
3.6045e-06 5.37609e+06 19.3781 608
4.417e-06 5.34313e+06 23.6006 738
5.417e-06 5.24547e+06 28.4147 894
6.708e-06 5.1491e+06 34.5401 1102
8.333e-06 5.01357e+06 41.7781 1362
1.0417e-05 4.84996e+06 50.522 1700
1.3041e-05 4.61994e+06 60.2486 2116
1.625e-05 4.38988e+06 71.3355 2636
2.0333e-05 4.10434e+06 83.4536 3286
2.5541e-05 3.78486e+06 96.6692 4118
3.2082e-05 3.45478e+06 110.836 5158
4.0499e-05 3.09927e+06 125.517 6484
