# filename: ./acpphint-OPi+2E-2048MiB-threads_4-ILP32-FreeBSD_main_n247756_348c41d1815d_32bit-g++_11_O3lto-libc++-DSIZE_ul-ISIZE_ul-using_4_threads.txt
# acpphint_main version: 0.1.24

0.000277991 53946.3 14.9966 976
0.00028699 66184.9 18.9944 1184
0.000285198 80617.2 22.9919 1392
0.000282574 95510.9 26.9889 1600
0.000275491 112473 30.9854 1808
0.000283157 137650 38.9766 2224
0.000288074 163035 46.9661 2640
0.000276366 212573 58.7479 3264
0.000280616 250368 70.2572 3888
0.000281116 307138 86.3413 4720
0.00028699 370990 106.47 5760
0.000281157 463054 130.191 7008
0.000287407 564161 162.144 8672
0.000278449 723743 201.526 10752
0.000288907 879216 254.012 13456
0.000295323 1.07493e+06 317.453 16784
0.000301115 1.31265e+06 395.259 20944
0.000311781 1.58524e+06 494.246 26144
0.00032178 1.92414e+06 619.15 32800
0.000330656 2.34639e+06 775.849 41120
0.00033778 2.8831e+06 973.853 51728
0.000343905 3.54431e+06 1218.91 65040
0.000317781 4.80667e+06 1527.47 81680
0.000291115 6.55541e+06 1908.38 102688
0.000314573 7.55801e+06 2377.55 129104
0.000395195 7.52276e+06 2972.96 162384
0.000446235 8.27215e+06 3691.32 204192
0.000549898 8.31124e+06 4570.33 257024
0.000628646 9.02048e+06 5670.69 323376
0.000764432 9.11775e+06 6969.9 406992
0.000924551 9.21391e+06 8518.73 512240
0.00114354 9.10843e+06 10415.9 644736
0.00142362 8.83047e+06 12571.2 811552
