# filename: ./acpphint-OPi+2E-2048MiB-threads_4-ILP32-FreeBSD_main_n247756_348c41d1815d_32bit-g++_11_O3lto-libc++-DSIZE_ul-ISIZE_ul-using_3_threads-cpus_0_1_3.txt
# acpphint_main version: 0.1.24

0.000220159 49956.4 10.9984 732
0.000247284 56603.8 13.9972 888
0.000226909 74901.1 16.9957 1044
0.000226117 88424.1 19.9942 1200
0.00023695 97034.4 22.9923 1356
0.000223535 129678 28.9876 1668
0.000232951 150167 34.9816 1980
0.000223159 196442 43.8378 2448
0.000238117 220540 52.5142 2916
0.000240325 268693 64.5736 3540
0.000226993 350971 79.668 4320
0.000236784 411713 97.4871 5256
0.000243617 498614 121.471 6504
0.00023895 632280 151.083 8064
0.000223159 853418 190.448 10092
0.000238408 998854 238.135 12588
0.00023945 1.23931e+06 296.753 15708
0.0002487 1.49264e+06 371.22 19608
0.000244033 1.90709e+06 465.392 24600
0.000244409 2.38744e+06 583.511 30840
0.000230992 3.17367e+06 733.093 38796
0.000181327 5.06632e+06 918.661 48780
0.000192536 5.98498e+06 1152.32 61260
0.000270407 5.33261e+06 1441.97 77016
0.000241075 7.46769e+06 1800.27 96828
0.000338489 6.66327e+06 2255.44 121788
0.000410903 6.83525e+06 2808.63 153144
0.000455484 7.66313e+06 3490.43 192768
0.000550773 7.89319e+06 4347.35 242532
0.000659435 8.14584e+06 5371.65 305244
0.000803139 8.22697e+06 6607.4 384180
0.000979633 8.30494e+06 8135.79 483552
0.00122942 8.05744e+06 9905.95 608664
