# filename: ./acpphint-OPi+2E-2048MiB-threads_4-ILP32-FreeBSD_13_r363590M-g++_10_O3lto-libc++-DSIZE_ld-ISIZE_ul-using_2_threads-cpus_1_3.txt
# acpphint_main version: 0.1.23

0.000177409 39457.5 7.00012 840
0.000163618 55006.8 9.0001 1032
0.000158618 69349.9 11.0001 1224
0.000173285 75020.9 13 1416
0.000171618 87403.4 15 1608
0.000174743 108728 18.9994 1992
0.000171534 134078 22.9989 2376
0.000164951 175398 28.9321 2952
0.000168368 206549 34.7763 3528
0.000180576 237112 42.8167 4296
0.000161327 327780 52.8798 5256
0.000169076 383308 64.8082 6408
0.000201075 402032 80.8385 7944
0.000200116 503232 100.705 9864
0.000163743 775510 126.984 12360
0.000161702 983111 158.971 15432
0.000164076 1.20982e+06 198.503 19272
0.000166035 1.49724e+06 248.594 24072
0.000177951 1.75471e+06 312.252 30216
0.000166284 2.35847e+06 392.175 37896
0.000190867 2.58764e+06 493.895 47688
0.000217741 2.85167e+06 620.926 59976
0.000244949 3.18945e+06 781.252 75336
0.000275739 3.56102e+06 981.913 94728
0.000318696 3.86917e+06 1233.09 119112
0.000358527 4.33441e+06 1554 149832
0.000432816 4.5096e+06 1951.83 188424
0.000543353 4.51258e+06 2451.93 237192
0.0006471 4.77652e+06 3090.88 298440
0.000838717 4.62744e+06 3881.11 375624
0.00107654 4.52363e+06 4869.88 472776
0.00138857 4.42064e+06 6138.38 595080
0.00179639 4.28522e+06 7697.93 749064
0.00231708 4.16253e+06 9644.9 942984
0.00296372 4.0955e+06 12137.9 1187016
0.00383715 3.95747e+06 15185.4 1494216
