# filename: ./acpphint-OPi+2E-2048MiB-threads_4-ILP32-FreeBSD_main_n247756_348c41d1815d_32bit-g++_11_O3lto-libc++-cpulockdown-DSIZE_ui-ISIZE_ui-using_3_threads-cpus_0_2_3.txt
# acpphint_main version: 0.1.24

0.000204119 53882.1 10.9984 732
0.000214201 65346.2 13.9972 888
0.000223367 76088.9 16.9957 1044
0.000226284 88358.8 19.9942 1200
0.000224118 102590 22.9923 1356
0.000207785 139508 28.9876 1668
0.000216284 161739 34.9816 1980
0.000209159 209591 43.8378 2448
0.000207535 253038 52.5142 2916
0.000216243 298616 64.5736 3540
0.000214743 370992 79.668 4320
0.000219034 445078 97.4871 5256
0.000231951 523692 121.471 6504
0.000207826 726970 151.083 8064
0.000216868 878174 190.448 10092
0.000235908 1.00944e+06 238.135 12588
0.000238659 1.24342e+06 296.753 15708
0.000243116 1.52693e+06 371.22 19608
0.000244158 1.90611e+06 465.392 24600
0.000253325 2.30341e+06 583.511 30840
0.000265658 2.75954e+06 733.093 38796
0.000265408 3.46131e+06 918.661 48780
0.000304114 3.78912e+06 1152.32 61260
0.000301448 4.78349e+06 1441.97 77016
0.000335322 5.36879e+06 1800.27 96828
0.000376279 5.99407e+06 2255.44 121788
0.000411777 6.82075e+06 2808.63 153144
0.000467609 7.46443e+06 3490.43 192768
0.00054119 8.03295e+06 4347.35 242532
0.000647978 8.28986e+06 5371.65 305244
0.000798973 8.26987e+06 6607.4 384180
0.000991841 8.20272e+06 8135.79 483552
0.001247 7.94383e+06 9905.95 608664
