# filename: ./acpphint-OPi+2E-2048MiB-threads_4-ILP32-FreeBSD_13_r363590M-g++_10_O3lto-libc++-DSIZE_ull-ISIZE_ull-using_3_threads-cpus_0_1_2.txt
# acpphint_main version: 0.1.23

0.000252617 43537.7 10.9984 1356
0.000243492 57485.4 13.9972 1668
0.000245158 69325.7 16.9957 1980
0.000246159 81224.7 19.9942 2292
0.000254825 90227.9 22.9923 2604
0.000237992 121801 28.9876 3228
0.000258241 135461 34.9816 3852
0.000250491 175007 43.8378 4788
0.000255616 205442 52.5142 5724
0.000242826 265925 64.5736 6972
0.0002502 318417 79.668 8532
0.000253159 385083 97.4871 10404
0.000262325 463055 121.471 12900
0.000268783 562101 151.083 16020
0.000250242 761055 190.448 20076
0.000259408 917993 238.135 25068
0.000184577 1.60775e+06 296.753 31308
0.000232451 1.59698e+06 371.22 39108
0.000216868 2.14597e+06 465.392 49092
0.000229618 2.54122e+06 583.511 61572
0.0002562 2.86141e+06 733.093 77484
0.000299282 3.06955e+06 918.661 97452
0.000363529 3.16983e+06 1152.32 122412
0.000476608 3.02549e+06 1441.97 153924
0.000534148 3.37037e+06 1800.27 193548
0.000670643 3.3631e+06 2255.44 243468
0.00079893 3.51549e+06 2808.63 306180
0.000979215 3.56452e+06 3490.43 385428
0.00119496 3.63808e+06 4347.35 484956
0.00150961 3.5583e+06 5371.65 610380
0.00185752 3.55712e+06 6607.4 768252
0.00237179 3.43023e+06 8135.79 966996
0.00298077 3.32329e+06 9905.95 1217220
