# filename: ./acpphint-WDK23_K72W78C-32768MiB-threads_8-LP64-FreeBSD_main_n262658_b347c2284603_64bit-clang++_16_O3lto_CA78C-libc++-cpulockdown-DSIZE_ull-ISIZE_ull-using_2_threads-cpus_5_7.txt
# acpphint_main version: 0.1.33

6.0413e-05 115869 7 976
6.1559e-05 146201 9 1184
6.0205e-05 182709 11 1392
6.2758e-05 207145 13 1600
6.1299e-05 244702 15 1808
6.083e-05 312346 19 2224
6.0518e-05 380052 23 2640
6.0466e-05 478507 28.9334 3264
6.5413e-05 531675 34.7785 3888
6.005e-05 713048 42.8186 4720
6.1664e-05 857592 52.8825 5760
6.3434e-05 1.02175e+06 64.8139 7008
6.1455e-05 1.31554e+06 80.8465 8672
6.6299e-05 1.5191e+06 100.715 10752
6.6611e-05 1.90659e+06 127 13456
6.4112e-05 2.48003e+06 159 16784
6.5934e-05 3.01131e+06 198.548 20944
6.7392e-05 3.68988e+06 248.668 26144
7.0048e-05 4.45936e+06 312.369 32800
7.1194e-05 5.51126e+06 392.369 41120
7.2549e-05 6.81177e+06 494.187 51728
7.3278e-05 8.47979e+06 621.382 65040
7.8434e-05 9.96959e+06 781.955 81680
8.3173e-05 1.18211e+07 983.196 102688
8.8277e-05 1.39913e+07 1235.11 129104
9.385e-05 1.65943e+07 1557.38 162384
0.000103068 1.8989e+07 1957.15 204192
0.000111453 2.20763e+07 2460.47 257024
0.000122858 2.52691e+07 3104.51 323376
0.000138275 2.82269e+07 3903.07 406992
0.00015744 3.11536e+07 4904.82 512240
0.000182178 3.39953e+07 6193.19 644736
0.000213635 3.64396e+07 7784.78 811552
0.000250717 3.90196e+07 9782.87 1021632
0.000298371 4.14167e+07 12357.5 1286000
0.000362743 4.28126e+07 15530 1618800
0.000441125 4.42309e+07 19511.4 2037712
0.000537838 4.58437e+07 24656.5 2565200
0.000659655 4.6967e+07 30982 3229344
0.000819648 4.74859e+07 38921.7 4065296
0.00101854 4.83065e+07 49202.3 5117776
0.00126926 4.86986e+07 61811.3 6442736
0.00158123 4.91028e+07 77642.6 8110688
0.00200235 4.90238e+07 98162.9 10210656
0.00257691 4.78566e+07 123322 12854336
0.00332208 4.66247e+07 154891 16182544
0.0042486 4.60885e+07 195811 20372496
0.00544734 4.51684e+07 246048 25647376
0.00696701 4.43508e+07 308992 32287984
0.00889462 4.39132e+07 390591 40647920
0.0113316 4.33206e+07 490894 51172512
0.0143999 4.28054e+07 616392 64422320
0.0182609 4.26647e+07 779097 81102672
0.0230866 4.24206e+07 979346 102102144
0.0292757 4.19984e+07 1.22953e+06 128538944
0.0367822 4.22463e+07 1.55391e+06 161820816
0.0464945 4.20182e+07 1.95361e+06 203720128
0.0585409 4.18895e+07 2.45225e+06 256468304
0.0737109 4.20391e+07 3.09874e+06 322874384
0.0926664 4.20459e+07 3.89624e+06 406474576
0.11663 4.19236e+07 4.88954e+06 511721120
0.147084 4.19979e+07 6.17721e+06 644218576
0.184487 4.21011e+07 7.76712e+06 811022928
0.231531 4.20844e+07 9.74384e+06 1021017232
0.291137 4.22665e+07 1.23053e+07 1285384400
0.366748 4.21813e+07 1.54699e+07 1618202912
0.461544 4.20237e+07 1.93958e+07 2037196656
0.580606 4.21599e+07 2.44783e+07 2564678416
0.730647 4.20956e+07 3.0757e+07 3228738592
0.920261 4.18608e+07 3.85229e+07 4064740928
1.16006 4.18574e+07 4.85571e+07 5117205536
