# filename: ./acpphint-WDK23_K72W78C-32768MiB-threads_8-LP64-FreeBSD_main_n262658_b347c2284603_64bit-clang++_16_O3lto_CA78C-libc++-DSIZE_ul-ISIZE_ul-using_8_threads.txt
# acpphint_main version: 0.1.33

0.000139004 223015 31 3904
0.000137598 283434 39 4736
0.000125515 374457 47 5568
0.00013041 421747 55 6400
0.000135723 464181 63 7232
0.000137441 574792 79 8896
0.000136139 697816 95 10560
0.000134161 883516 118.533 13056
0.000133795 1.05718e+06 141.445 15552
0.000133223 1.30403e+06 173.727 18880
0.000136764 1.56594e+06 214.164 23040
0.00013666 1.9152e+06 261.732 28032
0.000131139 2.48552e+06 325.949 34688
0.00013541 2.99102e+06 405.014 43008
0.000132389 3.85984e+06 511 53824
0.000129838 4.92152e+06 639 67136
0.000156607 5.08199e+06 795.875 83776
0.000128379 7.76325e+06 996.639 104576
0.000141035 8.86595e+06 1250.41 131200
0.000144108 1.08992e+07 1570.66 164480
0.000145775 1.35636e+07 1977.23 206912
0.000139577 1.77913e+07 2483.26 260160
0.000142232 2.1991e+07 3127.82 326720
0.000143796 2.7332e+07 3930.23 410752
0.000150826 3.26924e+07 4930.87 516416
0.000157857 3.94527e+07 6227.89 649536
0.000161086 4.85444e+07 7819.82 816768
0.000165669 5.92592e+07 9817.41 1028096
0.000182908 6.78698e+07 12413.9 1293504
0.000189939 8.20844e+07 15591 1627968
0.000202959 9.63929e+07 19563.8 2048960
0.000229208 1.08045e+08 24764.9 2578944
0.000263789 1.17869e+08 31092.5 3246208
0.0002966 1.31531e+08 39012.1 4086528
0.000350504 1.40989e+08 49417.3 5144000
0.000411074 1.50878e+08 62022 6475200
0.000490913 1.58466e+08 77793.3 8150848
0.000599814 1.644e+08 98609.2 10260800
0.000772983 1.60063e+08 123726 12917376
0.00104563 1.48389e+08 155160 16261184
0.00146399 1.34423e+08 196794 20471104
0.00208886 1.18165e+08 246829 25770944
0.00293632 1.05395e+08 309472 32442752
0.00401652 9.77435e+07 392589 40842624
0.00524172 9.39439e+07 492428 51417344
0.00693013 8.90705e+07 617270 64730176
0.00879806 8.89882e+07 782923 81489984
0.0110006 8.93026e+07 982382 102589504
0.0140647 8.75336e+07 1.23114e+06 129151936
0.0178315 8.75549e+07 1.56124e+06 162591680
0.0226062 8.66852e+07 1.95962e+06 204690048
0.0286483 8.57002e+07 2.45516e+06 257689280
0.0362838 8.57895e+07 3.11277e+06 324410688
0.0458456 8.52464e+07 3.90817e+06 408408576
0.0582771 8.39925e+07 4.89484e+06 514155776
0.0734203 8.45011e+07 6.20409e+06 647283264
0.0921847 8.45133e+07 7.79083e+06 814880512
0.116169 8.39586e+07 9.75343e+06 1025873216
0.146389 8.44099e+07 1.23567e+07 1291497536
0.184965 8.38915e+07 1.5517e+07 1625898304
0.23279 8.33929e+07 1.9413e+07 2046884480
0.292674 8.39715e+07 2.45763e+07 2576874304
0.368597 8.36971e+07 3.08505e+07 3244091712
0.463595 8.31624e+07 3.85537e+07 4084068928
0.584388 8.34083e+07 4.87428e+07 5141537600
0.73473 8.31873e+07 6.11202e+07 6472811648
0.925007 8.2411e+07 7.62307e+07 8148786624
1.16515 8.25119e+07 9.61392e+07 10258713664
