# filename: ./acpphint-WDK23_K72W78C-32768MiB-threads_8-LP64-FreeBSD_main_n262658_b347c2284603_64bit-clang++_16_O3lto_CA78C-libc++-DSIZE_ul-ISIZE_ul-using_4_threads.txt
# acpphint_main version: 0.1.33

6.5883e-05 227676 15 1952
6.3904e-05 297321 19 2368
6.5674e-05 350215 23 2784
6.2862e-05 429512 27 3200
6.5414e-05 473905 31 3616
6.2289e-05 626114 39 4448
6.0726e-05 773968 47 5280
6.1404e-05 957593 58.8001 6528
6.3018e-05 1.11609e+06 70.3339 7776
6.432e-05 1.34414e+06 86.4548 9440
6.4372e-05 1.65668e+06 106.644 11520
6.0935e-05 2.14083e+06 130.451 14016
6.4632e-05 2.51495e+06 162.546 17344
6.5206e-05 3.10013e+06 202.147 21504
6.5674e-05 3.88281e+06 255 26912
6.7184e-05 4.74815e+06 319 33568
6.9789e-05 5.69796e+06 397.655 41888
6.7185e-05 7.41228e+06 497.994 52288
6.6299e-05 9.42785e+06 625.057 65600
6.9632e-05 1.12754e+07 785.128 82240
7.2757e-05 1.35869e+07 988.539 103456
7.3486e-05 1.69015e+07 1242.03 130080
7.2757e-05 2.14949e+07 1563.9 163360
7.109e-05 2.76487e+07 1965.55 205376
7.6716e-05 3.21585e+07 2467.07 258208
8.3277e-05 3.73957e+07 3114.2 324768
8.359e-05 4.67925e+07 3911.39 408384
9.385e-05 5.23482e+07 4912.88 514048
0.000103016 6.02589e+07 6207.63 646752
0.00011838 6.58817e+07 7799.08 813984
0.000139941 6.99676e+07 9791.33 1024480
0.000163898 7.55576e+07 12383.7 1289472
0.000201188 7.73112e+07 15554.1 1623104
0.000238009 8.20404e+07 19526.4 2043264
0.000297277 8.31239e+07 24710.8 2572000
0.000361961 8.57205e+07 31027.5 3237600
0.000438416 8.88187e+07 38939.5 4075424
0.000534036 9.23301e+07 49307.6 5130400
0.00064877 9.54068e+07 61897.1 6458688
0.000797305 9.74154e+07 77669.8 8130592
0.00101105 9.73256e+07 98400.6 10235552
0.00129275 9.55218e+07 123486 12885472
0.00164971 9.39102e+07 154925 16221376
0.0021036 9.3321e+07 196309 20421312
0.00269982 9.12524e+07 246365 25708672
0.00346134 8.92815e+07 309034 32365088
0.00442906 8.84012e+07 391534 40744992
0.00564488 8.70737e+07 491521 51294752
0.00725449 8.49719e+07 616428 64575968
0.00917487 8.51108e+07 780880 81295840
0.0114074 8.596e+07 980581 102345024
0.0146271 8.4057e+07 1.22951e+06 128844640
0.0182974 8.51091e+07 1.55728e+06 162205344
0.0234266 8.34977e+07 1.95606e+06 204204288
0.0295541 8.29677e+07 2.45204e+06 257077888
0.0373766 8.30762e+07 3.10511e+06 323641632
0.0471313 8.27712e+07 3.90112e+06 407440256
0.0599975 8.14835e+07 4.88881e+06 512936608
0.0754826 8.19953e+07 6.18922e+06 645748768
0.0951017 8.17739e+07 7.77683e+06 812949152
0.120392 8.0917e+07 9.7418e+06 1023442240
0.151464 8.13915e+07 1.23279e+07 1288437152
0.190199 8.1437e+07 1.54893e+07 1622045856
0.23977 8.08719e+07 1.93906e+07 2042034464
0.302369 8.10952e+07 2.45206e+07 2570768800
0.380836 8.08631e+07 3.07956e+07 3236405824
0.479698 8.02811e+07 3.85106e+07 4074393312
0.603719 8.05605e+07 4.86359e+07 5129356832
0.759962 8.02834e+07 6.10123e+07 6457477184
0.95608 7.96469e+07 7.61488e+07 8129481856
1.20057 7.99087e+07 9.59359e+07 10234411072
