# filename: ./acpphint-WDK23_K72W78C-32768MiB-threads_8-LP64-FreeBSD_main_n262658_b347c2284603_64bit-clang++_16_O3lto_CA78C-libc++-cpulockdown-DSIZE_ull-ISIZE_ull-using_2_threads-cpus_1_3.txt
# acpphint_main version: 0.1.33

4.63e-05 151188 7 976
4.9633e-05 181331 9 1184
5.0518e-05 217744 11 1392
4.6821e-05 277653 13 1600
4.8174e-05 311371 15 1808
4.9737e-05 382009 19 2224
4.7394e-05 485293 23 2640
4.9945e-05 579305 28.9334 3264
4.8487e-05 717274 34.7785 3888
4.8644e-05 880243 42.8186 4720
5.1352e-05 1.0298e+06 52.8825 5760
4.9112e-05 1.31972e+06 64.8139 7008
4.7758e-05 1.69284e+06 80.8465 8672
4.8435e-05 2.07938e+06 100.715 10752
5.057e-05 2.51137e+06 127 13456
5.3851e-05 2.95259e+06 159 16784
5.3174e-05 3.73393e+06 198.548 20944
5.3747e-05 4.62665e+06 248.668 26144
5.3903e-05 5.79502e+06 312.369 32800
5.4216e-05 7.23714e+06 392.369 41120
5.4216e-05 9.11516e+06 494.187 51728
5.4268e-05 1.14502e+07 621.382 65040
5.6456e-05 1.38507e+07 781.955 81680
6.2393e-05 1.57581e+07 983.196 102688
6.6298e-05 1.86297e+07 1235.11 129104
7.0153e-05 2.21998e+07 1557.38 162384
7.5413e-05 2.59525e+07 1957.15 204192
8.4058e-05 2.92712e+07 2460.47 257024
9.2027e-05 3.37348e+07 3104.51 323376
0.000102599 3.8042e+07 3903.07 406992
0.000115359 4.25178e+07 4904.82 512240
0.00013239 4.67799e+07 6193.19 644736
0.000154211 5.04813e+07 7784.78 811552
0.000175825 5.56398e+07 9782.87 1021632
0.000208323 5.93191e+07 12357.5 1286000
0.00025129 6.1801e+07 15530 1618800
0.000301964 6.46149e+07 19511.4 2037712
0.000363888 6.77584e+07 24656.5 2565200
0.000443207 6.99041e+07 30982 3229344
0.000548618 7.0945e+07 38921.7 4065296
0.000685383 7.17881e+07 49202.3 5117776
0.000850426 7.26827e+07 61811.3 6442736
0.00105099 7.38758e+07 77642.6 8110688
0.00133525 7.35167e+07 98162.9 10210656
0.00169575 7.27242e+07 123322 12854336
0.00218869 7.07686e+07 154891 16182544
0.00278746 7.02471e+07 195811 20372496
0.00358956 6.85454e+07 246048 25647376
0.00457133 6.75935e+07 308992 32287984
0.00580065 6.73358e+07 390591 40647920
0.00734718 6.68138e+07 490894 51172512
0.00932953 6.60689e+07 616392 64422320
0.011806 6.59915e+07 779097 81102672
0.0149462 6.55248e+07 979346 102102144
0.018829 6.52999e+07 1.22953e+06 128538944
0.0237633 6.53911e+07 1.55391e+06 161820816
0.0299035 6.53306e+07 1.95361e+06 203720128
0.037658 6.51189e+07 2.45225e+06 256468304
0.0474598 6.52919e+07 3.09874e+06 322874384
0.0598478 6.51025e+07 3.89624e+06 406474576
0.0751539 6.50604e+07 4.88954e+06 511721120
0.0941341 6.56214e+07 6.17721e+06 644218576
0.118851 6.53515e+07 7.76712e+06 811022928
0.149356 6.52391e+07 9.74384e+06 1021017232
0.188312 6.53455e+07 1.23053e+07 1285384400
0.236887 6.53051e+07 1.54699e+07 1618202912
0.298655 6.49436e+07 1.93958e+07 2037196656
0.375921 6.51155e+07 2.44783e+07 2564678416
0.470952 6.53082e+07 3.0757e+07 3228738592
0.594535 6.4795e+07 3.85229e+07 4064740928
0.747214 6.49841e+07 4.85571e+07 5117205536
0.947555 6.43085e+07 6.09359e+07 6442179888
1.19336 6.38338e+07 7.61765e+07 8110223824
