# filename: ./acpphint-WDK23_K72W78C-32768MiB-threads_8-LP64-FreeBSD_main_n262658_b347c2284603_64bit-clang++_16_O3lto_CA78C-libc++-cpulockdown-DSIZE_ull-ISIZE_ull-using_2_threads-cpus_2_3.txt
# acpphint_main version: 0.1.33

4.6977e-05 149009 7 976
4.5935e-05 195929 9 1184
4.5415e-05 242211 11 1392
4.9528e-05 262478 13 1600
4.9789e-05 301271 15 1808
4.8904e-05 388516 19 2224
4.9633e-05 463401 23 2640
4.8018e-05 602553 28.9334 3264
4.7654e-05 729812 34.7785 3888
4.8696e-05 879303 42.8186 4720
4.7967e-05 1.10248e+06 52.8825 5760
4.7758e-05 1.35713e+06 64.8139 7008
4.7394e-05 1.70584e+06 80.8465 8672
4.88e-05 2.06383e+06 100.715 10752
4.7914e-05 2.65058e+06 127 13456
4.7394e-05 3.35485e+06 159 16784
4.6977e-05 4.22649e+06 198.548 20944
4.7914e-05 5.18989e+06 248.668 26144
4.8227e-05 6.47706e+06 312.369 32800
4.8591e-05 8.07492e+06 392.369 41120
4.8852e-05 1.0116e+07 494.187 51728
5.1092e-05 1.2162e+07 621.382 65040
5.3748e-05 1.45485e+07 781.955 81680
5.6508e-05 1.73992e+07 983.196 102688
5.9737e-05 2.06758e+07 1235.11 129104
6.3539e-05 2.45106e+07 1557.38 162384
6.9216e-05 2.8276e+07 1957.15 204192
7.5413e-05 3.26267e+07 2460.47 257024
8.3954e-05 3.69787e+07 3104.51 323376
9.4996e-05 4.10867e+07 3903.07 406992
0.000107703 4.55402e+07 4904.82 512240
0.000124681 4.96723e+07 6193.19 644736
0.000147389 5.28179e+07 7784.78 811552
0.00017119 5.71463e+07 9782.87 1021632
0.000198115 6.23756e+07 12357.5 1286000
0.000239676 6.47957e+07 15530 1618800
0.000303839 6.42161e+07 19511.4 2037712
0.000358993 6.86823e+07 24656.5 2565200
0.000438155 7.07101e+07 30982 3229344
0.000539088 7.21992e+07 38921.7 4065296
0.000670018 7.34343e+07 49202.3 5117776
0.000837354 7.38174e+07 61811.3 6442736
0.00104969 7.39674e+07 77642.6 8110688
0.00133957 7.32795e+07 98162.9 10210656
0.00170606 7.22846e+07 123322 12854336
0.00215979 7.17157e+07 154891 16182544
0.00278809 7.02313e+07 195811 20372496
0.00356508 6.9016e+07 246048 25647376
0.00456342 6.77107e+07 308992 32287984
0.00580299 6.73085e+07 390591 40647920
0.00742625 6.61025e+07 490894 51172512
0.00933464 6.60328e+07 616392 64422320
0.0118003 6.60232e+07 779097 81102672
0.0149167 6.56543e+07 979346 102102144
0.0188772 6.51331e+07 1.22953e+06 128538944
0.0238087 6.52665e+07 1.55391e+06 161820816
0.0299016 6.53348e+07 1.95361e+06 203720128
0.0375934 6.52307e+07 2.45225e+06 256468304
0.0473825 6.53985e+07 3.09874e+06 322874384
0.0596058 6.53667e+07 3.89624e+06 406474576
0.0750352 6.51633e+07 4.88954e+06 511721120
0.0943973 6.54385e+07 6.17721e+06 644218576
0.118911 6.5319e+07 7.76712e+06 811022928
0.149869 6.50157e+07 9.74384e+06 1021017232
0.188887 6.51464e+07 1.23053e+07 1285384400
0.237858 6.50383e+07 1.54699e+07 1618202912
0.299835 6.46882e+07 1.93958e+07 2037196656
0.377524 6.4839e+07 2.44783e+07 2564678416
0.475355 6.47033e+07 3.0757e+07 3228738592
0.598475 6.43684e+07 3.85229e+07 4064740928
0.751235 6.46363e+07 4.85571e+07 5117205536
0.94315 6.46089e+07 6.09359e+07 6442179888
1.18561 6.42508e+07 7.61765e+07 8110223824
