# filename: ./acpphint-WDK23_K72W78Cnolsenorcpc-32768MiB-threads_8-LP64-FreeBSD_main_n262658_b347c2284603_64bit-clang++_16_O3lto_CA78Cnolsenorcpc-libc++-DSIZE_ul-ISIZE_ul-using_1_threads.txt
# acpphint_main version: 0.1.33

8.52208e-08 1.17342e+07 1 280
1.21529e-07 1.64569e+07 2 384
1.52132e-07 1.97198e+07 3 488
1.875e-07 2.13333e+07 4 592
2.3332e-07 2.14298e+07 5 696
2.55682e-07 2.34667e+07 6 800
3.08368e-07 2.27001e+07 7 904
3.59367e-07 2.50441e+07 9 1112
4.6875e-07 2.34667e+07 11 1320
5.26e-07 2.6616e+07 14 1632
6.2825e-07 2.70593e+07 17 1944
8.11e-07 2.5894e+07 21 2360
9.791e-07 2.6555e+07 26 2880
8.0725e-07 3.96408e+07 32 3504
9.98167e-07 4.00735e+07 40 4336
1.875e-06 2.66667e+07 50 5376
1.5495e-06 4.06583e+07 63 6728
2.656e-06 2.9744e+07 79 8392
3.4765e-06 2.84769e+07 99 10472
4.5055e-06 2.75219e+07 124 13072
5.208e-06 2.99539e+07 156 16400
6.562e-06 2.98689e+07 196 20560
8.75e-06 2.82286e+07 247 25864
1.0364e-05 3.00077e+07 311 32520
1.2864e-05 3.03949e+07 391 40840
1.2187e-05 4.03709e+07 492 51344
2.1249e-05 2.91308e+07 619 64552
2.7291e-05 2.85442e+07 779 81192
2.4374e-05 4.02068e+07 980 102096
3.0728e-05 4.01588e+07 1234 128512
3.8696e-05 4.01333e+07 1553 161688
6.7757e-05 2.88531e+07 1955 203496
8.8433e-05 2.7829e+07 2461 256120
0.000104787 2.95647e+07 3098 322368
0.00014166 2.75307e+07 3900 405776
0.000122963 3.99307e+07 4909.99 510816
0.000210302 2.9391e+07 6180.99 643000
0.000195199 3.98618e+07 7780.99 809400
0.000245874 3.98374e+07 9794.98 1018856
0.000447948 2.75277e+07 12331 1282600
0.000390085 3.97963e+07 15523.9 1614672
0.000712414 2.7432e+07 19542.9 2032648
0.000856209 2.87346e+07 24602.9 2558888
0.00113192 2.73629e+07 30972.8 3221368
0.00141587 2.7539e+07 38991.6 4055344
0.00124103 3.95537e+07 49087.4 5105328
0.00221651 2.78804e+07 61797.1 6427168
0.00274304 2.83618e+07 77797.6 8091272
0.0025155 3.89349e+07 97940.8 10186248
0.00456155 2.70302e+07 123299 12823688
0.00599934 2.58734e+07 155223 16143992
0.00536589 3.64175e+07 195412 20323960
0.0101807 2.41639e+07 246006 25586256
0.00884592 3.50103e+07 309699 32211160
0.0168717 2.31085e+07 389880 40551336
0.0212197 2.31302e+07 490818 51051072
0.027644 2.23515e+07 617885 64269472
0.033814 2.30035e+07 777842 80910408
0.0428606 2.28461e+07 979199 101860064
0.0372593 3.30834e+07 1.23267e+06 128234152
0.0470442 3.29842e+07 1.55172e+06 161437192
0.0592531 3.29656e+07 1.95331e+06 203237288
0.074699 3.29159e+07 2.45879e+06 255860560
0.134788 2.29619e+07 3.09497e+06 322109288
0.175828 2.21559e+07 3.89561e+06 405511464
0.148721 3.29687e+07 4.90313e+06 510508616
0.187307 3.29451e+07 6.17085e+06 642692200
0.235209 3.30164e+07 7.76575e+06 809101456
0.446817 2.18701e+07 9.77193e+06 1018598328
0.562316 2.18647e+07 1.22949e+07 1282339208
0.698114 2.21552e+07 1.54669e+07 1614369296
0.845776 2.30008e+07 1.94535e+07 2032370464
1.08646 2.25152e+07 2.44618e+07 2558602768
