# filename: ./acpphint-WDK23_K72W78Cnolsenorcpc-32768MiB-threads_8-LP64-FreeBSD_main_n262658_b347c2284603_64bit-clang++_16_O3lto_CA78Cnolsenorcpc-libc++-cpulockdown-DSIZE_ul-ISIZE_ul-using_4_threads-cpus_0_1_2_3.txt
# acpphint_main version: 0.1.33

7.0934e-05 211464 15 1952
7.4684e-05 254405 19 2368
7.2548e-05 317031 23 2784
6.8382e-05 394841 27 3200
6.7289e-05 460699 31 3616
6.9007e-05 565160 39 4448
7.3277e-05 641402 47 5280
7.4111e-05 793405 58.8001 6528
7.0621e-05 995934 70.3339 7776
6.3695e-05 1.35733e+06 86.4548 9440
6.6195e-05 1.61105e+06 106.644 11520
6.5257e-05 1.99904e+06 130.451 14016
6.6767e-05 2.43453e+06 162.546 17344
6.8278e-05 2.96065e+06 202.147 21504
6.5882e-05 3.87056e+06 255 26912
6.3851e-05 4.99601e+06 319 33568
6.6768e-05 5.95577e+06 397.655 41888
6.7809e-05 7.34407e+06 497.994 52288
6.9163e-05 9.03745e+06 625.057 65600
6.6559e-05 1.1796e+07 785.128 82240
6.7549e-05 1.46344e+07 988.539 103456
7.2392e-05 1.71569e+07 1242.03 130080
7.0153e-05 2.22928e+07 1563.9 163360
7.7027e-05 2.55176e+07 1965.55 205376
7.9007e-05 3.1226e+07 2467.07 258208
8.1767e-05 3.80863e+07 3114.2 324768
8.8693e-05 4.41003e+07 3911.39 408384
9.9214e-05 4.9518e+07 4912.88 514048
0.000105151 5.90354e+07 6207.63 646752
0.000116557 6.69122e+07 7799.08 813984
0.000125723 7.78802e+07 9791.33 1024480
0.000144368 8.5779e+07 12383.7 1289472
0.00016494 9.43015e+07 15554.1 1623104
0.000191397 1.0202e+08 19526.4 2043264
0.000225301 1.09679e+08 24710.8 2572000
0.000262123 1.1837e+08 31027.5 3237600
0.000317224 1.22751e+08 38939.5 4075424
0.00038144 1.29267e+08 49307.6 5130400
0.000461748 1.34049e+08 61897.1 6458688
0.000574816 1.35121e+08 77669.8 8130592
0.000724548 1.3581e+08 98400.6 10235552
0.000936725 1.31827e+08 123486 12885472
0.00126015 1.22942e+08 154925 16221376
0.00168283 1.16654e+08 196309 20421312
0.00236072 1.0436e+08 246365 25708672
0.00320542 9.64098e+07 309034 32365088
0.00429292 9.12047e+07 391534 40744992
0.00548546 8.96043e+07 491521 51294752
0.00699159 8.81671e+07 616428 64575968
0.00918992 8.49714e+07 780880 81295840
0.0117616 8.33713e+07 980581 102345024
0.0149668 8.21494e+07 1.22951e+06 128844640
0.0188563 8.25868e+07 1.55728e+06 162205344
0.0231315 8.45627e+07 1.95606e+06 204204288
0.0295265 8.30452e+07 2.45204e+06 257077888
0.0366264 8.47778e+07 3.10511e+06 323641632
0.0472151 8.26243e+07 3.90112e+06 407440256
0.0586132 8.3408e+07 4.88881e+06 512936608
0.072798 8.50191e+07 6.18922e+06 645748768
0.0914809 8.50105e+07 7.77683e+06 812949152
0.11861 8.21332e+07 9.7418e+06 1023442240
0.150327 8.20072e+07 1.23279e+07 1288437152
0.189823 8.15986e+07 1.54893e+07 1622045856
0.242586 7.99329e+07 1.93906e+07 2042034464
0.312865 7.83745e+07 2.45206e+07 2570768800
0.370229 8.31798e+07 3.07956e+07 3236405824
0.466588 8.25367e+07 3.85106e+07 4074393312
0.579263 8.39617e+07 4.86359e+07 5129356832
0.735441 8.29601e+07 6.10123e+07 6457477184
0.919898 8.27796e+07 7.61488e+07 8129481856
1.16418 8.24063e+07 9.59359e+07 10234411072
