# filename: ./acpphint-WDK23_K72W78Cnolsenorcpc-32768MiB-threads_8-LP64-FreeBSD_main_n262658_b347c2284603_64bit-clang++_16_O3lto_CA78Cnolsenorcpc-libc++-DSIZE_ull-ISIZE_ull-using_2_threads.txt
# acpphint_main version: 0.1.33

3.7551e-05 186413 7 976
3.8227e-05 235436 9 1184
3.6978e-05 297474 11 1392
3.9009e-05 333256 13 1600
3.8383e-05 390798 15 1808
3.9946e-05 475642 19 2224
3.5988e-05 639102 23 2640
3.8436e-05 752768 28.9334 3264
3.7238e-05 933951 34.7785 3888
3.9738e-05 1.07752e+06 42.8186 4720
3.2342e-05 1.6351e+06 52.8825 5760
3.4217e-05 1.8942e+06 64.8139 7008
3.578e-05 2.25954e+06 80.8465 8672
3.0311e-05 3.32271e+06 100.715 10752
3.1718e-05 4.00404e+06 127 13456
3.4582e-05 4.59777e+06 159 16784
2.7759e-05 7.15256e+06 198.548 20944
3.3436e-05 7.43715e+06 248.668 26144
3.7499e-05 8.33007e+06 312.369 32800
3.5571e-05 1.10306e+07 392.369 41120
3.6978e-05 1.33644e+07 494.187 51728
3.802e-05 1.63435e+07 621.382 65040
4.3904e-05 1.78106e+07 781.955 81680
5.0259e-05 1.95626e+07 983.196 102688
5.3487e-05 2.30918e+07 1235.11 129104
5.8278e-05 2.67233e+07 1557.38 162384
6.8643e-05 2.85121e+07 1957.15 204192
7.6455e-05 3.2182e+07 2460.47 257024
9.3121e-05 3.33384e+07 3104.51 323376
0.000104265 3.74342e+07 3903.07 406992
0.000128015 3.83144e+07 4904.82 512240
0.000146763 4.21986e+07 6193.19 644736
0.000158691 4.90562e+07 7784.78 811552
0.000220667 4.43332e+07 9782.87 1021632
0.000277383 4.45504e+07 12357.5 1286000
0.000331806 4.68044e+07 15530 1618800
0.000415084 4.70058e+07 19511.4 2037712
0.000490445 5.02737e+07 24656.5 2565200
0.000612679 5.05681e+07 30982 3229344
0.000746526 5.21371e+07 38921.7 4065296
0.000692258 7.10751e+07 49202.3 5117776
0.00117692 5.25194e+07 61811.3 6442736
0.00148816 5.21737e+07 77642.6 8110688
0.00190454 5.15414e+07 98162.9 10210656
0.00245545 5.02237e+07 123322 12854336
0.00217364 7.12586e+07 154891 16182544
0.00404585 4.83981e+07 195811 20372496
0.00509913 4.82529e+07 246048 25647376
0.0065676 4.7048e+07 308992 32287984
0.00840543 4.64689e+07 390591 40647920
0.0108239 4.53527e+07 490894 51172512
0.0137486 4.48332e+07 616392 64422320
0.0172277 4.52235e+07 779097 81102672
0.0222206 4.40738e+07 979346 102102144
0.0279278 4.40255e+07 1.22953e+06 128538944
0.0348889 4.45389e+07 1.55391e+06 161820816
0.0444403 4.39604e+07 1.95361e+06 203720128
0.0553109 4.43357e+07 2.45225e+06 256468304
0.069176 4.47951e+07 3.09874e+06 322874384
0.0887716 4.38906e+07 3.89624e+06 406474576
0.110048 4.44309e+07 4.88954e+06 511721120
0.139169 4.43866e+07 6.17721e+06 644218576
0.176703 4.39558e+07 7.76712e+06 811022928
0.219511 4.43889e+07 9.74384e+06 1021017232
0.27509 4.4732e+07 1.23053e+07 1285384400
0.345279 4.4804e+07 1.54699e+07 1618202912
0.44131 4.39504e+07 1.93958e+07 2037196656
0.551786 4.43619e+07 2.44783e+07 2564678416
0.701087 4.38705e+07 3.0757e+07 3228738592
0.881256 4.37136e+07 3.85229e+07 4064740928
1.09556 4.43219e+07 4.85571e+07 5117205536
