# filename: ./acpphint-WDK23_K72W78Cnolsenorcpc-32768MiB-threads_8-LP64-FreeBSD_main_n262658_b347c2284603_64bit-clang++_16_O3lto_CA78Cnolsenorcpc-libc++-cpulockdown-DSIZE_ul-ISIZE_ul-using_2_threads.txt
# acpphint_main version: 0.1.33

5.0674e-05 138138 7 976
4.781e-05 188245 9 1184
4.9894e-05 220467 11 1392
4.8018e-05 270732 13 1600
4.9269e-05 304451 15 1808
4.8695e-05 390184 19 2224
4.9425e-05 465352 23 2640
4.8747e-05 593542 28.9334 3264
5.0883e-05 683499 34.7785 3888
4.7706e-05 897551 42.8186 4720
4.8122e-05 1.09893e+06 52.8825 5760
4.8487e-05 1.33673e+06 64.8139 7008
4.7341e-05 1.70775e+06 80.8465 8672
5.1925e-05 1.93962e+06 100.715 10752
4.9477e-05 2.56685e+06 127 13456
5.1404e-05 3.09314e+06 159 16784
5.0414e-05 3.93835e+06 198.548 20944
5.2237e-05 4.76039e+06 248.668 26144
5.5049e-05 5.67438e+06 312.369 32800
5.4425e-05 7.20934e+06 392.369 41120
5.7497e-05 8.59501e+06 494.187 51728
6.1455e-05 1.01112e+07 621.382 65040
6.5257e-05 1.19827e+07 781.955 81680
6.6612e-05 1.476e+07 983.196 102688
7.3486e-05 1.68075e+07 1235.11 129104
7.833e-05 1.98823e+07 1557.38 162384
8.5048e-05 2.30123e+07 1957.15 204192
9.5933e-05 2.56478e+07 2460.47 257024
0.000106453 2.91632e+07 3104.51 323376
0.000119838 3.25696e+07 3903.07 406992
0.000135931 3.60831e+07 4904.82 512240
0.000159367 3.88612e+07 6193.19 644736
0.000184418 4.22127e+07 7784.78 811552
0.000220718 4.4323e+07 9782.87 1021632
0.000266393 4.63884e+07 12357.5 1286000
0.000324567 4.78483e+07 15530 1618800
0.000393314 4.96076e+07 19511.4 2037712
0.000483102 5.10378e+07 24656.5 2565200
0.00059971 5.16616e+07 30982 3229344
0.000742307 5.24334e+07 38921.7 4065296
0.000915997 5.37145e+07 49202.3 5117776
0.00115406 5.35599e+07 61811.3 6442736
0.00144779 5.36283e+07 77642.6 8110688
0.00185611 5.28864e+07 98162.9 10210656
0.00238613 5.16828e+07 123322 12854336
0.00306397 5.05524e+07 154891 16182544
0.00394371 4.96515e+07 195811 20372496
0.00506579 4.85705e+07 246048 25647376
0.00654447 4.72143e+07 308992 32287984
0.0083999 4.64995e+07 390591 40647920
0.0106693 4.60098e+07 490894 51172512
0.0134817 4.57207e+07 616392 64422320
0.0170971 4.55689e+07 779097 81102672
0.0216887 4.51546e+07 979346 102102144
0.0273382 4.49748e+07 1.22953e+06 128538944
0.0345996 4.49112e+07 1.55391e+06 161820816
0.0436997 4.47054e+07 1.95361e+06 203720128
0.0548797 4.4684e+07 2.45225e+06 256468304
0.0693169 4.4704e+07 3.09874e+06 322874384
0.0869488 4.48107e+07 3.89624e+06 406474576
0.108846 4.49215e+07 4.88954e+06 511721120
0.137384 4.49631e+07 6.17721e+06 644218576
0.172942 4.49116e+07 7.76712e+06 811022928
0.218276 4.464e+07 9.74384e+06 1021017232
0.274158 4.4884e+07 1.23053e+07 1285384400
0.346125 4.46945e+07 1.54699e+07 1618202912
0.435248 4.45625e+07 1.93958e+07 2037196656
0.546272 4.48097e+07 2.44783e+07 2564678416
0.688912 4.46458e+07 3.0757e+07 3228738592
0.865336 4.45178e+07 3.85229e+07 4064740928
1.09096 4.45087e+07 4.85571e+07 5117205536
