# filename: ./acpphint-WDK23_K72W78Cnolsenorcpc-32768MiB-threads_8-LP64-FreeBSD_main_n262658_b347c2284603_64bit-clang++_16_O3lto_CA78Cnolsenorcpc-libc++-DSIZE_ul-ISIZE_ul-using_2_threads-cpus_6_7.txt
# acpphint_main version: 0.1.33

6.3643e-05 109989 7 976
6.2913e-05 143055 9 1184
6.4424e-05 170744 11 1392
6.5987e-05 197009 13 1600
5.7914e-05 259005 15 1808
5.3695e-05 353850 19 2224
5.9528e-05 386373 23 2640
6.5986e-05 438478 28.9334 3264
6.3799e-05 545125 34.7785 3888
5.9112e-05 724363 42.8186 4720
6.4476e-05 820189 52.8825 5760
6.1247e-05 1.05824e+06 64.8139 7008
6.1664e-05 1.31108e+06 80.8465 8672
6.3538e-05 1.58511e+06 100.715 10752
6.6299e-05 1.91556e+06 127 13456
6.5622e-05 2.42297e+06 159 16784
6.3851e-05 3.10955e+06 198.548 20944
6.7392e-05 3.68988e+06 248.668 26144
6.2654e-05 4.98562e+06 312.369 32800
5.8799e-05 6.67305e+06 392.369 41120
6.6664e-05 7.41311e+06 494.187 51728
6.5674e-05 9.46161e+06 621.382 65040
6.9736e-05 1.12131e+07 781.955 81680
8.536e-05 1.15182e+07 983.196 102688
9.1923e-05 1.34364e+07 1235.11 129104
9.385e-05 1.65943e+07 1557.38 162384
0.000105256 1.85942e+07 1957.15 204192
0.000116088 2.11949e+07 2460.47 257024
0.00012541 2.47549e+07 3104.51 323376
0.000141608 2.75625e+07 3903.07 406992
0.00016343 3.00117e+07 4904.82 512240
0.00018572 3.33469e+07 6193.19 644736
0.000218167 3.56827e+07 7784.78 811552
0.000259206 3.77417e+07 9782.87 1021632
0.00030686 4.02709e+07 12357.5 1286000
0.000370607 4.19042e+07 15530 1618800
0.000448103 4.35422e+07 19511.4 2037712
0.000545755 4.51787e+07 24656.5 2565200
0.000667259 4.64317e+07 30982 3229344
0.000818085 4.75766e+07 38921.7 4065296
0.00101125 4.86548e+07 49202.3 5117776
0.00126265 4.89537e+07 61811.3 6442736
0.0015905 4.88166e+07 77642.6 8110688
0.00199819 4.9126e+07 98162.9 10210656
0.00255873 4.81965e+07 123322 12854336
0.00328276 4.71831e+07 154891 16182544
0.00421698 4.6434e+07 195811 20372496
0.00541312 4.5454e+07 246048 25647376
0.00691295 4.46976e+07 308992 32287984
0.00882541 4.42576e+07 390591 40647920
0.0112233 4.37387e+07 490894 51172512
0.0142891 4.31374e+07 616392 64422320
0.0181427 4.29428e+07 779097 81102672
0.0230028 4.25751e+07 979346 102102144
0.0290121 4.23799e+07 1.22953e+06 128538944
0.0365935 4.24641e+07 1.55391e+06 161820816
0.0461488 4.23329e+07 1.95361e+06 203720128
0.0580689 4.22299e+07 2.45225e+06 256468304
0.0730075 4.24442e+07 3.09874e+06 322874384
0.0919482 4.23743e+07 3.89624e+06 406474576
0.115685 4.22659e+07 4.88954e+06 511721120
0.145329 4.2505e+07 6.17721e+06 644218576
0.183029 4.24365e+07 7.76712e+06 811022928
0.230095 4.23471e+07 9.74384e+06 1021017232
0.288893 4.25948e+07 1.23053e+07 1285384400
0.363737 4.25305e+07 1.54699e+07 1618202912
0.45732 4.24118e+07 1.93958e+07 2037196656
0.575716 4.2518e+07 2.44783e+07 2564678416
0.725837 4.23746e+07 3.0757e+07 3228738592
0.911855 4.22467e+07 3.85229e+07 4064740928
1.14732 4.23223e+07 4.85571e+07 5117205536
