# filename: ./acpphint-OverDrive_1000-8192MiB-threads_4-LP64-FreeBSD_13_r363590M_64bit-g++_10_O3lto-libc++-DSIZE_d-ISIZE_ui-using_1_threads.txt
# acpphint_main version: 0.1.23

1.2805e-07 7.80969e+06 1.00003 264
2.24571e-07 8.90601e+06 2.00003 360
3.185e-07 9.41934e+06 3.00006 456
4.01125e-07 9.97207e+06 4.00005 552
4.81333e-07 1.0388e+07 5.00007 648
5.57667e-07 1.07593e+07 6.00009 744
6.3625e-07 1.10022e+07 7.00012 840
7.9225e-07 1.13602e+07 9.0001 1032
9.485e-07 1.15974e+07 11.0001 1224
1.184e-06 1.18243e+07 14 1512
1.4165e-06 1.20012e+07 16.9997 1800
1.729e-06 1.21452e+07 20.9991 2184
2.121e-06 1.22579e+07 25.999 2664
2.584e-06 1.23832e+07 31.9982 3240
3.201e-06 1.24955e+07 39.998 4008
4.001e-06 1.24963e+07 49.9975 4968
4.985e-06 1.26369e+07 62.9951 6216
6.241e-06 1.2657e+07 78.9924 7752
7.777e-06 1.27285e+07 98.9893 9672
9.721e-06 1.27544e+07 123.985 12072
1.2217e-05 1.2767e+07 155.975 15144
1.5313e-05 1.27967e+07 195.956 18984
1.9321e-05 1.27802e+07 246.927 23880
2.4361e-05 1.27615e+07 310.884 30024
3.0609e-05 1.27676e+07 390.803 37704
3.8905e-05 1.26387e+07 491.71 47400
4.9481e-05 1.25005e+07 618.536 59592
6.3009e-05 1.23518e+07 778.275 74952
8.0889e-05 1.20996e+07 978.725 94248
0.000105081 1.17239e+07 1231.96 118632
0.000131241 1.18076e+07 1549.64 149256
0.00016481 1.18301e+07 1949.71 187848
0.000211161 1.16145e+07 2452.54 236424
0.000263089 1.17242e+07 3084.5 297576
0.000337657 1.14856e+07 3878.18 374568
0.000427113 1.14145e+07 4875.3 471528
0.000542961 1.12832e+07 6126.32 593544
0.000669553 1.14919e+07 7694.44 747144
0.000857585 1.12624e+07 9658.49 940488
0.00110777 1.09342e+07 12112.6 1183944
0.00141356 1.07387e+07 15179.8 1490472
0.0017794 1.06776e+07 18999.7 1876296
0.00224054 1.05949e+07 23738.3 2362056
0.00283997 1.04252e+07 29607.3 2973576
0.00356075 1.03463e+07 36840.5 3743400
0.00446898 1.02334e+07 45732.7 4712616
0.00565847 1.00038e+07 56606.3 5932776
