# filename: ./acpphint-OverDrive_1000-8192MiB-threads_4-LP64-FreeBSD_13_r363590M_64bit-g++_10_O3lto-libc++-DSIZE_d-ISIZE_ul-using_2_threads-cpus_1_2.txt
# acpphint_main version: 0.1.23

6.64e-05 105422 7 976
6.9864e-05 128822 9 1184
7.3232e-05 150208 11 1392
6.2536e-05 207880 13 1600
6.6704e-05 224874 15 1808
6.6768e-05 284567 19 2224
6.1992e-05 371016 23 2640
7.0296e-05 411594 28.9334 3264
6.8608e-05 506916 34.7785 3888
6.632e-05 645636 42.8186 4720
6.2496e-05 846175 52.8825 5760
6.8672e-05 943819 64.8139 7008
6.4232e-05 1.25866e+06 80.8465 8672
6.9232e-05 1.45474e+06 100.715 10752
7.1288e-05 1.78151e+06 127 13456
7.3096e-05 2.17522e+06 159 16784
6.8312e-05 2.90649e+06 198.548 20944
7.3768e-05 3.37095e+06 248.668 26144
6.5184e-05 4.79211e+06 312.369 32800
7.8776e-05 4.98081e+06 392.368 41120
8.092e-05 6.10711e+06 494.187 51728
9.4416e-05 6.58132e+06 621.381 65040
8.976e-05 8.71161e+06 781.954 81680
9.5288e-05 1.03181e+07 983.195 102688
0.000112432 1.09854e+07 1235.11 129104
0.000119392 1.30442e+07 1557.38 162384
0.000139632 1.40165e+07 1957.15 204192
0.000157 1.56718e+07 2460.47 257024
0.000177552 1.7485e+07 3104.5 323376
0.000220064 1.7736e+07 3903.06 406992
0.000243192 2.01684e+07 4904.8 512240
0.000310768 1.99286e+07 6193.17 644736
0.000361896 2.1511e+07 7784.73 811552
0.000434752 2.2502e+07 9782.8 1021632
0.00054232 2.27862e+07 12357.4 1286000
0.000678464 2.28896e+07 15529.8 1618800
0.000928 2.10249e+07 19511.1 2037712
0.0011841 2.08227e+07 24656 2565200
0.00149463 2.07284e+07 30981.3 3229344
0.00190618 2.0418e+07 38920.5 4065296
0.00235539 2.08884e+07 49200.5 5117776
0.00301687 2.04875e+07 61808.3 6442736
0.00377103 2.0588e+07 77637.9 8110688
0.00485348 2.02237e+07 98155.5 10210656
0.00629269 1.95958e+07 123310 12854336
0.00825059 1.87711e+07 154872 16182544
0.0106537 1.83769e+07 195782 20372496
0.0139348 1.76537e+07 246001 25647376
0.0181316 1.70376e+07 308919 32287984
0.0231438 1.68716e+07 390474 40647920
0.0298566 1.64355e+07 490710 51172512
0.0383646 1.60591e+07 616102 64422320
0.0482139 1.61496e+07 778634 81102672
0.0611845 1.59945e+07 978613 102102144
0.0784676 1.56546e+07 1.22838e+06 128538944
0.0982005 1.58051e+07 1.55207e+06 161820816
0.125806 1.55056e+07 1.95071e+06 203720128
0.159191 1.53756e+07 2.44767e+06 256468304
0.197505 1.56524e+07 3.09143e+06 322874384
0.252472 1.53865e+07 3.88467e+06 406474576
0.313979 1.55149e+07 4.87135e+06 511721120
0.395158 1.55588e+07 6.14818e+06 644218576
0.499616 1.54544e+07 7.72125e+06 811022928
0.635372 1.52222e+07 9.67175e+06 1021017232
0.799497 1.52477e+07 1.21905e+07 1285384400
1.00711 1.5181e+07 1.52889e+07 1618202912
