# filename: ./acpphint-OverDrive_1000-8192MiB-threads_4-LP64-FreeBSD_13_r363590M_64bit-g++_10_O3lto-libc++-cpulockdown-DSIZE_ull-ISIZE_ull-using_2_threads-cpus_0_2.txt
# acpphint_main version: 0.1.23

7.0896e-05 98736.2 7 976
7.1208e-05 126390 9 1184
6.988e-05 157413 11 1392
7.0936e-05 183264 13 1600
7.1672e-05 209287 15 1808
7.1552e-05 265541 19 2224
7.188e-05 319978 23 2640
7.3544e-05 393416 28.9334 3264
6.4808e-05 536638 34.7785 3888
7.1584e-05 598158 42.8186 4720
7.2696e-05 727448 52.8825 5760
7.0592e-05 918148 64.8139 7008
6.8176e-05 1.18585e+06 80.8465 8672
7.2568e-05 1.38787e+06 100.715 10752
7.308e-05 1.73782e+06 127 13456
6.748e-05 2.35625e+06 159 16784
6.0336e-05 3.2907e+06 198.548 20944
6.396e-05 3.88787e+06 248.668 26144
6.4224e-05 4.86375e+06 312.369 32800
6.9808e-05 5.62068e+06 392.369 41120
9.8112e-05 5.03697e+06 494.187 51728
0.00010116 6.14256e+06 621.382 65040
9.5592e-05 8.18013e+06 781.955 81680
0.000101024 9.7323e+06 983.196 102688
0.000109456 1.12841e+07 1235.11 129104
0.000123576 1.26026e+07 1557.38 162384
0.000133776 1.46301e+07 1957.15 204192
0.000145688 1.68887e+07 2460.47 257024
0.00015848 1.95893e+07 3104.51 323376
0.000177464 2.19936e+07 3903.07 406992
0.000211144 2.32297e+07 4904.82 512240
0.000245016 2.52767e+07 6193.19 644736
0.000277272 2.80763e+07 7784.78 811552
0.000358208 2.73106e+07 9782.87 1021632
0.000419936 2.94272e+07 12357.5 1286000
0.00052044 2.98401e+07 15530 1618800
0.000675088 2.8902e+07 19511.4 2037712
0.000861856 2.86086e+07 24656.5 2565200
0.00107983 2.86915e+07 30982 3229344
0.00135059 2.88182e+07 38921.7 4065296
0.00170015 2.894e+07 49202.3 5117776
0.00201721 3.0642e+07 61811.3 6442736
0.0026773 2.90003e+07 77642.6 8110688
0.00349654 2.80743e+07 98162.9 10210656
0.00465394 2.64984e+07 123322 12854336
0.00626185 2.47356e+07 154891 16182544
0.00832955 2.3508e+07 195811 20372496
0.0112016 2.19654e+07 246048 25647376
0.014576 2.11987e+07 308992 32287984
0.0192218 2.03202e+07 390591 40647920
0.0244128 2.0108e+07 490894 51172512
0.0315841 1.95159e+07 616392 64422320
0.0396033 1.96725e+07 779097 81102672
0.0505949 1.93566e+07 979346 102102144
0.0644161 1.90873e+07 1.22953e+06 128538944
0.0804801 1.9308e+07 1.55391e+06 161820816
0.101324 1.92808e+07 1.95361e+06 203720128
0.12994 1.88721e+07 2.45225e+06 256468304
0.161592 1.91764e+07 3.09874e+06 322874384
0.204886 1.90166e+07 3.89624e+06 406474576
0.255215 1.91585e+07 4.88954e+06 511721120
0.322488 1.91549e+07 6.17721e+06 644218576
0.409945 1.89467e+07 7.76712e+06 811022928
0.511324 1.90561e+07 9.74384e+06 1021017232
0.641211 1.91908e+07 1.23053e+07 1285384400
0.817716 1.89184e+07 1.54699e+07 1618202912
1.0295 1.88401e+07 1.93958e+07 2037196656
