# filename: ./acpphint-OverDrive_1000-8192MiB-threads_4-LP64-FreeBSD_13_r363590M_64bit-g++_10_O3lto-libc++-cpulockdown-DSIZE_d-ISIZE_ull-using_3_threads-cpus_0_1_2.txt
# acpphint_main version: 0.1.23

8.4144e-05 130728 11 1464
9.4568e-05 148042 14 1776
8.5368e-05 199138 17 2088
9.3296e-05 214371 20 2400
9.116e-05 252304 23 2712
8.844e-05 327906 29 3336
8.5896e-05 407469 35 3960
8.5176e-05 515013 43.8667 4896
8.8736e-05 592276 52.5562 5832
9.3536e-05 691035 64.6367 7080
9.1072e-05 875827 79.7633 8640
8.7104e-05 1.12087e+06 97.6321 10512
8.2272e-05 1.47919e+06 121.696 13008
8.556e-05 1.76988e+06 151.431 16128
9.2784e-05 2.05854e+06 191 20184
9.6136e-05 2.48606e+06 239 25176
8.6849e-05 3.4324e+06 298.101 31416
9.0112e-05 4.14297e+06 373.332 39216
9.58e-05 4.89265e+06 468.716 49200
9.6952e-05 6.07256e+06 588.747 61680
9.5336e-05 7.77633e+06 741.364 77592
9.752e-05 9.55404e+06 931.71 97560
0.000102904 1.13983e+07 1172.93 122520
0.000114184 1.29122e+07 1474.37 154032
0.00011992 1.54362e+07 1851.1 193656
0.000132064 1.76868e+07 2335.78 243576
0.00014472 2.02755e+07 2934.27 306288
0.000168223 2.19155e+07 3686.69 385536
0.000191768 2.42796e+07 4656.04 485064
0.000223376 2.61937e+07 5851.05 610488
0.000259464 2.83202e+07 7348.08 768360
0.000315848 2.94077e+07 9288.37 967104
0.000372696 3.13105e+07 11669.3 1217328
0.000463144 3.16414e+07 14654.5 1532448
0.000560784 3.30498e+07 18533.8 1929000
0.000685296 3.39681e+07 23278.2 2428200
0.000885288 3.30116e+07 29224.8 3056568
0.00108992 3.39296e+07 36980.6 3847800
0.00136093 3.41218e+07 46437.3 4844016
0.00172194 3.38528e+07 58292.7 6097944
0.00219861 3.35648e+07 73795.8 7676664
0.002754 3.36383e+07 92639.8 9664104
0.00363673 3.19712e+07 116271 12166032
0.00490403 3.00189e+07 147214 15315984
0.0070179 2.63338e+07 184808 19281504
0.00887678 2.61253e+07 231908 24273816
0.0118586 2.47571e+07 293584 30558744
0.0154003 2.39374e+07 368645 38471064
0.0196781 2.3503e+07 462494 48431976
0.0263714 2.21977e+07 585384 60971880
0.0335319 2.19249e+07 735183 76758768
0.0422009 2.18499e+07 922087 96633480
0.053523 2.17999e+07 1.1668e+06 121654008
0.0682506 2.14725e+07 1.46551e+06 153153216
0.0860482 2.13524e+07 1.83734e+06 192808416
0.109583 2.12074e+07 2.32398e+06 242731224
0.13866 2.10487e+07 2.91862e+06 305580192
0.175932 2.07854e+07 3.65681e+06 384702456
0.219541 2.10531e+07 4.62203e+06 484311576
0.277912 2.08766e+07 5.80187e+06 609711864
0.350136 2.07388e+07 7.26139e+06 767581680
0.442822 2.06988e+07 9.16589e+06 966327864
0.557717 2.06046e+07 1.14915e+07 1216534392
