# filename: ./acpphint-OverDrive_1000-8192MiB-threads_4-LP64-FreeBSD_13_r363590M_64bit-g++_10_O3lto-libc++-DSIZE_d-ISIZE_ull-using_4_threads-cpus_0_1_2_3.txt
# acpphint_main version: 0.1.23

9.856e-05 152192 15 1952
9.9896e-05 190198 19 2368
9.9976e-05 230055 23 2784
0.000102216 264147 27 3200
0.0001048 295802 31 3616
0.000100064 389751 39 4448
0.000101816 461617 47 5280
0.000100232 586640 58.8001 6528
9.74e-05 722113 70.3338 7776
0.000103064 838846 86.4548 9440
9.7568e-05 1.09302e+06 106.644 11520
0.000102232 1.27603e+06 130.451 14016
9.9928e-05 1.62663e+06 162.546 17344
0.000103208 1.95864e+06 202.147 21504
0.000100776 2.53036e+06 255 26912
0.000108744 2.93349e+06 319 33568
0.000104896 3.79094e+06 397.655 41888
0.000108896 4.57311e+06 497.994 52288
0.000110816 5.6405e+06 625.057 65600
0.000112888 6.95492e+06 785.127 82240
0.000112872 8.75805e+06 988.538 103456
0.000120888 1.02742e+07 1242.02 130080
0.000116352 1.34411e+07 1563.9 163360
0.000121656 1.61566e+07 1965.54 205376
0.000130968 1.88372e+07 2467.07 258208
0.000156792 1.9862e+07 3114.2 324768
0.000156256 2.50319e+07 3911.38 408384
0.000187192 2.6245e+07 4912.86 514048
0.000203424 3.05156e+07 6207.61 646752
0.000246304 3.16643e+07 7799.04 813984
0.00028924 3.38517e+07 9791.26 1024480
0.000350976 3.52834e+07 12383.6 1289472
0.000430272 3.6149e+07 15553.9 1623104
0.000529272 3.68923e+07 19526.1 2043264
0.000661376 3.73621e+07 24710.4 2572000
0.000828176 3.7464e+07 31026.7 3237600
0.00102246 3.80829e+07 38938.4 4075424
0.00126921 3.88476e+07 49305.7 5130400
0.00159574 3.87872e+07 61894.1 6458688
0.0019822 3.91813e+07 77665.1 8130592
0.00254249 3.86996e+07 98393.2 10235552
0.00334174 3.69491e+07 123474 12885472
0.00440604 3.51577e+07 154906 16221376
0.00598774 3.27803e+07 196280 20421312
0.00792146 3.1095e+07 246318 25708672
0.0103784 2.97695e+07 308961 32365088
0.0134607 2.90785e+07 391417 40744992
0.01766 2.78219e+07 491336 51294752
0.0225395 2.73359e+07 616138 64575968
0.0284986 2.73843e+07 780415 81295840
0.0369822 2.64951e+07 979847 102345024
0.046336 2.65098e+07 1.22836e+06 128844640
0.0595413 2.61235e+07 1.55543e+06 162205344
0.0743414 2.62727e+07 1.95315e+06 204204288
0.0946558 2.58564e+07 2.44746e+06 257077888
0.118397 2.61642e+07 3.09776e+06 323641632
0.150126 2.59083e+07 3.88952e+06 407440256
0.189836 2.5657e+07 4.87062e+06 512936608
0.241552 2.55021e+07 6.16009e+06 645748768
0.298145 2.59298e+07 7.73084e+06 812949152
0.384268 2.51641e+07 9.66976e+06 1023442240
0.480034 2.54413e+07 1.22127e+07 1288437152
0.605038 2.53008e+07 1.53079e+07 1622045856
