# filename: ./acpphint-OverDrive_1000-8192MiB-threads_4-LP64-FreeBSD_13_r363590M_64bit-g++_10_O3lto-libc++-cpulockdown-DSIZE_ld-ISIZE_ul-using_2_threads-cpus_0_2.txt
# acpphint_main version: 0.1.23

6.9136e-05 101250 7 1680
7.2256e-05 124557 9 2064
8.7928e-05 125102 11 2448
0.000101416 128185 13 2832
8.472e-05 177054 15 3216
0.000104656 181547 19 3984
0.000102904 223509 23 4752
0.000109784 263548 28.9334 5904
0.000104648 332338 34.7785 7056
0.000116624 367150 42.8186 8592
0.00013864 381438 52.8825 10512
0.00014792 438169 64.8139 12816
0.000163592 494196 80.8465 15888
0.000182344 552334 100.715 19728
0.000201824 629261 127 24720
0.000223472 711499 159 30864
0.0002668 744182 198.548 38544
0.000305304 814495 248.668 48144
0.000366672 851904 312.369 60432
0.00043752 896802 392.369 75792
0.000537584 919275 494.187 95376
0.000648176 958662 621.382 119952
0.000796984 981142 781.955 150672
0.00100038 982827 983.196 189456
0.00122717 1.00647e+06 1235.11 238224
0.00152634 1.02034e+06 1557.38 299664
0.00186189 1.05117e+06 1957.15 376848
0.00234845 1.0477e+06 2460.48 474384
0.00295424 1.05087e+06 3104.51 596880
0.0037129 1.05122e+06 3903.08 751248
0.00465385 1.05393e+06 4904.82 945552
0.00584861 1.05892e+06 6193.2 1190160
0.00735915 1.05784e+06 7784.79 1498128
0.00925116 1.05748e+06 9782.89 1885968
0.0116745 1.05851e+06 12357.6 2374032
0.0146876 1.05735e+06 15530 2988432
0.0185295 1.05299e+06 19511.5 3761808
0.0233998 1.05371e+06 24656.6 4735632
0.0293705 1.05487e+06 30982.2 5961744
0.0369428 1.05358e+06 38922 7505040
0.046911 1.04885e+06 49202.8 9448080
0.0594461 1.0398e+06 61812.1 11894160
0.0750083 1.03514e+06 77643.9 14973456
0.0936806 1.04787e+06 98164.9 18850320
0.119154 1.03501e+06 123325 23730960
0.153046 1.01209e+06 154896 29875344
0.193352 1.01276e+06 195819 37610640
0.244087 1.00809e+06 246061 47348880
0.307488 1.00496e+06 309013 59608464
0.384688 1.01543e+06 390623 75042192
0.488675 1.00464e+06 490944 94472208
0.609382 1.01163e+06 616472 118933392
0.762548 1.02187e+06 779224 149727888
0.961079 1.01922e+06 979547 188496144
1.22003 1.00805e+06 1.22985e+06 237302544
