# filename: ./acpphint-OverDrive_1000-8192MiB-threads_4-LP64-FreeBSD_13_r363590M_64bit-g++_10_O3lto-libc++-cpulockdown-DSIZE_ul-ISIZE_ul-using_2_threads-cpus_0_2.txt
# acpphint_main version: 0.1.23

7.2735e-05 96239.8 7 976
7.2416e-05 124282 9 1184
7.404e-05 148568 11 1392
7.1616e-05 181524 13 1600
7.0655e-05 212299 15 1808
7.0871e-05 268093 19 2224
7.1792e-05 320370 23 2640
7.0608e-05 409775 28.9334 3264
7.092e-05 490390 34.7785 3888
7.1336e-05 600238 42.8186 4720
7.1033e-05 744478 52.8825 5760
7.1504e-05 906438 64.8139 7008
7.1761e-05 1.12661e+06 80.8465 8672
7.2233e-05 1.3943e+06 100.715 10752
7.2528e-05 1.75105e+06 127 13456
7.2728e-05 2.18623e+06 159 16784
6.2648e-05 3.16926e+06 198.548 20944
6.3696e-05 3.90399e+06 248.668 26144
6.5008e-05 4.80509e+06 312.369 32800
7.2976e-05 5.37668e+06 392.369 41120
9.8208e-05 5.03205e+06 494.187 51728
0.000101633 6.11398e+06 621.382 65040
0.000100335 7.79344e+06 781.955 81680
0.000100809 9.75306e+06 983.196 102688
0.000106912 1.15526e+07 1235.11 129104
0.000125856 1.23743e+07 1557.38 162384
0.000119 1.64467e+07 1957.15 204192
0.000140769 1.74788e+07 2460.47 257024
0.000156408 1.98488e+07 3104.51 323376
0.000175319 2.22627e+07 3903.07 406992
0.000213993 2.29205e+07 4904.82 512240
0.000243927 2.53895e+07 6193.19 644736
0.000290104 2.68344e+07 7784.78 811552
0.000337304 2.90031e+07 9782.87 1021632
0.000428776 2.88205e+07 12357.5 1286000
0.000513208 3.02606e+07 15530 1618800
0.000664888 2.93453e+07 19511.4 2037712
0.0008152 3.02459e+07 24656.5 2565200
0.00101162 3.0626e+07 30982 3229344
0.00128234 3.03522e+07 38921.7 4065296
0.00159638 3.08211e+07 49202.3 5117776
0.0020589 3.00215e+07 61811.3 6442736
0.00255392 3.04014e+07 77642.6 8110688
0.00345117 2.84434e+07 98162.9 10210656
0.00445437 2.76856e+07 123322 12854336
0.00611892 2.53134e+07 154891 16182544
0.00837648 2.33763e+07 195811 20372496
0.0108953 2.2583e+07 246048 25647376
0.0144411 2.13967e+07 308992 32287984
0.018799 2.07772e+07 390591 40647920
0.0240856 2.03812e+07 490894 51172512
0.030995 1.98868e+07 616392 64422320
0.0400306 1.94625e+07 779097 81102672
0.0509064 1.92382e+07 979346 102102144
0.0643856 1.90964e+07 1.22953e+06 128538944
0.0813723 1.90963e+07 1.55391e+06 161820816
0.101517 1.92442e+07 1.95361e+06 203720128
0.129681 1.89098e+07 2.45225e+06 256468304
0.162003 1.91277e+07 3.09874e+06 322874384
0.20434 1.90674e+07 3.89624e+06 406474576
0.25786 1.8962e+07 4.88954e+06 511721120
0.325874 1.89558e+07 6.17721e+06 644218576
0.407531 1.9059e+07 7.76712e+06 811022928
0.511795 1.90386e+07 9.74384e+06 1021017232
0.649757 1.89384e+07 1.23053e+07 1285384400
0.819096 1.88866e+07 1.54699e+07 1618202912
1.02069 1.90026e+07 1.93958e+07 2037196656
