# filename: ./acpphint-OverDrive_1000-8192MiB-threads_4-LP64-FreeBSD_13_r363590M_64bit-g++_10_O3lto-libc++-cpulockdown-DSIZE_d-ISIZE_ui-using_4_threads.txt
# acpphint_main version: 0.1.23

0.000103904 144364 15 1824
0.000106224 178862 18.9994 2208
0.000112288 204821 22.9989 2592
0.000109288 247043 26.9989 2976
0.000108176 286556 30.9985 3360
0.000110856 351791 38.9981 4128
0.000114672 409845 46.9978 4896
0.00011344 518299 58.7958 6048
0.00011096 633801 70.3266 7200
0.000114424 755486 86.4457 8736
0.00010748 992116 106.633 10656
0.00011052 1.18017e+06 130.433 12960
0.000113768 1.42846e+06 162.513 16032
0.00010484 1.9277e+06 202.101 19872
0.000117176 2.17555e+06 254.922 24864
0.00012156 2.62326e+06 318.884 31008
0.000117344 3.38718e+06 397.465 38688
0.000121088 4.11021e+06 497.697 48288
0.000112416 5.55612e+06 624.596 60576
0.000122896 6.38294e+06 784.438 75936
0.000120704 8.17904e+06 987.242 95520
0.000123336 1.00531e+07 1239.91 120096
0.000131176 1.18966e+07 1560.55 150816
0.000142192 1.37854e+07 1960.17 189600
0.000152464 1.61265e+07 2458.71 238368
0.000160048 1.93729e+07 3100.6 299808
0.00016716 2.32671e+07 3889.33 376992
0.000202984 2.40321e+07 4878.14 474528
0.000215688 2.85233e+07 6152.14 597024
0.000248584 3.10229e+07 7711.8 751392
0.000297584 3.24371e+07 9652.77 945696
0.000349696 3.47838e+07 12163.8 1190304
0.000406056 3.7454e+07 15208.4 1498272
