# filename: ./acpphint-OverDrive_1000-8192MiB-threads_4-LP64-FreeBSD_13_r363590M_64bit-g++_10_O3lto-libc++-cpulockdown-DSIZE_f-ISIZE_us-using_2_threads-cpus_0_2.txt
# acpphint_main version: 0.1.23

6.8672e-05 102391 7.03137 528
6.5128e-05 138565 9.02447 624
6.9088e-05 159217 11 720
6.8688e-05 189262 13 816
6.8264e-05 219735 15 912
7.1208e-05 266140 18.9513 1104
6.3056e-05 364756 23 1296
7.08e-05 407125 28.8244 1584
6.6504e-05 519452 34.5456 1872
7.2024e-05 589662 42.4698 2256
7.1488e-05 731776 52.3132 2736
