# filename: ./acpphint-OverDrive_1000-8192MiB-threads_4-LP64-FreeBSD_13_r363590M_64bit-g++_10_O3lto-libc++-DSIZE_ul-ISIZE_ul-using_4_threads.txt
# acpphint_main version: 0.1.23

0.000100657 149021 15 1952
0.000103769 183099 19 2368
9.8409e-05 233718 23 2784
0.000101945 264849 27 3200
9.7897e-05 316659 31 3616
0.000100745 387116 39 4448
0.000104289 450671 47 5280
0.000101353 580151 58.8001 6528
0.000100233 701704 70.3339 7776
9.8273e-05 879741 86.4548 9440
9.7993e-05 1.08828e+06 106.644 11520
0.000100785 1.29435e+06 130.451 14016
0.000103553 1.56969e+06 162.546 17344
0.000108401 1.86481e+06 202.147 21504
0.000102673 2.48361e+06 255 26912
0.000104809 3.04363e+06 319 33568
0.000105945 3.75341e+06 397.655 41888
0.000112321 4.43367e+06 497.994 52288
0.000110465 5.65842e+06 625.057 65600
0.000111169 7.06247e+06 785.128 82240
0.000107041 9.23514e+06 988.539 103456
0.000110833 1.12063e+07 1242.03 130080
0.000119625 1.30734e+07 1563.9 163360
0.000121433 1.61863e+07 1965.55 205376
0.000119929 2.05711e+07 2467.07 258208
0.000130801 2.38087e+07 3114.2 324768
0.000145937 2.68019e+07 3911.39 408384
0.000176209 2.7881e+07 4912.88 514048
0.000193969 3.20032e+07 6207.63 646752
0.000218793 3.56459e+07 7799.08 813984
0.000243697 4.01783e+07 9791.33 1024480
0.000287217 4.31163e+07 12383.7 1289472
0.000344809 4.51093e+07 15554.1 1623104
0.000410985 4.75111e+07 19526.4 2043264
0.000515513 4.79345e+07 24710.8 2572000
0.000612433 5.06626e+07 31027.5 3237600
0.000763681 5.09893e+07 38939.5 4075424
0.000941977 5.23448e+07 49307.6 5130400
0.00114292 5.41569e+07 61897.1 6458688
0.00143039 5.42999e+07 77669.8 8130592
0.00187203 5.25635e+07 98400.6 10235552
0.00262367 4.70661e+07 123486 12885472
0.00367568 4.21486e+07 154925 16221376
0.00514588 3.81489e+07 196309 20421312
0.00696831 3.5355e+07 246365 25708672
0.00918016 3.36632e+07 309034 32365088
0.0121698 3.21725e+07 391534 40744992
0.0160829 3.05617e+07 491521 51294752
0.0207012 2.97774e+07 616428 64575968
0.0263021 2.96889e+07 780880 81295840
0.033523 2.9251e+07 980581 102345024
0.0426528 2.8826e+07 1.22951e+06 128844640
0.0545458 2.85499e+07 1.55728e+06 162205344
0.068846 2.84122e+07 1.95606e+06 204204288
0.0874461 2.80405e+07 2.45204e+06 257077888
0.109544 2.83458e+07 3.10511e+06 323641632
0.138929 2.80798e+07 3.90112e+06 407440256
0.174875 2.7956e+07 4.88881e+06 512936608
0.220565 2.80607e+07 6.18922e+06 645748768
0.277373 2.80375e+07 7.77683e+06 812949152
0.349901 2.78416e+07 9.7418e+06 1023442240
0.441154 2.79447e+07 1.23279e+07 1288437152
0.554835 2.79169e+07 1.54893e+07 1622045856
0.699773 2.77099e+07 1.93906e+07 2042034464
0.882519 2.77848e+07 2.45206e+07 2570768800
1.10999 2.7744e+07 3.07956e+07 3236405824
