# filename: ./acpphint-OverDrive_1000-8192MiB-threads_4-LP64-FreeBSD_13_r363590M_64bit-g++_10_O3lto-libc++-cpulockdown-DSIZE_us-ISIZE_us-using_1_threads.txt
# acpphint_main version: 0.1.23

7.9619e-08 1.25598e+07 1 124
1.16571e-07 1.70318e+07 1.98542 150
1.528e-07 1.94306e+07 2.96899 176
1.9e-07 2.07102e+07 3.93494 202
2.25143e-07 2.17729e+07 4.90202 228
2.62667e-07 2.23572e+07 5.87248 254
3e-07 2.27226e+07 6.81679 280
3.71e-07 2.34049e+07 8.68322 332
4.44e-07 2.37343e+07 10.538 384
5.68e-07 2.33658e+07 13.2718 462
6.76e-07 2.3507e+07 15.8907 540
8.2e-07 2.36318e+07 19.3781 644
1e-06 2.36006e+07 23.6006 774
1.216e-06 2.33674e+07 28.4147 930
1.508e-06 2.29046e+07 34.5401 1138
1.872e-06 2.23173e+07 41.7781 1398
2.336e-06 2.16276e+07 50.522 1736
2.92e-06 2.06331e+07 60.2486 2152
3.648e-06 1.95547e+07 71.3355 2672
4.544e-06 1.83657e+07 83.4536 3322
5.872e-06 1.64627e+07 96.6692 4154
7.584e-06 1.46145e+07 110.836 5194
1.004e-05 1.25017e+07 125.517 6520
