# filename: ./acpphint-OverDrive_1000-8192MiB-threads_4-LP64-FreeBSD_13_r363590M_64bit-g++_10_O3lto-libc++-cpulockdown-DSIZE_d-ISIZE_ul-using_2_threads-cpus_1_2.txt
# acpphint_main version: 0.1.23

5.9266e-05 118112 7 976
5.9488e-05 151291 9 1184
5.4418e-05 202139 11 1392
6.0857e-05 213616 13 1600
5.5801e-05 268812 15 1808
5.6857e-05 334172 19 2224
5.6225e-05 409071 23 2640
6.0881e-05 475245 28.9334 3264
5.7929e-05 600364 34.7785 3888
5.9137e-05 724057 42.8186 4720
5.7129e-05 925669 52.8825 5760
6.1025e-05 1.06209e+06 64.8139 7008
5.7857e-05 1.39735e+06 80.8465 8672
5.8226e-05 1.72972e+06 100.715 10752
5.9185e-05 2.14581e+06 127 13456
6.6809e-05 2.37992e+06 159 16784
6.3202e-05 3.14148e+06 198.548 20944
6.2218e-05 3.99673e+06 248.668 26144
6.6672e-05 4.68516e+06 312.369 32800
6.936e-05 5.65699e+06 392.368 41120
7.396e-05 6.68182e+06 494.187 51728
7.685e-05 8.08564e+06 621.381 65040
8.3154e-05 9.40369e+06 781.954 81680
8.9657e-05 1.09662e+07 983.195 102688
9.8961e-05 1.24808e+07 1235.11 129104
0.000111728 1.3939e+07 1557.38 162384
0.000123833 1.58048e+07 1957.15 204192
0.000145304 1.69333e+07 2460.47 257024
0.000165329 1.87777e+07 3104.5 323376
0.00019617 1.98963e+07 3903.06 406992
0.000232985 2.1052e+07 4904.8 512240
0.000282993 2.18845e+07 6193.17 644736
0.000338193 2.30186e+07 7784.73 811552
0.000417177 2.345e+07 9782.8 1021632
0.000515112 2.39898e+07 12357.4 1286000
0.000637033 2.43783e+07 15529.8 1618800
0.000883609 2.20811e+07 19511.1 2037712
0.00100703 2.4484e+07 24656 2565200
0.00130258 2.37846e+07 30981.3 3229344
0.00166434 2.33849e+07 38920.5 4065296
0.00231663 2.1238e+07 49200.5 5117776
0.0026283 2.35164e+07 61808.3 6442736
0.00353714 2.19494e+07 77637.9 8110688
0.00424768 2.3108e+07 98155.5 10210656
0.00579248 2.1288e+07 123310 12854336
0.00765619 2.02284e+07 154872 16182544
0.00983949 1.98976e+07 195782 20372496
0.0138978 1.77008e+07 246001 25647376
0.017678 1.74748e+07 308919 32287984
0.0223942 1.74364e+07 390474 40647920
0.028885 1.69884e+07 490710 51172512
0.0371292 1.65934e+07 616102 64422320
0.0470878 1.65358e+07 778634 81102672
0.0605668 1.61576e+07 978613 102102144
0.0771725 1.59173e+07 1.22838e+06 128538944
0.097159 1.59745e+07 1.55207e+06 161820816
0.123564 1.57869e+07 1.95071e+06 203720128
0.157647 1.55263e+07 2.44767e+06 256468304
0.196321 1.57468e+07 3.09143e+06 322874384
0.249731 1.55554e+07 3.88467e+06 406474576
0.320528 1.51979e+07 4.87135e+06 511721120
0.396049 1.55238e+07 6.14818e+06 644218576
0.499274 1.5465e+07 7.72125e+06 811022928
0.62575 1.54563e+07 9.67175e+06 1021017232
0.788842 1.54537e+07 1.21905e+07 1285384400
0.999469 1.5297e+07 1.52889e+07 1618202912
