# filename: ./acpphint-OverDrive_1000-8192MiB-threads_4-LP64-FreeBSD_13_r363590M_64bit-g++_10_O3lto-libc++-cpulockdown-DSIZE_ul-ISIZE_ul-using_2_threads-cpus_2_3.txt
# acpphint_main version: 0.1.23

5.2456e-05 133445 7 976
5.2113e-05 172702 9 1184
5.3448e-05 205808 11 1392
5.4648e-05 237886 13 1600
5.156e-05 290923 15 1808
5.008e-05 379393 19 2224
5.0472e-05 455698 23 2640
5.0137e-05 577087 28.9334 3264
5.4896e-05 633534 34.7785 3888
5.2552e-05 814785 42.8186 4720
4.9079e-05 1.0775e+06 52.8825 5760
5.4393e-05 1.19159e+06 64.8139 7008
5.5913e-05 1.44593e+06 80.8465 8672
5.5056e-05 1.82931e+06 100.715 10752
5.6784e-05 2.23655e+06 127 13456
5.3777e-05 2.95665e+06 159 16784
5.3104e-05 3.73885e+06 198.548 20944
5.792e-05 4.29331e+06 248.668 26144
5.9936e-05 5.21171e+06 312.369 32800
6.144e-05 6.38621e+06 392.369 41120
6.1551e-05 8.02891e+06 494.187 51728
6.6896e-05 9.28877e+06 621.382 65040
7.1536e-05 1.09309e+07 781.955 81680
8.0256e-05 1.22507e+07 983.196 102688
8.7568e-05 1.41046e+07 1235.11 129104
9.5432e-05 1.63193e+07 1557.38 162384
0.000106657 1.835e+07 1957.15 204192
0.000116992 2.10311e+07 2460.47 257024
0.000135384 2.29311e+07 3104.51 323376
0.000158711 2.45923e+07 3903.07 406992
0.000186153 2.63483e+07 4904.82 512240
0.0002262 2.73793e+07 6193.19 644736
0.000271624 2.86601e+07 7784.78 811552
0.00032296 3.02913e+07 9782.87 1021632
0.00039728 3.11054e+07 12357.5 1286000
0.000492815 3.15128e+07 15530 1618800
0.000626496 3.11436e+07 19511.4 2037712
0.00079136 3.11571e+07 24656.5 2565200
0.000995345 3.11269e+07 30982 3229344
0.00124592 3.12393e+07 38921.7 4065296
0.00156605 3.14181e+07 49202.3 5117776
0.00202939 3.0458e+07 61811.3 6442736
0.00252943 3.06957e+07 77642.6 8110688
0.00330945 2.96614e+07 98162.9 10210656
0.00441351 2.79419e+07 123322 12854336
0.00598428 2.58829e+07 154891 16182544
0.00824724 2.37426e+07 195811 20372496
0.010687 2.30232e+07 246048 25647376
0.0142098 2.1745e+07 308992 32287984
0.0186931 2.08949e+07 390591 40647920
0.024425 2.0098e+07 490894 51172512
0.0310544 1.98488e+07 616392 64422320
0.0392562 1.98464e+07 779097 81102672
0.0503879 1.94361e+07 979346 102102144
0.0635395 1.93507e+07 1.22953e+06 128538944
0.0809101 1.92054e+07 1.55391e+06 161820816
0.102009 1.91514e+07 1.95361e+06 203720128
0.128156 1.91349e+07 2.45225e+06 256468304
0.163553 1.89464e+07 3.09874e+06 322874384
0.204815 1.90232e+07 3.89624e+06 406474576
0.255823 1.9113e+07 4.88954e+06 511721120
0.322043 1.91814e+07 6.17721e+06 644218576
0.406886 1.90892e+07 7.76712e+06 811022928
0.515963 1.88848e+07 9.74384e+06 1021017232
0.646475 1.90345e+07 1.23053e+07 1285384400
0.813555 1.90152e+07 1.54699e+07 1618202912
1.02935 1.88427e+07 1.93958e+07 2037196656
