# filename: ./acpphint-OverDrive_1000-8192MiB-threads_4-LP64-FreeBSD_13_r363590M_64bit-g++_10_O3lto-libc++-cpulockdown-DSIZE_d-ISIZE_ull-using_1_threads.txt
# acpphint_main version: 0.1.23

1.512e-07 6.61376e+06 1 280
2.33333e-07 8.57143e+06 2 384
3.088e-07 9.71503e+06 3 488
4.1e-07 9.7561e+06 4 592
4.85333e-07 1.03022e+07 5 696
5.6e-07 1.07143e+07 6 800
6.4e-07 1.09375e+07 7 904
8e-07 1.125e+07 9 1112
9.52e-07 1.15546e+07 11 1320
1.192e-06 1.1745e+07 14 1632
1.432e-06 1.18715e+07 17 1944
1.76e-06 1.19318e+07 21 2360
2.152e-06 1.20818e+07 26 2880
2.632e-06 1.21581e+07 32 3504
3.28e-06 1.21951e+07 40 4336
4.064e-06 1.23031e+07 50 5376
5.104e-06 1.23433e+07 63 6728
6.384e-06 1.23747e+07 79 8392
7.992e-06 1.23874e+07 99 10472
9.992e-06 1.24099e+07 124 13072
1.2584e-05 1.23967e+07 156 16400
1.5752e-05 1.24429e+07 196 20560
1.9856e-05 1.24396e+07 247 25864
2.4992e-05 1.2444e+07 311 32520
3.1512e-05 1.2408e+07 391 40840
4.0072e-05 1.22779e+07 492 51344
5.1648e-05 1.1985e+07 619 64552
6.52e-05 1.19478e+07 778.999 81192
8.308e-05 1.17958e+07 979.999 102096
0.0001056 1.16856e+07 1234 128512
0.000133664 1.16187e+07 1553 161688
0.000170024 1.14984e+07 1955 203496
0.000214528 1.14717e+07 2460.99 256120
0.000270928 1.14347e+07 3097.99 322368
0.000342872 1.13745e+07 3899.99 405776
0.00043484 1.12915e+07 4909.98 510816
0.000558992 1.10573e+07 6180.96 643000
0.00068872 1.12977e+07 7780.94 809400
0.000879272 1.11398e+07 9794.91 1018856
0.00113014 1.09109e+07 12330.9 1282600
0.00143949 1.07842e+07 15523.8 1614672
0.00182383 1.07151e+07 19542.6 2032648
0.00231798 1.06137e+07 24602.4 2558888
0.00296196 1.04566e+07 30972 3221368
0.0036654 1.06374e+07 38990.5 4055344
0.00470831 1.04253e+07 49085.6 5105328
0.00586955 1.05279e+07 61794.2 6427168
0.00751594 1.03504e+07 77792.9 8091272
0.00949982 1.0309e+07 97933.4 10186248
0.0126263 9.76434e+06 123288 12823688
0.0164665 9.42548e+06 155205 16143992
0.0213808 9.13825e+06 195383 20323960
0.0278137 8.8431e+06 245959 25586256
0.0359929 8.60241e+06 309625 32211160
0.046077 8.45895e+06 389763 40551336
0.0585982 8.37284e+06 490634 51051072
0.0748562 8.25039e+06 617593 64269472
0.0951198 8.17265e+06 777381 80910408
0.121102 8.07968e+06 978467 101860064
0.154058 7.9938e+06 1.2315e+06 128234152
0.193767 7.9987e+06 1.54988e+06 161437192
0.243162 8.02099e+06 1.9504e+06 203237288
0.30849 7.95547e+06 2.45418e+06 255860560
0.389471 7.92786e+06 3.08767e+06 322109288
0.492014 7.89416e+06 3.88404e+06 405511464
0.619906 7.87995e+06 4.88483e+06 510508616
0.780939 7.86472e+06 6.14187e+06 642692200
0.973356 7.9312e+06 7.71989e+06 809101456
1.23555 7.85028e+06 9.69942e+06 1018598328
