# filename: ./acpphint-OverDrive_1000-8192MiB-threads_4-LP64-FreeBSD_13_r363590M_64bit-g++_10_O3lto-libc++-DSIZE_d-ISIZE_ui-using_3_threads-cpus_0_1_2.txt
# acpphint_main version: 0.1.23

8.5024e-05 129378 11.0002 1368
8.1168e-05 172484 14.0002 1656
8.012e-05 212185 17.0003 1944
8.3048e-05 240826 20.0001 2232
8.4064e-05 273603 23.0001 2520
8.3016e-05 349328 28.9998 3096
8.6424e-05 404972 34.9993 3672
7.8224e-05 560762 43.865 4536
8.5312e-05 616011 52.5531 5400
8.2168e-05 786585 64.6321 6552
8.3368e-05 956691 79.7574 7992
8.0928e-05 1.20629e+06 97.6223 9720
8.7888e-05 1.3845e+06 121.681 12024
8.9224e-05 1.69689e+06 151.404 14904
8.3944e-05 2.27485e+06 190.96 18648
8.6744e-05 2.75448e+06 238.934 23256
8.536e-05 3.49104e+06 297.995 29016
8.3816e-05 4.45215e+06 373.161 36216
9.076e-05 5.16132e+06 468.442 45432
8.64e-05 6.80948e+06 588.339 56952
8.8184e-05 8.40061e+06 740.799 71640
9.3424e-05 9.96307e+06 930.79 90072
9.7648e-05 1.19964e+07 1171.43 113112
0.000111024 1.32577e+07 1471.92 142200
0.000115896 1.59383e+07 1847.19 178776
0.000131944 1.7655e+07 2329.47 224856
0.00015024 1.94614e+07 2923.89 282744
0.000167904 2.18582e+07 3670.08 355896
0.000202144 2.29045e+07 4630 447768
0.00022864 2.5417e+07 5811.33 563544
0.000274456 2.65437e+07 7285.07 709272
0.000331504 2.77139e+07 9187.28 892728
0.000402856 2.85581e+07 11504.8 1123704
