# filename: ./acpphint-OverDrive_1000-8192MiB-threads_4-LP64-FreeBSD_13_r363590M_64bit-g++_10_O3lto-libc++-DSIZE_ld-ISIZE_ul-using_3_threads-cpus_0_1_2.txt
# acpphint_main version: 0.1.23

8.6e-05 127907 11 2520
8.6208e-05 162398 14 3096
8.3928e-05 202555 17 3672
8.7808e-05 227770 20 4248
8.7848e-05 261816 23 4824
8.9712e-05 323257 29 5976
9.536e-05 367030 35 7128
9.5696e-05 458397 43.8667 8856
9.5696e-05 549199 52.5562 10584
0.000111744 578436 64.6367 12888
0.000121344 657332 79.7633 15768
0.000132528 736690 97.6321 19224
0.000140448 866484 121.696 23832
0.00016356 925842 151.431 29592
0.000192408 992682 191 37080
0.000223944 1.06723e+06 239 46296
0.000254616 1.17078e+06 298.101 57816
0.00030768 1.21338e+06 373.332 72216
0.000371232 1.2626e+06 468.716 90648
0.000444856 1.32346e+06 588.747 113688
0.000539184 1.37497e+06 741.364 143064
0.000653896 1.42486e+06 931.71 179928
0.000808384 1.45095e+06 1172.93 226008
0.000999344 1.47534e+06 1474.37 284184
0.00122874 1.5065e+06 1851.11 357336
0.00153316 1.52351e+06 2335.79 449496
0.00190711 1.5386e+06 2934.28 565272
0.00238774 1.54402e+06 3686.71 711576
0.00298426 1.56021e+06 4656.07 895320
0.00372123 1.57235e+06 5851.09 1126872
0.00467951 1.57028e+06 7348.14 1418328
0.00588084 1.57945e+06 9288.48 1785240
0.00737706 1.58186e+06 11669.5 2247192
0.00929735 1.57623e+06 14654.8 2828952
0.0117306 1.58e+06 18534.3 3561048
0.01474 1.5793e+06 23278.9 4482648
0.018637 1.56817e+06 29225.9 5642712
0.0235066 1.57327e+06 36982.4 7103448
0.029608 1.5685e+06 46440.1 8942616
0.0374797 1.55543e+06 58297 11257560
0.0476105 1.55014e+06 73802.8 14172120
0.0603212 1.53595e+06 92650.6 17841240
0.076712 1.5159e+06 116288 22460184
0.0973143 1.51305e+06 147241 28275480
0.121998 1.5152e+06 184852 35596440
0.152136 1.5248e+06 231977 44813016
0.192065 1.52914e+06 293694 56415960
0.241472 1.52737e+06 368817 71023320
0.306515 1.50977e+06 462765 89412696
0.389854 1.50266e+06 585819 112563288
0.483615 1.5216e+06 735868 141708312
0.611586 1.50946e+06 923163 178400088
0.76971 1.51813e+06 1.16852e+06 224591832
0.975072 1.50576e+06 1.46822e+06 282744216
1.22438 1.50413e+06 1.84161e+06 355953816
