# filename: ./acpphint-OverDrive_1000-8192MiB-threads_4-LP64-FreeBSD_13_r363590M_64bit-g++_10_O3lto-libc++-cpulockdown-DSIZE_d-ISIZE_ull-using_2_threads-cpus_1_2.txt
# acpphint_main version: 0.1.23

6.3569e-05 110117 7 976
6.0665e-05 148356 9 1184
5.9945e-05 183502 11 1392
5.3209e-05 244320 13 1600
5.7825e-05 259403 15 1808
5.6913e-05 333843 19 2224
5.3937e-05 426423 23 2640
5.5481e-05 521501 28.9334 3264
5.4873e-05 633799 34.7785 3888
5.2393e-05 817257 42.8186 4720
5.7225e-05 924116 52.8825 5760
5.9209e-05 1.09466e+06 64.8139 7008
5.8001e-05 1.39388e+06 80.8465 8672
5.7241e-05 1.75949e+06 100.715 10752
5.9553e-05 2.13255e+06 127 13456
6.1393e-05 2.58987e+06 159 16784
6.0233e-05 3.29633e+06 198.548 20944
6.1241e-05 4.06049e+06 248.668 26144
6.6729e-05 4.68116e+06 312.369 32800
6.7737e-05 5.79253e+06 392.368 41120
6.9121e-05 7.14959e+06 494.187 51728
7.6273e-05 8.14681e+06 621.381 65040
8.7705e-05 8.91573e+06 781.954 81680
8.6649e-05 1.13469e+07 983.195 102688
9.8977e-05 1.24788e+07 1235.11 129104
0.000106433 1.46325e+07 1557.38 162384
0.000121993 1.60431e+07 1957.15 204192
0.000142489 1.72678e+07 2460.47 257024
0.000164065 1.89224e+07 3104.5 323376
0.000193833 2.01362e+07 3903.06 406992
0.000233121 2.10397e+07 4904.8 512240
0.000277969 2.22801e+07 6193.17 644736
0.000337857 2.30415e+07 7784.73 811552
0.000410681 2.38209e+07 9782.8 1021632
0.000506785 2.4384e+07 12357.4 1286000
0.000638161 2.43352e+07 15529.8 1618800
0.000811409 2.40459e+07 19511.1 2037712
0.00100131 2.46237e+07 24656 2565200
0.00132538 2.33754e+07 30981.3 3229344
0.00165989 2.34477e+07 38920.5 4065296
0.00208532 2.35937e+07 49200.5 5117776
0.00263631 2.3445e+07 61808.3 6442736
0.00332722 2.33342e+07 77637.9 8110688
0.00437336 2.24439e+07 98155.5 10210656
0.00593985 2.07598e+07 123310 12854336
0.00796975 1.94325e+07 154872 16182544
0.00981165 1.9954e+07 195782 20372496
0.013776 1.78573e+07 246001 25647376
0.0171095 1.80554e+07 308919 32287984
0.0231172 1.68911e+07 390474 40647920
0.0286238 1.71434e+07 490710 51172512
0.0377058 1.63397e+07 616102 64422320
0.0473965 1.64281e+07 778634 81102672
0.0610699 1.60245e+07 978613 102102144
0.0779252 1.57635e+07 1.22838e+06 128538944
0.0977655 1.58754e+07 1.55207e+06 161820816
0.124573 1.56591e+07 1.95071e+06 203720128
0.158194 1.54726e+07 2.44767e+06 256468304
0.200265 1.54367e+07 3.09143e+06 322874384
0.251758 1.54302e+07 3.88467e+06 406474576
0.31767 1.53346e+07 4.87135e+06 511721120
0.398477 1.54292e+07 6.14818e+06 644218576
0.508578 1.5182e+07 7.72125e+06 811022928
0.639076 1.5134e+07 9.67175e+06 1021017232
0.78896 1.54514e+07 1.21905e+07 1285384400
1.0091 1.5151e+07 1.52889e+07 1618202912
