# filename: ./acpphint-OverDrive_1000-8192MiB-threads_4-LP64-FreeBSD_13_r363590M_64bit-g++_10_O3lto-libc++-DSIZE_ui-ISIZE_ui-using_3_threads-cpus_0_1_2.txt
# acpphint_main version: 0.1.23

8.5904e-05 128031 10.9984 840
7.804e-05 179360 13.9972 996
7.5768e-05 224313 16.9957 1152
8.328e-05 240084 19.9942 1308
8.008e-05 287117 22.9923 1464
8.3888e-05 345551 28.9876 1776
8.3792e-05 417481 34.9816 2088
8.4128e-05 521084 43.8378 2556
8.0584e-05 651671 52.5142 3024
7.7808e-05 829909 64.5736 3648
8.232e-05 967784 79.668 4428
8.4696e-05 1.15102e+06 97.4871 5364
8.0184e-05 1.5149e+06 121.471 6612
8.9608e-05 1.68605e+06 151.083 8172
8.1008e-05 2.35098e+06 190.448 10200
8.3704e-05 2.84496e+06 238.135 12696
8.6968e-05 3.41221e+06 296.753 15816
8.7488e-05 4.2431e+06 371.22 19716
9.2552e-05 5.02844e+06 465.392 24708
8.9576e-05 6.51414e+06 583.511 30948
9.1256e-05 8.03337e+06 733.093 38904
9.172e-05 1.00159e+07 918.661 48888
8.5048e-05 1.35491e+07 1152.32 61368
9.0416e-05 1.59482e+07 1441.97 77124
9.3888e-05 1.91747e+07 1800.27 96936
9.9576e-05 2.26505e+07 2255.44 121896
0.000104336 2.69191e+07 2808.63 153252
0.000116584 2.99392e+07 3490.43 192876
0.000123416 3.52252e+07 4347.35 242640
0.000147584 3.63972e+07 5371.65 305352
0.000162808 4.0584e+07 6607.4 384288
0.000193344 4.20794e+07 8135.79 483660
0.000236784 4.18354e+07 9905.95 608772
