# filename: ./acpphint-OverDrive_1000-8192MiB-threads_4-LP64-FreeBSD_13_r363590M_64bit-g++_10_O3lto-libc++-DSIZE_d-ISIZE_ul-using_1_threads.txt
# acpphint_main version: 0.1.23

1.276e-07 7.83699e+06 1 280
2.33214e-07 8.5758e+06 2 384
3.185e-07 9.41915e+06 3 488
4.02125e-07 9.94716e+06 4 592
4.84167e-07 1.0327e+07 5 696
5.56167e-07 1.07881e+07 6 800
6.4025e-07 1.09332e+07 7 904
8.0025e-07 1.12465e+07 9 1112
9.565e-07 1.15003e+07 11 1320
1.1925e-06 1.174e+07 14 1632
1.4325e-06 1.18674e+07 17 1944
1.761e-06 1.1925e+07 21 2360
2.161e-06 1.20315e+07 26 2880
2.64e-06 1.21212e+07 32 3504
3.281e-06 1.21914e+07 40 4336
4.065e-06 1.23001e+07 50 5376
5.105e-06 1.23408e+07 63 6728
6.481e-06 1.21895e+07 79 8392
7.985e-06 1.23982e+07 99 10472
9.993e-06 1.24087e+07 124 13072
1.2537e-05 1.24432e+07 156 16400
1.5761e-05 1.24358e+07 196 20560
1.9818e-05 1.24634e+07 247 25864
2.5377e-05 1.22552e+07 311 32520
3.1769e-05 1.23076e+07 391 40840
4.0193e-05 1.22409e+07 492 51344
5.1209e-05 1.20877e+07 619 64552
6.5154e-05 1.19563e+07 778.999 81192
8.3641e-05 1.17167e+07 979.999 102096
0.000106113 1.16291e+07 1234 128512
0.000134097 1.15812e+07 1553 161688
0.000169521 1.15325e+07 1955 203496
0.000214617 1.14669e+07 2460.99 256120
0.000276681 1.1197e+07 3097.99 322368
0.000342465 1.1388e+07 3899.99 405776
0.000433777 1.13191e+07 4909.98 510816
0.000547153 1.12966e+07 6180.96 643000
0.000688529 1.13008e+07 7780.94 809400
0.000871729 1.12362e+07 9794.91 1018856
0.00113298 1.08836e+07 12330.9 1282600
0.00144013 1.07794e+07 15523.8 1614672
0.0018232 1.07189e+07 19542.6 2032648
0.0022973 1.07093e+07 24602.4 2558888
0.00295959 1.0465e+07 30972 3221368
0.0037455 1.041e+07 38990.5 4055344
0.00470451 1.04337e+07 49085.6 5105328
0.00595573 1.03756e+07 61794.2 6427168
0.00751705 1.03489e+07 77792.9 8091272
0.00967851 1.01186e+07 97933.4 10186248
0.0126191 9.7699e+06 123288 12823688
0.0166688 9.31112e+06 155205 16143992
0.0214316 9.11657e+06 195383 20323960
0.0278062 8.84549e+06 245959 25586256
0.0358706 8.63173e+06 309625 32211160
0.0464852 8.38467e+06 389763 40551336
0.0586725 8.36225e+06 490634 51051072
0.0768268 8.03878e+06 617593 64269472
0.0957568 8.11828e+06 777381 80910408
0.121371 8.06178e+06 978467 101860064
0.152879 8.05541e+06 1.2315e+06 128234152
0.196867 7.87273e+06 1.54988e+06 161437192
0.244187 7.98733e+06 1.9504e+06 203237288
0.316239 7.76054e+06 2.45418e+06 255860560
0.389344 7.93046e+06 3.08767e+06 322109288
0.491225 7.90684e+06 3.88404e+06 405511464
0.617125 7.91546e+06 4.88483e+06 510508616
0.792326 7.75169e+06 6.14187e+06 642692200
0.974055 7.92552e+06 7.71989e+06 809101456
1.26778 7.6507e+06 9.69942e+06 1018598328
