# filename: ./acpphint-OverDrive_1000-8192MiB-threads_4-LP64-FreeBSD_13_r363590M_64bit-g++_10_O3lto-libc++-DSIZE_d-ISIZE_ull-using_4_threads.txt
# acpphint_main version: 0.1.23

0.000105713 141894 15 1952
9.9609e-05 190746 19 2368
0.000101593 226394 23 2784
9.4665e-05 285216 27 3200
9.8113e-05 315962 31 3616
0.000103681 376154 39 4448
0.000104081 451571 47 5280
9.7705e-05 601812 58.8001 6528
9.8865e-05 711413 70.3338 7776
9.9537e-05 868570 86.4548 9440
0.000105185 1.01387e+06 106.644 11520
0.000100009 1.3044e+06 130.451 14016
0.000106633 1.52435e+06 162.546 17344
0.000105569 1.91483e+06 202.147 21504
0.000105201 2.42393e+06 255 26912
0.000111145 2.87012e+06 319 33568
0.000103457 3.84367e+06 397.655 41888
0.000103033 4.83334e+06 497.994 52288
0.000108609 5.75511e+06 625.057 65600
0.000112361 6.98754e+06 785.127 82240
0.000115321 8.57206e+06 988.538 103456
0.000118441 1.04864e+07 1242.02 130080
0.000116049 1.34762e+07 1563.9 163360
0.000121577 1.61671e+07 1965.54 205376
0.000131913 1.87023e+07 2467.07 258208
0.000147297 2.11423e+07 3114.2 324768
0.000159153 2.45762e+07 3911.38 408384
0.000186793 2.63011e+07 4912.86 514048
0.000221273 2.80541e+07 6207.61 646752
0.000246113 3.16888e+07 7799.04 813984
0.000285881 3.42494e+07 9791.26 1024480
0.000348537 3.55303e+07 12383.6 1289472
0.000426097 3.65032e+07 15553.9 1623104
0.000532761 3.66507e+07 19526.1 2043264
0.000664337 3.71955e+07 24710.4 2572000
0.000822905 3.77039e+07 31026.7 3237600
0.00101341 3.84231e+07 38938.4 4075424
0.00127813 3.85765e+07 49305.7 5130400
0.00157527 3.92912e+07 61894.1 6458688
0.00199814 3.88686e+07 77665.1 8130592
0.00252626 3.89481e+07 98393.2 10235552
0.00331845 3.72083e+07 123474 12885472
0.00442804 3.4983e+07 154906 16221376
0.00589025 3.33228e+07 196280 20421312
0.00784068 3.14154e+07 246318 25708672
0.010364 2.98109e+07 308961 32365088
0.0134513 2.90988e+07 391417 40744992
0.0175446 2.8005e+07 491336 51294752
0.0223207 2.76038e+07 616138 64575968
0.0283911 2.74881e+07 780415 81295840
0.0367943 2.66304e+07 979847 102345024
0.0464429 2.64487e+07 1.22836e+06 128844640
0.0585864 2.65493e+07 1.55543e+06 162205344
0.0741121 2.6354e+07 1.95315e+06 204204288
0.0935063 2.61743e+07 2.44746e+06 257077888
0.11812 2.62255e+07 3.09776e+06 323641632
0.152074 2.55765e+07 3.88952e+06 407440256
0.18794 2.59158e+07 4.87062e+06 512936608
0.237493 2.5938e+07 6.16009e+06 645748768
0.297775 2.5962e+07 7.73084e+06 812949152
0.3764 2.56901e+07 9.66976e+06 1023442240
0.481462 2.53658e+07 1.22127e+07 1288437152
0.598271 2.55869e+07 1.53079e+07 1622045856
