# filename: ./acpphint-OverDrive_1000-8192MiB-threads_4-LP64-FreeBSD_13_r363590M_64bit-g++_10_O3lto-libc++-cpulockdown-DSIZE_ld-ISIZE_ull-using_2_threads-cpus_0_2.txt
# acpphint_main version: 0.1.23

6.676e-05 104853 7 1680
7.1104e-05 126575 9 2064
9.9351e-05 110719 11 2448
0.0001016 127953 13 2832
0.000102664 146108 15 3216
0.000104753 181379 19 3984
0.000103968 221222 23 4752
0.000111551 259374 28.9334 5904
0.000120528 288551 34.7785 7056
0.000112832 379489 42.8186 8592
0.00013624 388157 52.8825 10512
0.000147552 439261 64.8139 12816
0.000161312 501181 80.8465 15888
0.000171848 586069 100.715 19728
0.000201048 631690 127 24720
0.000219864 723174 159 30864
0.000258752 767329 198.548 38544
0.000324624 766020 248.668 48144
0.000366608 852052 312.369 60432
0.000440472 890791 392.369 75792
0.00053608 921854 494.187 95376
0.000654609 949241 621.382 119952
0.000798888 978804 781.955 150672
0.000971713 1.01182e+06 983.196 189456
0.00120875 1.02181e+06 1235.11 238224
0.00152628 1.02038e+06 1557.38 299664
0.00189332 1.03372e+06 1957.15 376848
0.00237356 1.03662e+06 2460.48 474384
0.00292313 1.06205e+06 3104.51 596880
0.00371007 1.05202e+06 3903.08 751248
0.00466523 1.05136e+06 4904.82 945552
0.00585134 1.05842e+06 6193.2 1190160
0.00735142 1.05895e+06 7784.79 1498128
0.00925768 1.05673e+06 9782.89 1885968
0.0116682 1.05908e+06 12357.6 2374032
0.0146901 1.05717e+06 15530 2988432
0.0184539 1.05731e+06 19511.5 3761808
0.0233747 1.05484e+06 24656.6 4735632
0.0294381 1.05245e+06 30982.2 5961744
0.0370994 1.04913e+06 38922 7505040
0.0469054 1.04898e+06 49202.8 9448080
0.0595448 1.03808e+06 61812.1 11894160
0.0751948 1.03257e+06 77643.9 14973456
0.0952685 1.0304e+06 98164.9 18850320
0.119838 1.0291e+06 123325 23730960
0.151981 1.01918e+06 154896 29875344
0.191384 1.02317e+06 195819 37610640
0.241521 1.01879e+06 246061 47348880
0.305458 1.01164e+06 309013 59608464
0.385405 1.01354e+06 390623 75042192
0.486799 1.00851e+06 490944 94472208
0.608702 1.01276e+06 616472 118933392
0.767352 1.01547e+06 779224 149727888
0.969614 1.01024e+06 979547 188496144
1.22281 1.00575e+06 1.22985e+06 237302544
