# filename: ./acpphint-OverDrive_1000-8192MiB-threads_4-LP64-FreeBSD_13_r363590M_64bit-g++_10_O3lto-libc++-cpulockdown-DSIZE_ld-ISIZE_ull-using_3_threads-cpus_0_1_2.txt
# acpphint_main version: 0.1.23

9.0576e-05 121445 11 2520
9.1008e-05 153833 14 3096
9.2712e-05 183364 17 3672
9.668e-05 206868 20 4248
0.000104208 220712 23 4824
0.000104904 276443 29 5976
0.000108728 321904 35 7128
0.000118392 370521 43.8667 8856
0.000117008 449167 52.5562 10584
0.000121632 531412 64.6367 12888
0.000134304 593901 79.7633 15768
0.000142592 684695 97.6321 19224
0.000161152 755162 121.696 23832
0.00017404 870092 151.431 29592
0.000199936 955306 191 37080
0.00023468 1.01841e+06 239 46296
0.00026504 1.12474e+06 298.101 57816
0.000320776 1.16384e+06 373.332 72216
0.000375664 1.2477e+06 468.716 90648
0.000445864 1.32046e+06 588.747 113688
0.000542504 1.36656e+06 741.364 143064
0.000659688 1.41235e+06 931.71 179928
0.000810384 1.44737e+06 1172.93 226008
0.000990728 1.48817e+06 1474.37 284184
0.00122066 1.51648e+06 1851.11 357336
0.0015217 1.53498e+06 2335.79 449496
0.00189821 1.54581e+06 2934.28 565272
0.00236459 1.55913e+06 3686.71 711576
0.0029701 1.56765e+06 4656.07 895320
0.00371777 1.57382e+06 5851.09 1126872
0.00467736 1.571e+06 7348.14 1418328
0.00588203 1.57913e+06 9288.48 1785240
0.00739469 1.57809e+06 11669.5 2247192
0.0092957 1.57651e+06 14654.8 2828952
0.0117398 1.57875e+06 18534.3 3561048
0.0147402 1.57928e+06 23278.9 4482648
0.0185659 1.57417e+06 29225.9 5642712
0.0235497 1.57039e+06 36982.4 7103448
0.0295752 1.57024e+06 46440.1 8942616
0.0375147 1.55398e+06 58297 11257560
0.0471735 1.56449e+06 73802.8 14172120
0.0595169 1.55671e+06 92650.6 17841240
0.0754324 1.54162e+06 116288 22460184
0.0950684 1.54879e+06 147241 28275480
0.120113 1.53899e+06 184852 35596440
0.152494 1.52123e+06 231977 44813016
0.193094 1.52099e+06 293694 56415960
0.24244 1.52127e+06 368817 71023320
0.305661 1.51398e+06 462765 89412696
0.386075 1.51737e+06 585819 112563288
0.483446 1.52213e+06 735868 141708312
0.612301 1.50769e+06 923163 178400088
0.773094 1.51148e+06 1.16852e+06 224591832
0.972502 1.50974e+06 1.46822e+06 282744216
1.22198 1.50708e+06 1.84161e+06 355953816
