# filename: ./acpphint-OverDrive_1000-8192MiB-threads_4-LP64-FreeBSD_13_r363590M_64bit-g++_10_O3lto-libc++-cpulockdown-DSIZE_ld-ISIZE_ull-using_4_threads-cpus_0_1_2_3.txt
# acpphint_main version: 0.1.23

0.000124849 120145 15 3360
0.000115041 165159 19 4128
0.000124041 185423 23 4896
0.000114513 235781 27 5664
0.000119753 258866 31 6432
0.000121065 322141 39 7968
0.000130273 360781 47 9504
0.000127545 461014 58.8001 11808
0.000138649 507280 70.3339 14112
0.000142657 606033 86.4548 17184
0.000157089 678874 106.644 21024
0.000168449 774427 130.451 25632
0.000185153 877902 162.546 31776
0.000204409 988935 202.147 39456
0.000222641 1.14534e+06 255 49440
0.000253961 1.2561e+06 319 61728
0.000290969 1.36666e+06 397.655 77088
0.000348993 1.42695e+06 497.994 96288
0.000407441 1.53411e+06 625.057 120864
0.000475753 1.65028e+06 785.128 151584
0.000564657 1.75069e+06 988.539 190752
0.000686625 1.80889e+06 1242.03 239904
0.000839921 1.86197e+06 1563.9 301344
0.00100863 1.94872e+06 1965.55 378912
0.00125287 1.96915e+06 2467.08 476448
0.00153247 2.03214e+06 3114.21 599328
0.00191538 2.04209e+06 3911.39 753696
0.00236806 2.07465e+06 4912.88 948768
0.00296997 2.09014e+06 6207.64 1193760
0.00372262 2.09505e+06 7799.09 1502496
0.00468243 2.09108e+06 9791.35 1891104
0.0058905 2.10233e+06 12383.8 2380320
0.00743581 2.09179e+06 15554.1 2996256
0.00919281 2.1241e+06 19526.4 3771936
0.0115937 2.13141e+06 24711 4748064
0.01479 2.09788e+06 31027.7 5976864
0.018658 2.08703e+06 38939.8 7523616
0.0235292 2.09561e+06 49308.1 9471264
0.0300279 2.06134e+06 61897.9 11923488
0.0377721 2.05631e+06 77671 15010080
0.0478047 2.05843e+06 98402.6 18896160
0.0604047 2.04436e+06 123489 23788320
0.076006 2.03839e+06 154930 29946912
0.0962079 2.04056e+06 196318 37700640
0.121689 2.02464e+06 246377 47461920
0.152539 2.02607e+06 309054 59750688
0.193589 2.02266e+06 391566 75221280
0.243287 2.02054e+06 491572 94697760
0.305716 2.0166e+06 616508 119216928
0.38797 2.01306e+06 781008 150084384
0.487768 2.01076e+06 980783 188944416
0.612968 2.00635e+06 1.22983e+06 237866784
0.771176 2.02002e+06 1.55779e+06 299455776
0.979252 1.99833e+06 1.95687e+06 376992288
1.23008 1.99442e+06 2.4533e+06 474605088
