# filename: ./acpphint-OverDrive_1000-8192MiB-threads_4-LP64-FreeBSD_13_r363590M_64bit-g++_10_O3lto-libc++-DSIZE_d-ISIZE_ull-using_2_threads-cpus_1_3.txt
# acpphint_main version: 0.1.23

6.6105e-05 105892 7 976
5.7593e-05 156269 9 1184
5.8913e-05 186716 11 1392
6.8409e-05 190033 13 1600
6.0857e-05 246479 15 1808
6.5977e-05 287979 19 2224
7.0857e-05 324597 23 2640
6.6001e-05 438378 28.9334 3264
6.9145e-05 502979 34.7785 3888
6.5625e-05 652473 42.8186 4720
7.2489e-05 729525 52.8825 5760
6.5609e-05 987881 64.8139 7008
6.4641e-05 1.2507e+06 80.8465 8672
6.7153e-05 1.49978e+06 100.715 10752
6.8585e-05 1.85172e+06 127 13456
6.4401e-05 2.46891e+06 159 16784
7.3649e-05 2.69587e+06 198.548 20944
6.6561e-05 3.73595e+06 248.668 26144
6.4537e-05 4.84016e+06 312.369 32800
7.8457e-05 5.00106e+06 392.368 41120
8.2489e-05 5.99095e+06 494.187 51728
8.7354e-05 7.11337e+06 621.381 65040
8.7728e-05 8.91339e+06 781.954 81680
9.5752e-05 1.02681e+07 983.195 102688
0.000111361 1.10911e+07 1235.11 129104
0.000119161 1.30695e+07 1557.38 162384
0.000132681 1.47508e+07 1957.15 204192
0.000150737 1.63229e+07 2460.47 257024
0.000179657 1.72802e+07 3104.5 323376
0.00021016 1.85719e+07 3903.06 406992
0.000248833 1.97112e+07 4904.8 512240
0.000301224 2.056e+07 6193.17 644736
0.000361449 2.15376e+07 7784.73 811552
0.000436513 2.24113e+07 9782.8 1021632
0.000553561 2.23235e+07 12357.4 1286000
0.000675593 2.29869e+07 15529.8 1618800
0.000941697 2.07191e+07 19511.1 2037712
0.00118354 2.08325e+07 24656 2565200
0.00150238 2.06215e+07 30981.3 3229344
0.00191375 2.03374e+07 38920.5 4065296
0.00242018 2.03292e+07 49200.5 5117776
0.00301937 2.04706e+07 61808.3 6442736
0.0038238 2.03039e+07 77637.9 8110688
0.004861 2.01924e+07 98155.5 10210656
0.00630266 1.95648e+07 123310 12854336
0.00830935 1.86383e+07 154872 16182544
0.0107076 1.82843e+07 195782 20372496
0.0140059 1.75642e+07 246001 25647376
0.0180001 1.71621e+07 308919 32287984
0.0231526 1.68652e+07 390474 40647920
0.0300496 1.633e+07 490710 51172512
0.0380409 1.61958e+07 616102 64422320
0.0482838 1.61262e+07 778634 81102672
0.0608915 1.60714e+07 978613 102102144
0.0772441 1.59026e+07 1.22838e+06 128538944
0.0992762 1.56339e+07 1.55207e+06 161820816
0.125739 1.55139e+07 1.95071e+06 203720128
0.157158 1.55746e+07 2.44767e+06 256468304
0.197368 1.56633e+07 3.09143e+06 322874384
0.249609 1.5563e+07 3.88467e+06 406474576
0.314396 1.54943e+07 4.87135e+06 511721120
0.395139 1.55595e+07 6.14818e+06 644218576
0.498162 1.54995e+07 7.72125e+06 811022928
0.637069 1.51816e+07 9.67175e+06 1021017232
0.789226 1.54462e+07 1.21905e+07 1285384400
0.996741 1.53389e+07 1.52889e+07 1618202912
