# filename: ./acpphint-OverDrive_1000-8192MiB-threads_4-LP64-FreeBSD_13_r363590M_64bit-g++_10_O3lto-libc++-DSIZE_ld-ISIZE_ull-using_2_threads-cpus_1_3.txt
# acpphint_main version: 0.1.23

7.3265e-05 95543.6 7 1680
7.4233e-05 121240 9 2064
7.3401e-05 149862 11 2448
7.7873e-05 166938 13 2832
8.0897e-05 185421 15 3216
8.1705e-05 232544 19 3984
8.4457e-05 272328 23 4752
9.5097e-05 304252 28.9334 5904
9.5705e-05 363392 34.7785 7056
0.000105481 405936 42.8186 8592
0.000116385 454376 52.8825 10512
0.000128193 505596 64.8139 12816
0.000145177 556882 80.8465 15888
0.000161353 624189 100.715 19728
0.000182241 696879 127 24720
0.000211337 752353 159 30864
0.000249593 795486 198.548 38544
0.000302761 821336 248.668 48144
0.000358041 872440 312.369 60432
0.000433593 904924 392.369 75792
0.000529681 932990 494.187 95376
0.000645593 962498 621.382 119952
0.000804641 971806 781.955 150672
0.000983945 999239 983.196 189456
0.00122116 1.01143e+06 1235.11 238224
0.00151863 1.02551e+06 1557.38 299664
0.00189172 1.03459e+06 1957.15 376848
0.00236523 1.04027e+06 2460.48 474384
0.00294884 1.05279e+06 3104.51 596880
0.00370706 1.05287e+06 3903.08 751248
0.00464794 1.05527e+06 4904.82 945552
0.0058221 1.06374e+06 6193.2 1190160
0.00732619 1.0626e+06 7784.79 1498128
0.0092134 1.06181e+06 9782.89 1885968
0.0115949 1.06577e+06 12357.6 2374032
0.0146789 1.05798e+06 15530 2988432
0.0184434 1.05791e+06 19511.5 3761808
0.0232626 1.05993e+06 24656.6 4735632
0.0293321 1.05626e+06 30982.2 5961744
0.0369154 1.05436e+06 38922 7505040
0.0466109 1.05561e+06 49202.8 9448080
0.0593604 1.0413e+06 61812.1 11894160
0.0752975 1.03116e+06 77643.9 14973456
0.0951552 1.03163e+06 98164.9 18850320
0.120912 1.01996e+06 123325 23730960
0.152579 1.01519e+06 154896 29875344
0.193186 1.01363e+06 195819 37610640
0.244619 1.00589e+06 246061 47348880
0.30816 1.00277e+06 309013 59608464
0.386167 1.01154e+06 390623 75042192
0.490057 1.00181e+06 490944 94472208
0.618645 996488 616472 118933392
0.771527 1.00998e+06 779224 149727888
0.971464 1.00832e+06 979547 188496144
1.22485 1.00408e+06 1.22985e+06 237302544
