# filename: ./acpphint-RPi5-8192MiB-threads_4-LP64-RasPiOS64_2712_64bit-g++_12_O3lto-libstdc++-cpulockdown-DSIZE_ul-ISIZE_ul-using_2_threads-cpus_1_2.txt
# acpphint_main version: 0.1.38

5.0575e-05 138408 7 976
4.9797e-05 180734 9 1184
5.1186e-05 214903 11 1392
5.0446e-05 257701 13 1600
4.9797e-05 301223 15 1808
5.0186e-05 378592 19 2224
5.0075e-05 459311 23 2640
5.0612e-05 571671 28.9334 3264
5.15e-05 675310 34.7785 3888
5.0908e-05 841097 42.8186 4720
5.1556e-05 1.02573e+06 52.8825 5760
5.1464e-05 1.2594e+06 64.8139 7008
5.1149e-05 1.58061e+06 80.8465 8672
5.1482e-05 1.95631e+06 100.715 10752
5.0909e-05 2.49465e+06 127 13456
5.1557e-05 3.08397e+06 159 16784
5.226e-05 3.79923e+06 198.548 20944
5.1908e-05 4.79056e+06 248.668 26144
5.3834e-05 5.80245e+06 312.369 32800
5.4186e-05 7.24114e+06 392.369 41120
5.6019e-05 8.82178e+06 494.187 51728
5.6501e-05 1.09977e+07 621.382 65040
5.8946e-05 1.32656e+07 781.955 81680
6.1519e-05 1.5982e+07 983.196 102688
6.4834e-05 1.90504e+07 1235.11 129104
6.9853e-05 2.22951e+07 1557.38 162384
7.1927e-05 2.72103e+07 1957.15 204192
8.2334e-05 2.98841e+07 2460.47 257024
8.7427e-05 3.55097e+07 3104.51 323376
9.7612e-05 3.99856e+07 3903.07 406992
0.000113613 4.31713e+07 4904.82 512240
0.00012926 4.79127e+07 6193.19 644736
0.000148742 5.23375e+07 7784.78 811552
0.000172927 5.65723e+07 9782.87 1021632
0.000204909 6.03074e+07 12357.5 1286000
0.000245225 6.33295e+07 15530 1618800
0.000297261 6.56372e+07 19511.4 2037712
0.000371781 6.63199e+07 24656.5 2565200
0.000837616 3.69883e+07 30982 3229344
0.0016282 2.39048e+07 38921.7 4065296
0.0030645 1.60556e+07 49202.3 5117776
0.00433514 1.42582e+07 61811.3 6442736
0.00657115 1.18157e+07 77642.6 8110688
0.0089027 1.10262e+07 98162.9 10210656
0.0114792 1.07431e+07 123322 12854336
0.0153981 1.00591e+07 154891 16182544
0.0197126 9.93329e+06 195811 20372496
0.0255295 9.63778e+06 246048 25647376
0.0324347 9.52659e+06 308992 32287984
0.0414278 9.42823e+06 390591 40647920
0.0532185 9.22412e+06 490894 51172512
0.0670748 9.18962e+06 616392 64422320
0.0845534 9.21426e+06 779097 81102672
0.107271 9.12963e+06 979346 102102144
0.135529 9.07207e+06 1.22953e+06 128538944
0.169177 9.18513e+06 1.55391e+06 161820816
0.214492 9.10811e+06 1.95361e+06 203720128
0.276488 8.86928e+06 2.45225e+06 256468304
0.344856 8.98561e+06 3.09874e+06 322874384
0.434664 8.9638e+06 3.89624e+06 406474576
0.541253 9.03375e+06 4.88954e+06 511721120
0.692212 8.92388e+06 6.17721e+06 644218576
0.868678 8.94131e+06 7.76712e+06 811022928
1.09971 8.86037e+06 9.74384e+06 1021017232
