# filename: ./acpphint-RPi5-8192MiB-threads_4-LP64-RasPiOS64_2712_64bit-g++_12_O3lto-libstdc++-cpulockdown-DSIZE_ull-ISIZE_ull-using_3_threads_creation_untimed-cpus_1_2_3.txt
# acpphint_main version: 0.1.38

1.5908e-05 691476 11 1464
1.5927e-05 879010 14 1776
1.5982e-05 1.0637e+06 17 2088
1.5945e-05 1.25431e+06 20 2400
1.5982e-05 1.43912e+06 23 2712
1.6075e-05 1.80404e+06 29 3336
1.613e-05 2.16987e+06 35 3960
1.6185e-05 2.71033e+06 43.8667 4896
1.6204e-05 3.24341e+06 52.5562 5832
1.626e-05 3.9752e+06 64.6367 7080
1.6593e-05 4.80705e+06 79.7633 8640
1.6482e-05 5.92356e+06 97.6321 10512
1.6778e-05 7.2533e+06 121.696 13008
1.6964e-05 8.92659e+06 151.431 16128
1.7501e-05 1.09137e+07 191 20184
1.7705e-05 1.3499e+07 239 25176
1.813e-05 1.64424e+07 298.101 31416
1.8667e-05 1.99996e+07 373.332 39216
1.9427e-05 2.4127e+07 468.716 49200
2.0353e-05 2.89268e+07 588.747 61680
2.152e-05 3.445e+07 741.364 77592
2.2964e-05 4.05726e+07 931.71 97560
2.5057e-05 4.68104e+07 1172.93 122520
2.7464e-05 5.36839e+07 1474.37 154032
3.0242e-05 6.12098e+07 1851.11 193656
3.3148e-05 7.04654e+07 2335.79 243576
3.8205e-05 7.68034e+07 2934.27 306288
4.4686e-05 8.25025e+07 3686.7 385536
5.2815e-05 8.8158e+07 4656.07 485064
6.2612e-05 9.34499e+07 5851.08 610488
7.5853e-05 9.68733e+07 7348.13 768360
9.1464e-05 1.01553e+08 9288.46 967104
0.000111353 1.04797e+08 11669.4 1217328
0.000124353 1.17848e+08 14654.7 1532448
0.000212742 8.71205e+07 18534.2 1929000
0.000454576 5.12098e+07 23278.8 2428200
0.000799318 3.65633e+07 29225.7 3056568
0.00133212 2.77619e+07 36982.1 3847800
0.0022104 2.10096e+07 46439.6 4844016
0.00352844 1.65218e+07 58296.3 6097944
0.00527011 1.40038e+07 73801.6 7676664
0.00732052 1.2656e+07 92648.8 9664104
0.00999665 1.16324e+07 116285 12166032
0.0132385 1.11219e+07 147237 15315984
0.0172775 1.06986e+07 184844 19281504
0.0226621 1.02358e+07 231965 24273816
0.0287548 1.02131e+07 293675 30558744
0.0369565 9.97897e+06 368788 38471064
0.0470903 9.82621e+06 462719 48431976
0.0596584 9.81833e+06 585745 60971880
0.0760237 9.67792e+06 735751 76758768
0.0960399 9.61038e+06 922980 96633480
0.121159 9.6421e+06 1.16823e+06 121654008
0.153082 9.58808e+06 1.46776e+06 153153216
0.193278 9.52454e+06 1.84089e+06 192808416
0.244363 9.5336e+06 2.32966e+06 242731224
0.309083 9.47185e+06 2.92759e+06 305580192
0.392714 9.34751e+06 3.6709e+06 384702456
0.488857 9.50084e+06 4.64455e+06 484311576
0.616848 9.4633e+06 5.83741e+06 609711864
0.773378 9.46121e+06 7.31709e+06 767581680
0.977243 9.47031e+06 9.2548e+06 966327864
1.24111 9.37202e+06 1.16317e+07 1216534392
