# filename: ./acpphint-RPi5-8192MiB-threads_4-LP64-RasPiOS64_2712_64bit-g++_12_O3lto-libstdc++-cpulockdown-DSIZE_ul-ISIZE_ul-using_2_threads_creation_untimed-cpus_0_1.txt
# acpphint_main version: 0.1.38

9.463e-06 739723 7 976
9.315e-06 966184 9 1184
9.297e-06 1.18318e+06 11 1392
9.537e-06 1.36311e+06 13 1600
9.538e-06 1.57266e+06 15 1808
9.649e-06 1.96912e+06 19 2224
9.648e-06 2.38391e+06 23 2640
9.704e-06 2.9816e+06 28.9334 3264
9.816e-06 3.54304e+06 34.7785 3888
9.945e-06 4.30554e+06 42.8186 4720
9.927e-06 5.32714e+06 52.8825 5760
1.0001e-05 6.48074e+06 64.8139 7008
9.741e-06 8.29961e+06 80.8465 8672
1.0501e-05 9.59096e+06 100.715 10752
1.0815e-05 1.17429e+07 127 13456
1.1241e-05 1.41446e+07 159 16784
1.1686e-05 1.69902e+07 198.548 20944
1.2315e-05 2.01923e+07 248.668 26144
1.3075e-05 2.38906e+07 312.369 32800
1.413e-05 2.77685e+07 392.369 41120
1.5427e-05 3.20339e+07 494.187 51728
1.2852e-05 4.8349e+07 621.382 65040
1.8963e-05 4.12358e+07 781.955 81680
2.139e-05 4.59652e+07 983.196 102688
2.0426e-05 6.04677e+07 1235.11 129104
2.8371e-05 5.48934e+07 1557.38 162384
3.2983e-05 5.93383e+07 1957.15 204192
3.5241e-05 6.98185e+07 2460.47 257024
4.3019e-05 7.2166e+07 3104.51 323376
5.263e-05 7.41606e+07 3903.07 406992
6.4908e-05 7.55657e+07 4904.82 512240
8.0686e-05 7.67567e+07 6193.19 644736
0.00010189 7.64037e+07 7784.78 811552
0.000128427 7.61746e+07 9782.87 1021632
0.000157686 7.8368e+07 12357.5 1286000
0.000196835 7.88985e+07 15530 1618800
0.00024728 7.8904e+07 19511.4 2037712
0.000303502 8.12399e+07 24656.5 2565200
0.000732577 4.22918e+07 30982 3229344
0.00142451 2.73229e+07 38921.7 4065296
0.00283783 1.7338e+07 49202.3 5117776
0.00421192 1.46753e+07 61811.3 6442736
0.00629621 1.23316e+07 77642.6 8110688
0.00861305 1.1397e+07 98162.9 10210656
0.0112948 1.09185e+07 123322 12854336
0.0152813 1.0136e+07 154891 16182544
0.0194039 1.00913e+07 195811 20372496
0.0254692 9.66061e+06 246048 25647376
0.0325864 9.48226e+06 308992 32287984
0.0409032 9.54915e+06 390591 40647920
0.0532839 9.2128e+06 490894 51172512
0.0660511 9.33205e+06 616392 64422320
0.0842656 9.24573e+06 779097 81102672
0.107376 9.12072e+06 979346 102102144
0.135058 9.10372e+06 1.22953e+06 128538944
0.170958 9.08943e+06 1.55391e+06 161820816
0.214473 9.10891e+06 1.95361e+06 203720128
0.276619 8.86506e+06 2.45225e+06 256468304
0.344057 9.00648e+06 3.09874e+06 322874384
0.430882 9.04247e+06 3.89624e+06 406474576
0.545948 8.95605e+06 4.88954e+06 511721120
0.684469 9.02482e+06 6.17721e+06 644218576
0.863596 8.99393e+06 7.76712e+06 811022928
1.1028 8.83558e+06 9.74384e+06 1021017232
