# filename: ./acpphint-RPi5-8192MiB-threads_4-LP64-RasPiOS64_2712_64bit-g++_12_O3lto-libstdc++-cpulockdown-DSIZE_ul-ISIZE_ul-using_2_threads_creation_untimed-cpus_1_2.txt
# acpphint_main version: 0.1.38

9.556e-06 732524 7 976
9.556e-06 941817 9 1184
9.482e-06 1.16009e+06 11 1392
9.611e-06 1.35262e+06 13 1600
9.667e-06 1.55167e+06 15 1808
9.704e-06 1.95796e+06 19 2224
5.63e-06 4.08526e+06 23 2640
9.741e-06 2.97027e+06 28.9334 3264
9.834e-06 3.53655e+06 34.7785 3888
9.945e-06 4.30554e+06 42.8186 4720
9.945e-06 5.3175e+06 52.8825 5760
1.0149e-05 6.38624e+06 64.8139 7008
1.0371e-05 7.79544e+06 80.8465 8672
1.0519e-05 9.57455e+06 100.715 10752
1.0908e-05 1.16428e+07 127 13456
1.1278e-05 1.40982e+07 159 16784
1.1686e-05 1.69902e+07 198.548 20944
1.2464e-05 1.99509e+07 248.668 26144
9.297e-06 3.35989e+07 312.369 32800
1.4204e-05 2.76238e+07 392.369 41120
1.5371e-05 3.21506e+07 494.187 51728
1.6834e-05 3.69123e+07 621.382 65040
1.8982e-05 4.11945e+07 781.955 81680
1.7371e-05 5.65999e+07 983.196 102688
2.039e-05 6.05744e+07 1235.11 129104
2.4278e-05 6.41478e+07 1557.38 162384
2.9057e-05 6.73557e+07 1957.15 204192
3.9519e-05 6.22606e+07 2460.47 257024
4.3148e-05 7.19502e+07 3104.51 323376
5.2816e-05 7.38994e+07 3903.07 406992
6.5149e-05 7.52861e+07 4904.82 512240
8.1038e-05 7.64233e+07 6193.19 644736
0.000100408 7.75314e+07 7784.78 811552
0.000127039 7.70069e+07 9782.87 1021632
0.000158705 7.78648e+07 12357.5 1286000
0.00019776 7.85294e+07 15530 1618800
0.000247224 7.89218e+07 19511.4 2037712
0.000297464 8.2889e+07 24656.5 2565200
0.000711171 4.35648e+07 30982 3229344
0.00139021 2.7997e+07 38921.7 4065296
0.00280931 1.7514e+07 49202.3 5117776
0.00413798 1.49375e+07 61811.3 6442736
0.00637668 1.2176e+07 77642.6 8110688
0.00875108 1.12172e+07 98162.9 10210656
0.0114445 1.07757e+07 123322 12854336
0.0152316 1.0169e+07 154891 16182544
0.0195906 9.99517e+06 195811 20372496
0.0252635 9.73928e+06 246048 25647376
0.0321184 9.62042e+06 308992 32287984
0.0412727 9.46365e+06 390591 40647920
0.0531136 9.24234e+06 490894 51172512
0.0665988 9.2553e+06 616392 64422320
0.0843632 9.23503e+06 779097 81102672
0.107265 9.13012e+06 979346 102102144
0.134825 9.11944e+06 1.22953e+06 128538944
0.169971 9.14222e+06 1.55391e+06 161820816
0.215413 9.06917e+06 1.95361e+06 203720128
0.274699 8.92703e+06 2.45225e+06 256468304
0.343367 9.02458e+06 3.09874e+06 322874384
0.432026 9.01853e+06 3.89624e+06 406474576
0.539166 9.06872e+06 4.88954e+06 511721120
0.686034 9.00424e+06 6.17721e+06 644218576
0.868294 8.94526e+06 7.76712e+06 811022928
1.09701 8.88221e+06 9.74384e+06 1021017232
