# filename: ./acpphint-MacchDblShot-16384MiB-threads_4-LP64-FreeBSD_13_r363590M_64bit-g++_10_O3lto-libc++-DSIZE_f-ISIZE_ui-using_2_threads-cpus_1_3.txt
# acpphint_main version: 0.1.23

6.38e-05 109748 7.00195 560
6.788e-05 132609 9.00153 664
6.412e-05 171553 11 768
6.636e-05 195901 13 872
5.976e-05 251004 15 976
6.04e-05 314519 18.997 1184
6.596e-05 348697 23 1392
7.196e-05 401981 28.9266 1704
5.708e-05 609037 34.7639 2016
6.456e-05 662897 42.7966 2432
5.956e-05 886958 52.8272 2952
6.212e-05 1.04217e+06 64.7398 3576
6.752e-05 1.1953e+06 80.7064 4408
6.856e-05 1.46641e+06 100.537 5448
7.244e-05 1.74973e+06 126.75 6800
5.988e-05 2.6476e+06 158.538 8464
6.608e-05 2.99609e+06 197.981 10544
6.58e-05 3.7647e+06 247.717 13144
6.504e-05 4.78035e+06 310.914 16472
6.364e-05 6.12743e+06 389.95 20632
7.144e-05 6.85558e+06 489.763 25936
7.856e-05 7.8111e+06 613.64 32592
7.708e-05 9.96181e+06 767.856 40912
8.56e-05 1.12205e+07 960.473 51416
