# filename: ./acpphint-MacchDblShot-16384MiB-threads_4-LP64-FreeBSD_13_r363590M_64bit-g++_10_O3lto-libc++-cpulockdown-DSIZE_s-ISIZE_s-using_1_threads.txt
# acpphint_main version: 0.1.23

8.07407e-08 1.23853e+07 1 124
1.16667e-07 1.69665e+07 1.97942 150
1.54074e-07 1.91874e+07 2.95628 176
1.90476e-07 2.05195e+07 3.90847 202
2.26667e-07 2.14515e+07 4.86235 228
2.64e-07 2.2084e+07 5.83019 254
3e-07 2.24777e+07 6.74332 280
3.74e-07 2.28817e+07 8.55776 332
4.57778e-07 2.26242e+07 10.3569 384
5.62857e-07 2.30793e+07 12.9903 462
6.73333e-07 2.30219e+07 15.5014 540
8.2e-07 2.28877e+07 18.7679 644
1.01e-06 2.25126e+07 22.7377 774
1.22e-06 2.22827e+07 27.1849 930
1.52e-06 2.14963e+07 32.6744 1138
1.88e-06 2.08629e+07 39.2222 1398
2.36e-06 1.97758e+07 46.6708 1736
2.92e-06 1.87762e+07 54.8265 2152
3.64e-06 1.7604e+07 64.0787 2672
4.6e-06 1.6082e+07 73.9773 3322
