# filename: ./acpphint-MacchDblShot-16384MiB-threads_4-LP64-FreeBSD_13_r363590M_64bit-g++_10_O3lto-libc++-DSIZE_ui-ISIZE_ui-using_3_threads-cpus_0_1_2.txt
# acpphint_main version: 0.1.23

8.316e-05 132255 10.9984 840
7.98e-05 175404 13.9972 996
8.124e-05 209204 16.9957 1152
8.34e-05 239739 19.9942 1308
8.256e-05 278492 22.9923 1464
7.564e-05 383231 28.9876 1776
8.164e-05 428486 34.9816 2088
7.732e-05 566965 43.8378 2556
8.388e-05 626064 52.5142 3024
8.324e-05 775752 64.5736 3648
8.404e-05 947977 79.668 4428
8.128e-05 1.1994e+06 97.4871 5364
8.644e-05 1.40526e+06 121.471 6612
8.56e-05 1.76499e+06 151.083 8172
8.812e-05 2.16123e+06 190.448 10200
8.316e-05 2.86357e+06 238.135 12696
8.488e-05 3.49615e+06 296.753 15816
8.404e-05 4.41719e+06 371.22 19716
8.868e-05 5.248e+06 465.392 24708
8.3e-05 7.03025e+06 583.511 30948
8.564e-05 8.56018e+06 733.093 38904
9.284e-05 9.8951e+06 918.661 48888
8.884e-05 1.29708e+07 1152.32 61368
8.684e-05 1.66049e+07 1441.97 77124
8.872e-05 2.02916e+07 1800.27 96936
9.516e-05 2.37016e+07 2255.44 121896
0.00010288 2.73e+07 2808.63 153252
0.00011916 2.9292e+07 3490.43 192876
0.00012432 3.49691e+07 4347.35 242640
0.00013836 3.88237e+07 5371.65 305352
0.00016068 4.11215e+07 6607.4 384288
0.00019416 4.19025e+07 8135.79 483660
0.00022172 4.46778e+07 9905.95 608772
