# filename: ./acpphint-MacchDblShot-16384MiB-threads_4-LP64-FreeBSD_13_r363590M_64bit-g++_10_O3lto-libc++-DSIZE_us-ISIZE_us-using_2_threads-cpus_0_2.txt
# acpphint_main version: 0.1.23

5.62e-05 121295 6.81679 352
5.348e-05 162364 8.68322 404
5.392e-05 195438 10.538 456
5.744e-05 215627 12.3856 508
5.664e-05 250183 14.1704 560
5.48e-05 322274 17.6606 664
5.476e-05 384968 21.0809 768
5.548e-05 469292 26.0363 924
5.368e-05 569456 30.5684 1080
5.544e-05 659776 36.578 1288
5.732e-05 765661 43.8877 1548
