# filename: ./acpphint-MacchDblShot-16384MiB-threads_4-LP64-FreeBSD_13_r363590M_64bit-g++_10_O3lto-libc++-cpulockdown-DSIZE_ld-ISIZE_ull-using_2_threads-cpus_2_3.txt
# acpphint_main version: 0.1.23

6.616e-05 105804 7 1680
6.7601e-05 133134 9 2064
8.236e-05 133560 11 2448
7.0401e-05 184656 13 2832
6.576e-05 228102 15 3216
7.576e-05 250792 19 3984
7.7599e-05 296396 23 4752
8.436e-05 342975 28.9334 5904
9.22e-05 377207 34.7785 7056
9.2481e-05 462998 42.8186 8592
9.8401e-05 537419 52.8825 10512
0.00010928 593099 64.8139 12816
0.000119319 677566 80.8465 15888
0.000137079 734720 100.715 19728
0.000153041 829843 127 24720
0.000177999 893263 159 30864
0.00020436 971559 198.548 38544
0.0002458 1.01167e+06 248.668 48144
0.000287441 1.08672e+06 312.369 60432
0.000347959 1.12763e+06 392.369 75792
0.000420519 1.17518e+06 494.187 95376
0.000512079 1.21345e+06 621.382 119952
0.00062624 1.24865e+06 781.955 150672
0.00076932 1.27801e+06 983.196 189456
0.000955079 1.29321e+06 1235.11 238224
0.00118292 1.31656e+06 1557.38 299664
0.00147292 1.32876e+06 1957.15 376848
0.00183568 1.34036e+06 2460.48 474384
0.00228684 1.35756e+06 3104.51 596880
0.00286912 1.36037e+06 3903.08 751248
0.00359348 1.36492e+06 4904.82 945552
0.00450768 1.37392e+06 6193.2 1190160
0.00566536 1.3741e+06 7784.79 1498128
0.00710956 1.37602e+06 9782.89 1885968
0.0089398 1.38231e+06 12357.6 2374032
0.0112589 1.37935e+06 15530 2988432
0.0141771 1.37627e+06 19511.5 3761808
0.0177971 1.38543e+06 24656.6 4735632
0.0224587 1.37952e+06 30982.2 5961744
0.0282445 1.37804e+06 38922 7505040
0.0356415 1.38049e+06 49202.8 9448080
0.0448762 1.37739e+06 61812.1 11894160
0.0564502 1.37544e+06 77643.9 14973456
0.0703133 1.39611e+06 98164.9 18850320
0.0885066 1.3934e+06 123325 23730960
0.111459 1.38971e+06 154896 29875344
0.139679 1.40192e+06 195819 37610640
0.175953 1.39845e+06 246061 47348880
0.221037 1.39801e+06 309013 59608464
0.276915 1.41062e+06 390623 75042192
0.349177 1.406e+06 490944 94472208
0.437865 1.4079e+06 616472 118933392
0.552273 1.41094e+06 779224 149727888
0.695767 1.40787e+06 979547 188496144
0.873234 1.40838e+06 1.22985e+06 237302544
1.10133 1.4114e+06 1.55442e+06 298746000
