# filename: ./acpphint-MacchDblShot-16384MiB-threads_4-LP64-FreeBSD_13_r363590M_64bit-g++_10_O3lto-libc++-cpulockdown-DSIZE_us-ISIZE_us-using_2_threads-cpus_1_3.txt
# acpphint_main version: 0.1.23

6.388e-05 106712 6.81679 352
6.388e-05 135930 8.68322 404
6.436e-05 163736 10.538 456
5.944e-05 208372 12.3856 508
6.348e-05 223226 14.1704 560
6.376e-05 276985 17.6606 664
6.636e-05 317674 21.0809 768
5.948e-05 437732 26.0363 924
6.596e-05 463438 30.5684 1080
6.64e-05 550873 36.578 1288
6.592e-05 665772 43.8877 1548
