# filename: ./acpphint-MacchDblShot-16384MiB-threads_4-LP64-FreeBSD_13_r363590M_64bit-g++_10_O3lto-libc++-cpulockdown-DSIZE_d-ISIZE_ull-using_2_threads-cpus_0_3.txt
# acpphint_main version: 0.1.23

6.128e-05 114230 7 976
5.94e-05 151515 9 1184
5.532e-05 198843 11 1392
6.2e-05 209677 13 1600
6.172e-05 243033 15 1808
5.912e-05 321380 19 2224
6e-05 383333 23 2640
6.236e-05 463974 28.9334 3264
6.408e-05 542735 34.7785 3888
6.26e-05 684002 42.8186 4720
6.312e-05 837809 52.8825 5760
6.372e-05 1.01717e+06 64.8139 7008
6.636e-05 1.2183e+06 80.8465 8672
6.904e-05 1.45879e+06 100.715 10752
6.108e-05 2.07924e+06 127 13456
6.176e-05 2.57448e+06 159 16784
6.116e-05 3.24637e+06 198.548 20944
5.736e-05 4.33522e+06 248.668 26144
5.46e-05 5.72105e+06 312.369 32800
5.216e-05 7.5224e+06 392.368 41120
5.48e-05 9.01801e+06 494.187 51728
5.74e-05 1.08255e+07 621.381 65040
6.372e-05 1.22717e+07 781.954 81680
6.808e-05 1.44418e+07 983.195 102688
7.6e-05 1.62515e+07 1235.11 129104
8.488e-05 1.8348e+07 1557.38 162384
9.64e-05 2.03024e+07 1957.15 204192
0.00011168 2.20314e+07 2460.47 257024
0.00012832 2.41934e+07 3104.5 323376
0.0001524 2.56106e+07 3903.06 406992
0.00018312 2.67846e+07 4904.8 512240
0.0002254 2.74763e+07 6193.17 644736
0.00027896 2.79063e+07 7784.73 811552
0.0003432 2.85047e+07 9782.8 1021632
0.00042936 2.8781e+07 12357.4 1286000
0.00055088 2.81909e+07 15529.8 1618800
0.00067208 2.90309e+07 19511.1 2037712
0.00084536 2.91663e+07 24656 2565200
0.00108452 2.85668e+07 30981.3 3229344
0.00141296 2.75454e+07 38920.5 4065296
0.00188724 2.60701e+07 49200.5 5117776
0.00242288 2.55103e+07 61808.3 6442736
0.00318904 2.43452e+07 77637.9 8110688
0.00405508 2.42056e+07 98155.5 10210656
0.00518716 2.37722e+07 123310 12854336
0.00672676 2.30233e+07 154872 16182544
0.0084954 2.30456e+07 195782 20372496
0.01003 2.45267e+07 246001 25647376
0.0129726 2.38133e+07 308919 32287984
0.0159134 2.45374e+07 390474 40647920
0.02045 2.39955e+07 490710 51172512
0.0259682 2.37252e+07 616102 64422320
0.0326728 2.38312e+07 778634 81102672
0.0411415 2.37865e+07 978613 102102144
0.0540299 2.27352e+07 1.22838e+06 128538944
0.0683629 2.27034e+07 1.55207e+06 161820816
0.0855356 2.28058e+07 1.95071e+06 203720128
0.108428 2.25741e+07 2.44767e+06 256468304
0.135397 2.28323e+07 3.09143e+06 322874384
0.16961 2.29036e+07 3.88467e+06 406474576
0.215555 2.25991e+07 4.87135e+06 511721120
0.272188 2.25879e+07 6.14818e+06 644218576
0.342032 2.25746e+07 7.72125e+06 811022928
0.430321 2.24757e+07 9.67175e+06 1021017232
0.542534 2.24696e+07 1.21905e+07 1285384400
0.66894 2.28555e+07 1.52889e+07 1618202912
