# filename: ./acpphint-MacchDblShot-16384MiB-threads_4-LP64-FreeBSD_13_r363590M_64bit-g++_10_O3lto-libc++-cpulockdown-DSIZE_us-ISIZE_us-using_2_threads-cpus_1_2.txt
# acpphint_main version: 0.1.23

5.5081e-05 123759 6.81679 352
5.5001e-05 157874 8.68322 404
5.6521e-05 186444 10.538 456
5.424e-05 228348 12.3856 508
6.3561e-05 222941 14.1704 560
5.6041e-05 315137 17.6606 664
5.7761e-05 364967 21.0809 768
5.7001e-05 456769 26.0363 924
5.7561e-05 531061 30.5684 1080
5.7761e-05 633264 36.578 1288
5.8441e-05 750974 43.8877 1548
