# filename: ./acpphint-MacchDblShot-16384MiB-threads_4-LP64-FreeBSD_13_r363590M_64bit-g++_10_O3lto-libc++-cpulockdown-DSIZE_f-ISIZE_ui-using_2_threads-cpus_2_3.txt
# acpphint_main version: 0.1.23

5.96e-05 117482 7.00195 560
5.328e-05 168948 9.00153 664
6.052e-05 181758 11 768
5.272e-05 246586 13 872
5.612e-05 267284 15 976
5.788e-05 328213 18.997 1184
5.54e-05 415163 23 1392
6.152e-05 470198 28.9266 1704
6.188e-05 561795 34.7639 2016
5.744e-05 745067 42.7966 2432
5.516e-05 957709 52.8272 2952
5.356e-05 1.20873e+06 64.7398 3576
5.616e-05 1.43708e+06 80.7064 4408
5.628e-05 1.78638e+06 100.537 5448
5.764e-05 2.199e+06 126.75 6800
5.608e-05 2.827e+06 158.538 8464
6.412e-05 3.08767e+06 197.981 10544
6.24e-05 3.96983e+06 247.717 13144
5.952e-05 5.22369e+06 310.914 16472
6.908e-05 5.6449e+06 389.95 20632
7.068e-05 6.9293e+06 489.763 25936
7.536e-05 8.14278e+06 613.64 32592
7.912e-05 9.70496e+06 767.856 40912
8.564e-05 1.12152e+07 960.473 51416
