# filename: ./acpphint-MacchDblShot-16384MiB-threads_4-LP64-FreeBSD_13_r363590M_64bit-g++_10_O3lto-libc++-DSIZE_d-ISIZE_ul-using_4_threads.txt
# acpphint_main version: 0.1.23

0.00010392 144342 15 1952
9.724e-05 195393 19 2368
0.00010332 222609 23 2784
0.00010348 260920 27 3200
0.00010424 297391 31 3616
0.00010108 385833 39 4448
0.00010472 448816 47 5280
9.968e-05 589888 58.8001 6528
0.00010348 679685 70.3338 7776
0.00010116 854634 86.4548 9440
9.788e-05 1.08954e+06 106.644 11520
0.00010412 1.25289e+06 130.451 14016
0.00010556 1.53985e+06 162.546 17344
0.0001026 1.97025e+06 202.147 21504
0.00010568 2.41294e+06 255 26912
0.00011248 2.83606e+06 319 33568
0.00010844 3.66705e+06 397.655 41888
0.00010796 4.61276e+06 497.994 52288
0.00010888 5.74079e+06 625.057 65600
0.00011736 6.68991e+06 785.127 82240
0.00011768 8.40022e+06 988.538 103456
0.00012212 1.01705e+07 1242.02 130080
0.00011928 1.31112e+07 1563.9 163360
0.0001192 1.64895e+07 1965.54 205376
0.00012384 1.99214e+07 2467.07 258208
0.00015016 2.07392e+07 3114.2 324768
0.00016376 2.38848e+07 3911.38 408384
0.0001836 2.67585e+07 4912.86 514048
0.00021084 2.94423e+07 6207.61 646752
0.00024604 3.16982e+07 7799.04 813984
0.0002742 3.57085e+07 9791.26 1024480
0.0003294 3.75945e+07 12383.6 1289472
0.00039512 3.9365e+07 15553.9 1623104
0.00049332 3.95809e+07 19526.1 2043264
0.00065824 3.75401e+07 24710.4 2572000
0.00092404 3.35773e+07 31026.7 3237600
0.00126432 3.07979e+07 38938.4 4075424
0.001691 2.91577e+07 49305.7 5130400
0.00224344 2.75889e+07 61894.1 6458688
0.00292948 2.65116e+07 77665.1 8130592
0.00379256 2.59437e+07 98393.2 10235552
0.00483012 2.55633e+07 123474 12885472
0.0061858 2.50422e+07 154906 16221376
0.00783632 2.50474e+07 196280 20421312
0.0100394 2.45352e+07 246318 25708672
0.0127868 2.41624e+07 308961 32365088
0.0162688 2.40593e+07 391417 40744992
0.0205144 2.39508e+07 491336 51294752
0.025884 2.38038e+07 616138 64575968
0.0326324 2.39154e+07 780415 81295840
0.041519 2.36e+07 979847 102345024
0.0525805 2.33615e+07 1.22836e+06 128844640
0.0657591 2.36535e+07 1.55543e+06 162205344
0.0828626 2.35709e+07 1.95315e+06 204204288
0.104411 2.34408e+07 2.44746e+06 257077888
0.131686 2.35238e+07 3.09776e+06 323641632
0.165473 2.35055e+07 3.88952e+06 407440256
0.207845 2.34339e+07 4.87062e+06 512936608
0.261852 2.35251e+07 6.16009e+06 645748768
0.329524 2.34606e+07 7.73084e+06 812949152
0.416401 2.32222e+07 9.66976e+06 1023442240
0.524838 2.32694e+07 1.22127e+07 1288437152
0.659813 2.32004e+07 1.53079e+07 1622045856
