# filename: ./acpphint-MacchDblShot-16384MiB-threads_4-LP64-FreeBSD_13_r363590M_64bit-g++_10_O3lto-libc++-DSIZE_f-ISIZE_ui-using_4_threads-cpus_0_1_2_3.txt
# acpphint_main version: 0.1.23

9.3001e-05 161289 15 1120
9.8961e-05 191964 18.9969 1328
9.3801e-05 245200 23 1536
9.4681e-05 285105 26.994 1744
9.6561e-05 320960 30.9922 1952
9.6401e-05 404370 38.9817 2368
9.4881e-05 495080 46.9737 2784
0.000101081 581173 58.7456 3408
9.7401e-05 721112 70.2371 4032
9.2721e-05 931006 86.3238 4864
9.4081e-05 1.13189e+06 106.49 5904
0.000100881 1.29036e+06 130.172 7152
9.6521e-05 1.67945e+06 162.102 8816
9.7161e-05 2.07408e+06 201.519 10896
9.5521e-05 2.65914e+06 254.004 13600
0.000102081 3.11014e+06 317.486 16928
0.000100521 3.93197e+06 395.245 21088
0.000102041 4.83645e+06 493.517 26288
0.000106681 5.78479e+06 617.127 32944
0.000106361 7.24978e+06 771.094 41264
0.000113761 8.48696e+06 965.485 51872
