# filename: ./acpphint-MacchDblShot-16384MiB-threads_4-LP64-FreeBSD_13_r363590M_64bit-g++_10_O3lto-libc++-DSIZE_f-ISIZE_ui-using_2_threads-cpus_0_1.txt
# acpphint_main version: 0.1.23

4.9722e-05 140822 7.00195 560
4.5281e-05 198793 9.00153 664
4.6281e-05 237679 11 768
4.5961e-05 282849 13 872
4.4801e-05 334814 15 976
4.3721e-05 434504 18.997 1184
4.6282e-05 496954 23 1392
4.5361e-05 637697 28.9266 1704
5.1202e-05 678955 34.7639 2016
5.468e-05 782674 42.7966 2432
4.9041e-05 1.07721e+06 52.8272 2952
4.9241e-05 1.31475e+06 64.7398 3576
5.1961e-05 1.55321e+06 80.7064 4408
4.9961e-05 2.01232e+06 100.537 5448
5.1481e-05 2.46208e+06 126.75 6800
5.1081e-05 3.10367e+06 158.538 8464
5.7722e-05 3.42991e+06 197.981 10544
5.1801e-05 4.78209e+06 247.717 13144
5.4161e-05 5.74055e+06 310.914 16472
5.604e-05 6.95842e+06 389.95 20632
5.8082e-05 8.43226e+06 489.763 25936
5.9842e-05 1.02543e+07 613.64 32592
6.4001e-05 1.19976e+07 767.856 40912
6.8921e-05 1.39358e+07 960.473 51416
