# filename: ./acpphint-MacchDblShot-16384MiB-threads_4-LP64-FreeBSD_13_r363590M_64bit-g++_10_O3lto-libc++-cpulockdown-DSIZE_d-ISIZE_ui-using_2_threads-cpus_0_1.txt
# acpphint_main version: 0.1.23

5.824e-05 120194 7.00012 912
5.9e-05 152544 9.0001 1104
5.696e-05 193120 11.0001 1296
6.32e-05 205696 13 1488
5.948e-05 252186 15 1680
5.664e-05 335442 18.9994 2064
5.836e-05 394087 22.9989 2448
5.804e-05 498486 28.9321 3024
6.192e-05 561633 34.7763 3600
6.564e-05 652296 42.8167 4368
5.972e-05 885461 52.8798 5328
5.836e-05 1.11049e+06 64.8082 6480
6.152e-05 1.31402e+06 80.8385 8016
5.892e-05 1.70918e+06 100.705 9936
6.36e-05 1.99661e+06 126.984 12432
6.864e-05 2.31601e+06 158.971 15504
6.316e-05 3.14286e+06 198.503 19344
6.052e-05 4.10764e+06 248.594 24144
5.856e-05 5.33218e+06 312.252 30288
6.144e-05 6.38306e+06 392.175 37968
6.36e-05 7.76565e+06 493.895 47760
6.7e-05 9.26755e+06 620.926 60048
6.696e-05 1.16674e+07 781.252 75408
7.308e-05 1.34361e+07 981.913 94800
8.12e-05 1.51858e+07 1233.09 119184
8.9e-05 1.74607e+07 1554 149904
9.932e-05 1.96519e+07 1951.83 188496
0.00011448 2.14179e+07 2451.93 237264
0.00013292 2.32537e+07 3090.88 298512
0.00015448 2.51237e+07 3881.11 375696
0.00018296 2.66172e+07 4869.88 472848
0.00022328 2.74918e+07 6138.38 595152
0.00027288 2.82099e+07 7697.93 749136
0.00032956 2.9266e+07 9644.9 943056
0.0004088 2.96916e+07 12137.9 1187088
0.00052584 2.88783e+07 15185.4 1494288
