# filename: ./acpphint-MacchDblShot-16384MiB-threads_4-LP64-FreeBSD_13_r363590M_64bit-g++_10_O3lto-libc++-cpulockdown-DSIZE_ld-ISIZE_ull-using_2_threads-cpus_0_2.txt
# acpphint_main version: 0.1.23

9.132e-05 76653.5 7 1680
9.292e-05 96857.5 9 2064
9.388e-05 117171 11 2448
9.672e-05 134409 13 2832
9.948e-05 150784 15 3216
0.00010056 188942 19 3984
0.0001046 219885 23 4752
0.00010068 287380 28.9334 5904
0.00010448 332872 34.7785 7056
0.00011464 373505 42.8186 8592
0.0001258 420370 52.8825 10512
0.00013316 486737 64.8139 12816
0.0001432 564570 80.8465 15888
0.00014532 693055 100.715 19728
0.0001782 712682 127 24720
0.00020036 793572 159 30864
0.000229 867021 198.548 38544
0.00025332 981638 248.668 48144
0.00031052 1.00596e+06 312.369 60432
0.00036884 1.06379e+06 392.369 75792
0.00044156 1.11919e+06 494.187 95376
0.000534 1.16364e+06 621.382 119952
0.00064744 1.20776e+06 781.955 150672
0.000782 1.25728e+06 983.196 189456
0.00097968 1.26073e+06 1235.11 238224
0.00119276 1.30569e+06 1557.38 299664
0.00148216 1.32047e+06 1957.15 376848
0.00185128 1.32907e+06 2460.48 474384
0.00230548 1.34658e+06 3104.51 596880
0.00287528 1.35746e+06 3903.08 751248
0.00359496 1.36436e+06 4904.82 945552
0.00451332 1.37221e+06 6193.2 1190160
0.00568392 1.36962e+06 7784.79 1498128
0.00714452 1.36929e+06 9782.89 1885968
0.00896184 1.37891e+06 12357.6 2374032
0.0112746 1.37743e+06 15530 2988432
0.0141854 1.37546e+06 19511.5 3761808
0.0178676 1.37996e+06 24656.6 4735632
0.0225403 1.37453e+06 30982.2 5961744
0.0282944 1.37561e+06 38922 7505040
0.035531 1.38478e+06 49202.8 9448080
0.0448576 1.37796e+06 61812.1 11894160
0.0560946 1.38416e+06 77643.9 14973456
0.0703698 1.39499e+06 98164.9 18850320
0.0884642 1.39407e+06 123325 23730960
0.111191 1.39306e+06 154896 29875344
0.13963 1.40241e+06 195819 37610640
0.175265 1.40394e+06 246061 47348880
0.220555 1.40107e+06 309013 59608464
0.276932 1.41054e+06 390623 75042192
0.34803 1.41064e+06 490944 94472208
0.437676 1.40851e+06 616472 118933392
0.550706 1.41495e+06 779224 149727888
0.69331 1.41286e+06 979547 188496144
0.871668 1.41091e+06 1.22985e+06 237302544
1.09573 1.41861e+06 1.55442e+06 298746000
