# filename: ./acpphint-MacchDblShot-16384MiB-threads_4-LP64-FreeBSD_13_r363590M_64bit-g++_10_O3lto-libc++-DSIZE_d-ISIZE_ull-using_2_threads-cpus_1_2.txt
# acpphint_main version: 0.1.23

5.848e-05 119699 7 976
6.856e-05 131272 9 1184
6.0321e-05 182358 11 1392
6.652e-05 195430 13 1600
5.324e-05 281743 15 1808
6.636e-05 286317 19 2224
6.384e-05 360276 23 2640
6.4919e-05 445685 28.9334 3264
6.9e-05 504036 34.7785 3888
6.512e-05 657533 42.8186 4720
6.328e-05 835691 52.8825 5760
6.588e-05 983818 64.8139 7008
6.816e-05 1.18613e+06 80.8465 8672
6.572e-05 1.53248e+06 100.715 10752
7.552e-05 1.68167e+06 127 13456
6.176e-05 2.57448e+06 159 16784
6.476e-05 3.0659e+06 198.548 20944
6.6121e-05 3.76081e+06 248.668 26144
7.128e-05 4.38228e+06 312.369 32800
6.796e-05 5.77352e+06 392.368 41120
7.68e-05 6.43473e+06 494.187 51728
7.988e-05 7.77894e+06 621.381 65040
8.296e-05 9.42568e+06 781.954 81680
8.84e-05 1.11221e+07 983.195 102688
9.712e-05 1.27174e+07 1235.11 129104
0.00010688 1.45713e+07 1557.38 162384
0.00011828 1.65468e+07 1957.15 204192
0.00013352 1.84277e+07 2460.47 257024
0.0001528 2.03174e+07 3104.5 323376
0.00017684 2.20711e+07 3903.06 406992
0.00021216 2.31184e+07 4904.8 512240
0.00024844 2.49282e+07 6193.17 644736
0.00030016 2.59353e+07 7784.73 811552
0.00036152 2.70602e+07 9782.8 1021632
0.00043604 2.83401e+07 12357.4 1286000
0.00054396 2.85495e+07 15529.8 1618800
0.00068088 2.86557e+07 19511.1 2037712
0.00085548 2.88213e+07 24656 2565200
0.00129944 2.3842e+07 30981.3 3229344
0.00144008 2.70266e+07 38920.5 4065296
0.00190168 2.58721e+07 49200.5 5117776
0.00242036 2.55368e+07 61808.3 6442736
0.00315072 2.46413e+07 77637.9 8110688
0.00428956 2.28824e+07 98155.5 10210656
0.0052728 2.33861e+07 123310 12854336
0.00681744 2.27171e+07 154872 16182544
0.00843804 2.32023e+07 195782 20372496
0.00999112 2.4622e+07 246001 25647376
0.0127362 2.42552e+07 308919 32287984
0.0161084 2.42403e+07 390474 40647920
0.0206951 2.37114e+07 490710 51172512
0.025511 2.41505e+07 616102 64422320
0.032171 2.4203e+07 778634 81102672
0.0411234 2.3797e+07 978613 102102144
0.054247 2.26442e+07 1.22838e+06 128538944
0.0682522 2.27402e+07 1.55207e+06 161820816
0.0842927 2.3142e+07 1.95071e+06 203720128
0.106435 2.29968e+07 2.44767e+06 256468304
0.135492 2.28163e+07 3.09143e+06 322874384
0.170321 2.2808e+07 3.88467e+06 406474576
0.212674 2.29052e+07 4.87135e+06 511721120
0.269771 2.27904e+07 6.14818e+06 644218576
0.342025 2.25751e+07 7.72125e+06 811022928
0.427538 2.2622e+07 9.67175e+06 1021017232
0.530168 2.29937e+07 1.21905e+07 1285384400
0.639721 2.38994e+07 1.52889e+07 1618202912
