# filename: ./acpphint-MacchDblShot-16384MiB-threads_4-LP64-FreeBSD_13_r363590M_64bit-g++_10_O3lto-libc++-DSIZE_us-ISIZE_us-using_2_threads-cpus_0_3.txt
# acpphint_main version: 0.1.23

5.684e-05 119930 6.81679 352
5.732e-05 151487 8.68322 404
5.68e-05 185529 10.538 456
5.896e-05 210068 12.3856 508
5.588e-05 253586 14.1704 560
6.412e-05 275430 17.6606 664
5.576e-05 378064 21.0809 768
5.808e-05 448283 26.0363 924
5.788e-05 528134 30.5684 1080
5.436e-05 672884 36.578 1288
6.164e-05 712000 43.8877 1548
