# filename: ./acpphint-MacchDblShot-16384MiB-threads_4-LP64-FreeBSD_13_r363590M_64bit-g++_10_O3lto-libc++-DSIZE_d-ISIZE_ull-using_2_threads-cpus_0_3.txt
# acpphint_main version: 0.1.23

5.664e-05 123588 7 976
5.216e-05 172546 9 1184
5.616e-05 195869 11 1392
5.672e-05 229196 13 1600
5.744e-05 261142 15 1808
5.676e-05 334743 19 2224
6.084e-05 378041 23 2640
5.624e-05 514463 28.9334 3264
5.816e-05 597979 34.7785 3888
6.32e-05 677509 42.8186 4720
6.156e-05 859040 52.8825 5760
6.412e-05 1.01082e+06 64.8139 7008
5.648e-05 1.43142e+06 80.8465 8672
6.032e-05 1.66967e+06 100.715 10752
5.884e-05 2.1584e+06 127 13456
6.184e-05 2.57115e+06 159 16784
6.296e-05 3.15355e+06 198.548 20944
6.44e-05 3.86131e+06 248.668 26144
6.424e-05 4.86253e+06 312.369 32800
6.72e-05 5.83882e+06 392.368 41120
7.496e-05 6.59268e+06 494.187 51728
7.348e-05 8.45647e+06 621.381 65040
7.604e-05 1.02835e+07 781.954 81680
8.168e-05 1.20372e+07 983.195 102688
8.816e-05 1.40099e+07 1235.11 129104
9.872e-05 1.57757e+07 1557.38 162384
0.00011024 1.77536e+07 1957.15 204192
0.00012872 1.91149e+07 2460.47 257024
0.00015124 2.0527e+07 3104.5 323376
0.00017364 2.24779e+07 3903.06 406992
0.00020784 2.35989e+07 4904.8 512240
0.00024644 2.51305e+07 6193.17 644736
0.00030088 2.58732e+07 7784.73 811552
0.00036016 2.71624e+07 9782.8 1021632
0.00043736 2.82546e+07 12357.4 1286000
0.00054432 2.85306e+07 15529.8 1618800
0.00067684 2.88267e+07 19511.1 2037712
0.000853 2.89051e+07 24656 2565200
0.00110608 2.801e+07 30981.3 3229344
0.00141416 2.7522e+07 38920.5 4065296
0.00187416 2.6252e+07 49200.5 5117776
0.00248012 2.49215e+07 61808.3 6442736
0.00314552 2.46821e+07 77637.9 8110688
0.004091 2.3993e+07 98155.5 10210656
0.00517848 2.38121e+07 123310 12854336
0.00658756 2.35098e+07 154872 16182544
0.00831272 2.35521e+07 195782 20372496
0.00989824 2.48531e+07 246001 25647376
0.012568 2.45799e+07 308919 32287984
0.0161528 2.41737e+07 390474 40647920
0.0206188 2.37992e+07 490710 51172512
0.0253901 2.42655e+07 616102 64422320
0.0321853 2.41922e+07 778634 81102672
0.0405945 2.4107e+07 978613 102102144
0.0536328 2.29035e+07 1.22838e+06 128538944
0.0681658 2.27691e+07 1.55207e+06 161820816
0.0853987 2.28423e+07 1.95071e+06 203720128
0.10667 2.29462e+07 2.44767e+06 256468304
0.134938 2.291e+07 3.09143e+06 322874384
0.168745 2.30209e+07 3.88467e+06 406474576
0.217312 2.24163e+07 4.87135e+06 511721120
0.267205 2.30092e+07 6.14818e+06 644218576
0.340406 2.26825e+07 7.72125e+06 811022928
0.424744 2.27708e+07 9.67175e+06 1021017232
0.541168 2.25263e+07 1.21905e+07 1285384400
0.668913 2.28564e+07 1.52889e+07 1618202912
