# filename: ./acpphint-MacchDblShot-16384MiB-threads_4-LP64-FreeBSD_13_r363590M_64bit-g++_10_O3lto-libc++-DSIZE_d-ISIZE_ui-using_2_threads-cpus_1_3.txt
# acpphint_main version: 0.1.23

5.436e-05 128773 7.00012 912
5.96e-05 151008 9.0001 1104
6.508e-05 169025 11.0001 1296
6.508e-05 199754 13 1488
6.4e-05 234375 15 1680
6.928e-05 274241 18.9994 2064
6.064e-05 379269 22.9989 2448
6.856e-05 421997 28.9321 3024
6.184e-05 562360 34.7763 3600
6.296e-05 680062 42.8167 4368
6.604e-05 800723 52.8798 5328
7.304e-05 887298 64.8082 6480
6.988e-05 1.15682e+06 80.8385 8016
7.38e-05 1.36456e+06 100.705 9936
6.66e-05 1.90667e+06 126.984 12432
6.836e-05 2.3255e+06 158.971 15504
6.54e-05 3.03521e+06 198.503 19344
6.668e-05 3.72817e+06 248.594 24144
6.688e-05 4.66884e+06 312.252 30288
6.396e-05 6.13157e+06 392.175 37968
7.48e-05 6.60288e+06 493.895 47760
7.564e-05 8.20897e+06 620.926 60048
8.036e-05 9.7219e+06 781.252 75408
8.672e-05 1.13228e+07 981.913 94800
9.552e-05 1.29092e+07 1233.09 119184
0.00010448 1.48737e+07 1554 149904
0.00011596 1.68319e+07 1951.83 188496
0.0001312 1.86885e+07 2451.93 237264
0.0001484 2.08281e+07 3090.88 298512
0.00017332 2.23928e+07 3881.11 375696
0.0002052 2.37324e+07 4869.88 472848
0.00024868 2.46838e+07 6138.38 595152
0.0002946 2.61301e+07 7697.93 749136
0.00036204 2.66404e+07 9644.9 943056
0.00044192 2.74663e+07 12137.9 1187088
0.00053252 2.85161e+07 15185.4 1494288
