# filename: ./acpphint-MacchDblShot-16384MiB-threads_4-LP64-FreeBSD_13_r363590M_64bit-g++_10_O3lto-libc++-DSIZE_ld-ISIZE_ul-using_2_threads-cpus_1_3.txt
# acpphint_main version: 0.1.23

6.668e-05 104979 7 1680
6.992e-05 128719 9 2064
7.14e-05 154062 11 2448
7.528e-05 172689 13 2832
7.616e-05 196954 15 3216
7.684e-05 247267 19 3984
8.48e-05 271226 23 4752
8.68e-05 333334 28.9334 5904
8.7e-05 399752 34.7785 7056
9.236e-05 463605 42.8186 8592
0.00010156 520702 52.8825 10512
0.00010776 601465 64.8139 12816
0.00012236 660726 80.8465 15888
0.00013736 733217 100.715 19728
0.00015892 799144 127 24720
0.000182 873626 159 30864
0.00020748 956949 198.548 38544
0.00024204 1.02739e+06 248.668 48144
0.00028744 1.08673e+06 312.369 60432
0.00035004 1.12093e+06 392.369 75792
0.00041996 1.17675e+06 494.187 95376
0.00051728 1.20125e+06 621.382 119952
0.00063108 1.23907e+06 781.955 150672
0.000771 1.27522e+06 983.196 189456
0.0009536 1.29521e+06 1235.11 238224
0.00118432 1.315e+06 1557.38 299664
0.0014706 1.33085e+06 1957.15 376848
0.00183828 1.33847e+06 2460.48 474384
0.0022936 1.35355e+06 3104.51 596880
0.00287464 1.35776e+06 3903.08 751248
0.00359512 1.3643e+06 4904.82 945552
0.0045044 1.37492e+06 6193.2 1190160
0.0056576 1.37599e+06 7784.79 1498128
0.00710428 1.37704e+06 9782.89 1885968
0.00892508 1.38459e+06 12357.6 2374032
0.011222 1.38389e+06 15530 2988432
0.0141265 1.3812e+06 19511.5 3761808
0.0177448 1.38951e+06 24656.6 4735632
0.0223798 1.38438e+06 30982.2 5961744
0.028119 1.38419e+06 38922 7505040
0.0353919 1.39023e+06 49202.8 9448080
0.0445775 1.38662e+06 61812.1 11894160
0.0561085 1.38382e+06 77643.9 14973456
0.070672 1.38902e+06 98164.9 18850320
0.0882326 1.39773e+06 123325 23730960
0.110988 1.39561e+06 154896 29875344
0.139255 1.4062e+06 195819 37610640
0.174152 1.4129e+06 246061 47348880
0.22158 1.39459e+06 309013 59608464
0.275625 1.41722e+06 390623 75042192
0.346766 1.41578e+06 490944 94472208
0.435864 1.41437e+06 616472 118933392
0.547681 1.42277e+06 779224 149727888
0.688319 1.4231e+06 979547 188496144
0.868248 1.41647e+06 1.22985e+06 237302544
1.09228 1.42309e+06 1.55442e+06 298746000
