# filename: ./acpphint-MacchDblShot-16384MiB-threads_4-LP64-FreeBSD_13_r363590M_64bit-g++_10_O3lto-libc++-cpulockdown-DSIZE_d-ISIZE_ui-using_4_threads.txt
# acpphint_main version: 0.1.23

0.00011352 132135 15 1824
0.00011152 170368 18.9994 2208
0.0001046 219875 22.9989 2592
0.00011248 240033 26.9989 2976
0.0001042 297491 30.9985 3360
0.00011368 343051 38.9981 4128
0.00010516 446917 46.9978 4896
0.00010616 553841 58.7958 6048
0.0001078 652380 70.3266 7200
0.0001106 781607 86.4457 8736
0.0001144 932104 106.633 10656
0.00010968 1.18921e+06 130.433 12960
0.00010824 1.50141e+06 162.513 16032
0.00011816 1.7104e+06 202.101 19872
0.00011692 2.18031e+06 254.922 24864
0.0001118 2.85227e+06 318.884 31008
0.0001078 3.68706e+06 397.465 38688
0.00011544 4.31131e+06 497.697 48288
0.00011372 5.49241e+06 624.596 60576
0.00011988 6.54353e+06 784.438 75936
0.00011816 8.35513e+06 987.242 95520
0.00012652 9.80012e+06 1239.91 120096
0.00013084 1.19272e+07 1560.55 150816
0.00013044 1.50274e+07 1960.17 189600
0.00014096 1.74426e+07 2458.71 238368
0.0001572 1.97239e+07 3100.6 299808
0.00017444 2.22961e+07 3889.33 376992
0.00019024 2.5642e+07 4878.14 474528
0.00021084 2.91792e+07 6152.14 597024
0.00024464 3.15231e+07 7711.8 751392
0.0002844 3.39408e+07 9652.77 945696
0.0003254 3.73809e+07 12163.8 1190304
0.00039312 3.86865e+07 15208.4 1498272
