# filename: ./acpphint-MacchDblShot-16384MiB-threads_4-LP64-FreeBSD_13_r363590M_64bit-g++_10_O3lto-libc++-DSIZE_d-ISIZE_ull-using_4_threads-cpus_0_1_2_3.txt
# acpphint_main version: 0.1.23

9.5441e-05 157165 15 1952
0.000101681 186859 19 2368
0.000103521 222177 23 2784
0.000104721 257828 27 3200
0.000101321 305958 31 3616
0.000104721 372418 39 4448
0.000102561 458264 47 5280
0.000108441 542231 58.8001 6528
0.000104721 671631 70.3338 7776
0.000100361 861438 86.4548 9440
0.000100681 1.05922e+06 106.644 11520
0.000105881 1.23206e+06 130.451 14016
0.000104441 1.55634e+06 162.546 17344
0.000100721 2.007e+06 202.147 21504
0.000105801 2.41018e+06 255 26912
0.000107601 2.96466e+06 319 33568
0.000105201 3.77995e+06 397.655 41888
0.000116241 4.28415e+06 497.994 52288
0.000108721 5.74918e+06 625.057 65600
0.000113881 6.89428e+06 785.127 82240
0.000114761 8.61389e+06 988.538 103456
0.000121281 1.02409e+07 1242.02 130080
0.000116721 1.33986e+07 1563.9 163360
0.000121761 1.61426e+07 1965.54 205376
0.000134001 1.84108e+07 2467.07 258208
0.000147041 2.11791e+07 3114.2 324768
0.000157921 2.47679e+07 3911.38 408384
0.000178881 2.74644e+07 4912.86 514048
0.000208081 2.98326e+07 6207.61 646752
0.000244561 3.18899e+07 7799.04 813984
0.000285081 3.43455e+07 9791.26 1024480
0.000326601 3.79167e+07 12383.6 1289472
0.000389401 3.99431e+07 15553.9 1623104
0.000488921 3.99371e+07 19526.1 2043264
0.000647041 3.81898e+07 24710.4 2572000
0.000958281 3.23775e+07 31026.7 3237600
0.00121764 3.19785e+07 38938.4 4075424
0.0016944 2.90992e+07 49305.7 5130400
0.00215192 2.87623e+07 61894.1 6458688
0.00279116 2.78254e+07 77665.1 8130592
0.00362364 2.71531e+07 98393.2 10235552
0.00497932 2.47974e+07 123474 12885472
0.00599736 2.58291e+07 154906 16221376
0.0077066 2.5469e+07 196280 20421312
0.0100117 2.46031e+07 246318 25708672
0.0126197 2.44825e+07 308961 32365088
0.0161147 2.42894e+07 391417 40744992
0.0192526 2.55206e+07 491336 51294752
0.0246928 2.49521e+07 616138 64575968
0.0315928 2.47023e+07 780415 81295840
0.0400049 2.44932e+07 979847 102345024
0.0505827 2.42841e+07 1.22836e+06 128844640
0.0640337 2.42908e+07 1.55543e+06 162205344
0.0807748 2.41801e+07 1.95315e+06 204204288
0.102978 2.37669e+07 2.44746e+06 257077888
0.130021 2.38251e+07 3.09776e+06 323641632
0.163842 2.37395e+07 3.88952e+06 407440256
0.206304 2.36089e+07 4.87062e+06 512936608
0.260096 2.36839e+07 6.16009e+06 645748768
0.328754 2.35156e+07 7.73084e+06 812949152
0.413643 2.33771e+07 9.66976e+06 1023442240
0.521745 2.34074e+07 1.22127e+07 1288437152
0.657383 2.32862e+07 1.53079e+07 1622045856
