# filename: ./acpphint-RPi4B-3072MiB-threads_4-LP64-FreeBSD_13_r363590M_64bit-g++_10_O3lto-libc++-DSIZE_ld-ISIZE_ul-using_2_threads-cpus_0_1.txt
# acpphint_main version: 0.1.23

6.1518e-05 113788 7 1680
6.2407e-05 144215 9 2064
6.6204e-05 166153 11 2448
6.4222e-05 202423 13 2832
6.6315e-05 226193 15 3216
6.9888e-05 271864 19 3984
7.3296e-05 313796 23 4752
7.4797e-05 386826 28.9334 5904
7.9426e-05 437873 34.7785 7056
8.6092e-05 497358 42.8186 8592
9.0518e-05 584221 52.8825 10512
9.8981e-05 654812 64.8139 12816
0.000115592 699412 80.8465 15888
0.000126999 793035 100.715 19728
0.000148369 855974 127 24720
0.00017322 917908 159 30864
0.000198795 998757 198.548 38544
0.000233479 1.06506e+06 248.668 48144
0.000279183 1.11887e+06 312.369 60432
0.000342571 1.14536e+06 392.369 75792
0.000411421 1.20117e+06 494.187 95376
0.000506531 1.22674e+06 621.382 119952
0.000621531 1.25811e+06 781.955 150672
0.00076914 1.27831e+06 983.196 189456
0.000941694 1.31159e+06 1235.11 238224
0.00118549 1.3137e+06 1557.38 299664
0.00148019 1.32223e+06 1957.15 376848
0.00184987 1.33008e+06 2460.48 474384
0.00232725 1.33398e+06 3104.51 596880
0.0030246 1.29045e+06 3903.08 751248
0.0038489 1.27434e+06 4904.82 945552
0.00484196 1.27907e+06 6193.2 1190160
0.00603214 1.29055e+06 7784.79 1498128
0.00750236 1.30398e+06 9782.89 1885968
0.0093404 1.32302e+06 12357.6 2374032
0.0116196 1.33654e+06 15530 2988432
0.0145777 1.33845e+06 19511.5 3761808
0.0183422 1.34426e+06 24656.6 4735632
0.0229746 1.34854e+06 30982.2 5961744
0.0288063 1.35116e+06 38922 7505040
0.0362864 1.35596e+06 49202.8 9448080
0.0456505 1.35403e+06 61812.1 11894160
0.0569676 1.36295e+06 77643.9 14973456
0.0715178 1.37259e+06 98164.9 18850320
0.0894676 1.37843e+06 123325 23730960
0.112498 1.37688e+06 154896 29875344
0.141722 1.38172e+06 195819 37610640
0.177596 1.38551e+06 246061 47348880
0.223672 1.38154e+06 309013 59608464
0.280289 1.39364e+06 390623 75042192
0.351556 1.39649e+06 490944 94472208
0.445125 1.38494e+06 616472 118933392
0.558164 1.39605e+06 779224 149727888
0.704459 1.3905e+06 979547 188496144
0.883891 1.3914e+06 1.22985e+06 237302544
1.11224 1.39755e+06 1.55442e+06 298746000
