# filename: ./acpphint-RPi4B-4096MiB-threads_4-LP64-FreeBSD_13_r365932M_64bit-g++_10_O3lto-libc++-DSIZE_d-ISIZE_ul-using_2_threads-cpus_0_1.txt
# acpphint_main version: 0.1.23

4.7592e-05 147084 7 976
4.5722e-05 196842 9 1184
4.8593e-05 226370 11 1392
4.7611e-05 273046 13 1600
4.5371e-05 330608 15 1808
4.7315e-05 401564 19 2224
4.6445e-05 495209 23 2640
4.7426e-05 610075 28.9334 3264
4.6426e-05 749116 34.7785 3888
5.0482e-05 848195 42.8186 4720
4.5852e-05 1.15333e+06 52.8825 5760
4.8592e-05 1.33384e+06 64.8139 7008
4.7259e-05 1.71071e+06 80.8465 8672
4.9019e-05 2.05461e+06 100.715 10752
5.174e-05 2.45458e+06 127 13456
5.2203e-05 3.0458e+06 159 16784
5.0593e-05 3.92441e+06 198.548 20944
5.0203e-05 4.95326e+06 248.668 26144
5.1815e-05 6.02855e+06 312.369 32800
5.3296e-05 7.36206e+06 392.368 41120
5.6166e-05 8.79869e+06 494.187 51728
5.7945e-05 1.07236e+07 621.381 65040
6.4667e-05 1.2092e+07 781.954 81680
7.0036e-05 1.40384e+07 983.195 102688
7.3943e-05 1.67036e+07 1235.11 129104
8.5389e-05 1.82386e+07 1557.38 162384
9.3018e-05 2.10406e+07 1957.15 204192
0.000110647 2.22371e+07 2460.47 257024
0.000119221 2.60399e+07 3104.5 323376
0.000146869 2.65751e+07 3903.06 406992
0.000203943 2.40499e+07 4904.8 512240
0.000258682 2.39412e+07 6193.17 644736
0.000372624 2.08917e+07 7784.73 811552
0.000609604 1.60478e+07 9782.8 1021632
0.000913692 1.35247e+07 12357.4 1286000
0.00139569 1.1127e+07 15529.8 1618800
0.00193053 1.01066e+07 19511.1 2037712
0.00266198 9.26228e+06 24656 2565200
0.00347032 8.92749e+06 30981.3 3229344
0.0045062 8.63711e+06 38920.5 4065296
0.00559574 8.79248e+06 49200.5 5117776
0.0072834 8.48619e+06 61808.3 6442736
0.00918604 8.45173e+06 77637.9 8110688
0.0116336 8.43727e+06 98155.5 10210656
0.0147962 8.3339e+06 123310 12854336
0.0187935 8.24074e+06 154872 16182544
0.0238465 8.21007e+06 195782 20372496
0.0298452 8.24259e+06 246001 25647376
0.0376071 8.21438e+06 308919 32287984
0.0472451 8.26486e+06 390474 40647920
0.0597034 8.21912e+06 490710 51172512
0.0752527 8.18711e+06 616102 64422320
0.0949516 8.20032e+06 778634 81102672
0.119132 8.2145e+06 978613 102102144
0.150427 8.16594e+06 1.22838e+06 128538944
0.189607 8.18573e+06 1.55207e+06 161820816
0.23854 8.17768e+06 1.95071e+06 203720128
0.300437 8.14702e+06 2.44767e+06 256468304
0.377704 8.1848e+06 3.09143e+06 322874384
0.475292 8.17322e+06 3.88467e+06 406474576
0.59896 8.13301e+06 4.87135e+06 511721120
0.75519 8.14123e+06 6.14818e+06 644218576
0.952419 8.10699e+06 7.72125e+06 811022928
1.20035 8.05742e+06 9.67175e+06 1021017232
