# filename: ./acpphint-RPi4B-3072MiB-threads_4-LP64-FreeBSD_13_r365932M_64bit-g++_10_O3lto-libc++-DSIZE_d-ISIZE_ui-using_2_threads-cpus_1_2.txt
# acpphint_main version: 0.1.23

6.1221e-05 114342 7.00012 912
6.0315e-05 149218 9.0001 1104
5.6852e-05 193487 11.0001 1296
5.8259e-05 223141 13 1488
6.2796e-05 238869 15 1680
5.7666e-05 329474 18.9994 2064
5.4518e-05 421859 22.9989 2448
5.8055e-05 498357 28.9321 3024
5.7351e-05 606377 34.7763 3600
5.9296e-05 722085 42.8167 4368
5.7629e-05 917589 52.8798 5328
6.6852e-05 969428 64.8082 6480
5.763e-05 1.40272e+06 80.8385 8016
6.2704e-05 1.60604e+06 100.705 9936
5.9093e-05 2.14889e+06 126.984 12432
5.737e-05 2.77098e+06 158.971 15504
6.0722e-05 3.26904e+06 198.503 19344
6.3315e-05 3.92631e+06 248.594 24144
6.6944e-05 4.66438e+06 312.252 30288
6.9611e-05 5.63381e+06 392.175 37968
6.937e-05 7.11972e+06 493.895 47760
7.4e-05 8.39089e+06 620.926 60048
7.4852e-05 1.04373e+07 781.252 75408
8.7203e-05 1.12601e+07 981.913 94800
9.2314e-05 1.33576e+07 1233.09 119184
0.000100406 1.54772e+07 1554 149904
0.000109203 1.78734e+07 1951.83 188496
0.000128054 1.91476e+07 2451.93 237264
0.000149443 2.06827e+07 3090.88 298512
0.000183905 2.11039e+07 3881.11 375696
0.000221238 2.20119e+07 4869.88 472848
0.000325107 1.88811e+07 6138.38 595152
0.000514345 1.49665e+07 7697.93 749136
0.000864081 1.1162e+07 9644.9 943056
0.00124135 9.77798e+06 12137.9 1187088
0.00179977 8.4374e+06 15185.4 1494288
