# filename: ./acpphint-RPi4B-4096MiB-threads_4-LP64-FreeBSD_13_r365932M_64bit-g++_10_O3lto-libc++-cpulockdown-DSIZE_ld-ISIZE_ull-using_2_threads-cpus_1_3.txt
# acpphint_main version: 0.1.23

4.2408e-05 165063 7 1680
3.8833e-05 231762 9 2064
3.9148e-05 280985 11 2448
4.1222e-05 315366 13 2832
4.3111e-05 347939 15 3216
4.7925e-05 396453 19 3984
4.9963e-05 460341 23 4752
5.3e-05 545913 28.9334 5904
6.0666e-05 573278 34.7785 7056
6.9314e-05 617748 42.8186 8592
7.0574e-05 749320 52.8825 10512
8.0647e-05 803674 64.8139 12816
9.7314e-05 830779 80.8465 15888
0.000107685 935271 100.715 19728
0.000125666 1.01062e+06 127 24720
0.000153202 1.03785e+06 159 30864
0.000181869 1.09171e+06 198.548 38544
0.000216553 1.1483e+06 248.668 48144
0.000261181 1.19599e+06 312.369 60432
0.000319663 1.22744e+06 392.369 75792
0.000392365 1.25951e+06 494.187 95376
0.000485475 1.27995e+06 621.382 119952
0.000603788 1.29508e+06 781.955 150672
0.000743157 1.323e+06 983.196 189456
0.000931951 1.3253e+06 1235.11 238224
0.00116143 1.34092e+06 1557.38 299664
0.00145107 1.34876e+06 1957.15 376848
0.00181264 1.3574e+06 2460.48 474384
0.00227664 1.36364e+06 3104.51 596880
0.00288144 1.35456e+06 3903.08 751248
0.00368262 1.33189e+06 4904.82 945552
0.00462095 1.34024e+06 6193.2 1190160
0.0057952 1.34332e+06 7784.79 1498128
0.00724055 1.35113e+06 9782.89 1885968
0.00907735 1.36136e+06 12357.6 2374032
0.0113766 1.36509e+06 15530 2988432
0.0142373 1.37045e+06 19511.5 3761808
0.0178853 1.3786e+06 24656.6 4735632
0.0225478 1.37407e+06 30982.2 5961744
0.0282781 1.3764e+06 38922 7505040
0.035598 1.38218e+06 49202.8 9448080
0.0447482 1.38133e+06 61812.1 11894160
0.0560805 1.38451e+06 77643.9 14973456
0.0703432 1.39551e+06 98164.9 18850320
0.0883401 1.39603e+06 123325 23730960
0.110815 1.39778e+06 154896 29875344
0.139373 1.405e+06 195819 37610640
0.174677 1.40866e+06 246061 47348880
0.219956 1.40488e+06 309013 59608464
0.276897 1.41072e+06 390623 75042192
0.348239 1.40979e+06 490944 94472208
0.438586 1.40559e+06 616472 118933392
0.551133 1.41386e+06 779224 149727888
0.693274 1.41293e+06 979547 188496144
0.871628 1.41098e+06 1.22985e+06 237302544
1.09828 1.41532e+06 1.55442e+06 298746000
