# filename: ./acpphint-RPi4B-4096MiB-threads_4-LP64-FreeBSD_13_r365932M_64bit-g++_10_O3lto-libc++-DSIZE_us-ISIZE_s-using_1_threads.txt
# acpphint_main version: 0.1.23

6.45161e-08 1.55e+07 1 124
9.4381e-08 2.09727e+07 1.97942 150
1.241e-07 2.38218e+07 2.95628 176
1.53583e-07 2.54486e+07 3.90847 202
1.8425e-07 2.63899e+07 4.86235 228
2.14111e-07 2.72297e+07 5.83019 254
2.43429e-07 2.77014e+07 6.74332 280
3.04083e-07 2.81428e+07 8.55776 332
3.631e-07 2.85234e+07 10.3569 384
4.5375e-07 2.86288e+07 12.9903 462
5.43333e-07 2.85302e+07 15.5014 540
6.6675e-07 2.81484e+07 18.7679 644
8.15e-07 2.7899e+07 22.7377 774
9.91e-07 2.74318e+07 27.1849 930
1.241e-06 2.63291e+07 32.6744 1138
1.5375e-06 2.55104e+07 39.2222 1398
1.927e-06 2.42194e+07 46.6708 1736
2.778e-06 1.9736e+07 54.8265 2152
3.001e-06 2.13524e+07 64.0787 2672
3.778e-06 1.95811e+07 73.9773 3322
