# filename: ./acpphint-RPi4B-8192MiB-threads_4-LP64-FreeBSD_main_n247756_348c41d1815d_64bit-g++_11_O3lto-libc++-cpulockdown-DSIZE_ul-ISIZE_ul-using_2_threads-cpus_1_2.txt
# acpphint_main version: 0.1.24

4.2834e-05 163422 7 976
4.3945e-05 204801 9 1184
4.3574e-05 252444 11 1392
4.337e-05 299746 13 1600
4.3e-05 348837 15 1808
4.4555e-05 426439 19 2224
4.3981e-05 522953 23 2640
4.3371e-05 667114 28.9334 3264
4.3611e-05 797470 34.7785 3888
4.3296e-05 988973 42.8186 4720
4.3611e-05 1.2126e+06 52.8825 5760
4.4315e-05 1.46257e+06 64.8139 7008
4.437e-05 1.8221e+06 80.8465 8672
4.3797e-05 2.29958e+06 100.715 10752
4.4575e-05 2.84913e+06 127 13456
4.3834e-05 3.62732e+06 159 16784
4.3167e-05 4.59953e+06 198.548 20944
4.5667e-05 5.44525e+06 248.668 26144
6.8e-05 4.59366e+06 312.369 32800
6.7741e-05 5.79219e+06 392.369 41120
7.2574e-05 6.80943e+06 494.187 51728
7.3e-05 8.51208e+06 621.382 65040
7.4667e-05 1.04726e+07 781.955 81680
7.8148e-05 1.25812e+07 983.196 102688
8.9611e-05 1.3783e+07 1235.11 129104
9.537e-05 1.63299e+07 1557.38 162384
0.000112148 1.74515e+07 1957.15 204192
0.000124388 1.97806e+07 2460.47 257024
0.000141128 2.19978e+07 3104.51 323376
0.000167388 2.33175e+07 3903.07 406992
0.000215665 2.27428e+07 4904.82 512240
0.000279016 2.21966e+07 6193.19 644736
0.000320739 2.42714e+07 7784.78 811552
0.000686198 1.42566e+07 9782.87 1021632
0.00113042 1.09318e+07 12357.5 1286000
0.00169573 9.15831e+06 15530 1618800
0.00233972 8.33919e+06 19511.4 2037712
0.00316062 7.80115e+06 24656.5 2565200
0.00415598 7.4548e+06 30982 3229344
0.00543065 7.16704e+06 38921.7 4065296
0.0068694 7.16254e+06 49202.3 5117776
0.00883859 6.99334e+06 61811.3 6442736
0.0112202 6.91992e+06 77642.6 8110688
0.0142006 6.91261e+06 98162.9 10210656
0.0182572 6.75471e+06 123322 12854336
0.023147 6.69161e+06 154891 16182544
0.0289657 6.76012e+06 195811 20372496
0.0287648 8.55378e+06 246048 25647376
0.0365235 8.46011e+06 308992 32287984
0.0469678 8.31614e+06 390591 40647920
0.0603109 8.13938e+06 490894 51172512
0.0780706 7.89532e+06 616392 64422320
0.100167 7.778e+06 779097 81102672
0.127533 7.67918e+06 979346 102102144
0.17831 6.89548e+06 1.22953e+06 128538944
0.22475 6.91395e+06 1.55391e+06 161820816
0.284952 6.85595e+06 1.95361e+06 203720128
0.360146 6.80903e+06 2.45225e+06 256468304
0.455439 6.80386e+06 3.09874e+06 322874384
0.566724 6.87502e+06 3.89624e+06 406474576
0.688378 7.10299e+06 4.88954e+06 511721120
0.82859 7.45509e+06 6.17721e+06 644218576
1.02489 7.57845e+06 7.76712e+06 811022928
