# filename: ./acpphint-RPi4B-4096MiB-threads_4-LP64-FreeBSD_13_r365932M_64bit-g++_10_O3lto-libc++-cpulockdown-DSIZE_f-ISIZE_ui-using_1_threads.txt
# acpphint_main version: 0.1.23

7.9381e-08 1.26036e+07 1.00049 176
1.25e-07 1.60044e+07 2.00055 228
1.713e-07 1.75188e+07 3.00098 280
2.14125e-07 1.86842e+07 4.00076 332
2.59357e-07 1.92827e+07 5.0011 384
3.05583e-07 1.96395e+07 6.00149 436
3.537e-07 1.97963e+07 7.00195 488
4.53875e-07 1.98326e+07 9.00152 592
5.43333e-07 2.02454e+07 11 696
6.8075e-07 2.05655e+07 14 852
8.1475e-07 2.08622e+07 16.9975 1008
9.91e-07 2.11907e+07 21 1216
1.2135e-06 2.1421e+07 25.9944 1476
1.482e-06 2.1584e+07 31.9875 1788
1.8335e-06 2.18057e+07 39.9807 2204
2.297e-06 2.17459e+07 49.9504 2724
2.871e-06 2.19218e+07 62.9376 3400
3.593e-06 2.19533e+07 78.8784 4232
4.482e-06 2.2046e+07 98.8103 5272
5.834e-06 2.12139e+07 123.762 6572
7.333e-06 2.12165e+07 155.581 8236
8.796e-06 2.22206e+07 195.452 10316
1.1074e-05 2.22209e+07 246.074 12968
1.3926e-05 2.22281e+07 309.548 16296
1.7444e-05 2.22831e+07 388.706 20456
2.2352e-05 2.18183e+07 487.683 25708
2.7815e-05 2.198e+07 611.374 32312
3.6778e-05 2.08023e+07 765.065 40632
4.487e-05 2.13347e+07 957.287 51084
5.9148e-05 2.02458e+07 1197.5 64292
7.4703e-05 2.0038e+07 1496.9 80880
9.4962e-05 1.96778e+07 1868.64 101784
0.000118406 1.95907e+07 2319.66 128096
0.000148887 1.931e+07 2875.01 161220
0.000189868 1.87136e+07 3553.12 202924
