# filename: ./acpphint-RPi4B-4096MiB-threads_4-LP64-FreeBSD_13_r365932M_64bit-g++_10_O3lto-libc++-DSIZE_ld-ISIZE_ul-using_4_threads-cpus_0_1_2_3.txt
# acpphint_main version: 0.1.23

8.3203e-05 180282 15 3360
8.3851e-05 226592 19 4128
8.3e-05 277108 23 4896
8.7166e-05 309754 27 5664
8.6425e-05 358693 31 6432
9.0185e-05 432444 39 7968
8.774e-05 535674 47 9504
8.3907e-05 700777 58.8001 11808
7.8166e-05 899801 70.3339 14112
8.8185e-05 980380 86.4548 17184
9.3851e-05 1.13631e+06 106.644 21024
9.8388e-05 1.32589e+06 130.451 25632
0.000112221 1.44845e+06 162.546 31776
0.000132203 1.52907e+06 202.147 39456
0.00014422 1.76813e+06 255 49440
0.000171924 1.85547e+06 319 61728
0.000206479 1.92588e+06 397.655 77088
0.00024022 2.07307e+06 497.994 96288
0.000292849 2.1344e+06 625.057 120864
0.000347144 2.26168e+06 785.128 151584
0.000423142 2.33619e+06 988.539 190752
0.000518105 2.39725e+06 1242.03 239904
0.000637566 2.45293e+06 1563.9 301344
0.000807693 2.43353e+06 1965.55 378912
0.00101265 2.43625e+06 2467.08 476448
0.00127296 2.44642e+06 3114.21 599328
0.00161174 2.42682e+06 3911.39 753696
0.0020176 2.43501e+06 4912.88 948768
0.00252334 2.46009e+06 6207.64 1193760
0.00313235 2.48986e+06 7799.09 1502496
0.00386052 2.53628e+06 9791.35 1891104
0.00477654 2.59262e+06 12383.8 2380320
0.00593034 2.6228e+06 15554.1 2996256
0.00738432 2.64431e+06 19526.4 3771936
0.00921559 2.68143e+06 24711 4748064
0.0115202 2.69333e+06 31027.7 5976864
0.0144276 2.69899e+06 38939.8 7523616
0.0180198 2.73632e+06 49308.1 9471264
0.022625 2.73582e+06 61897.9 11923488
0.0283164 2.74297e+06 77671 15010080
0.0353704 2.78206e+06 98402.6 18896160
0.044323 2.78612e+06 123489 23788320
0.0556166 2.78567e+06 154930 29946912
0.0697501 2.81459e+06 196318 37700640
0.0878151 2.80564e+06 246377 47461920
0.114707 2.69429e+06 309054 59750688
0.161563 2.42362e+06 391566 75221280
0.207385 2.37034e+06 491572 94697760
0.255662 2.41142e+06 616508 119216928
0.334545 2.33453e+06 781008 150084384
0.43111 2.27502e+06 980783 188944416
0.549664 2.23742e+06 1.22983e+06 237866784
0.715319 2.17775e+06 1.55779e+06 299455776
0.903491 2.1659e+06 1.95687e+06 376992288
1.14498 2.14265e+06 2.4533e+06 474605088
