# filename: ./acpphint-RPi4B-4096MiB-threads_4-LP64-ubuntu_20_10_64bit-g++_10_O3lto-libstdc++-cpulockdown-DSIZE_d-ISIZE_ul-using_2_threads-cpus_1_2.txt
# acpphint_main version: 0.1.23

0.000118627 59008.5 7 976
0.000120627 74610.2 9 1184
0.000120739 91105.6 11 1392
0.000122887 105788 13 1600
0.000133091 112705 15 1808
0.000119017 159641 19 2224
0.000119924 191788 23 2640
0.000121739 237668 28.9334 3264
0.000120443 288755 34.7785 3888
0.000122294 350128 42.8186 4720
0.000120646 438328 52.8825 5760
0.000123239 525920 64.8139 7008
0.000123609 654050 80.8465 8672
0.000122906 819445 100.715 10752
0.000122831 1.03394e+06 127 13456
0.000125221 1.26975e+06 159 16784
0.000123221 1.61131e+06 198.548 20944
0.000124442 1.99827e+06 248.668 26144
0.000132739 2.35326e+06 312.369 32800
0.000133479 2.93955e+06 392.368 41120
0.000141257 3.4985e+06 494.187 51728
0.000137664 4.51375e+06 621.381 65040
0.000145553 5.3723e+06 781.954 81680
0.000151757 6.47875e+06 983.195 102688
0.000156571 7.88851e+06 1235.11 129104
0.000165571 9.4061e+06 1557.38 162384
0.000175404 1.1158e+07 1957.15 204192
0.000191219 1.28673e+07 2460.47 257024
0.000210533 1.47459e+07 3104.5 323376
0.000255718 1.52631e+07 3903.06 406992
0.000302421 1.62184e+07 4904.8 512240
0.000399308 1.55097e+07 6193.17 644736
0.000592359 1.31419e+07 7784.73 811552
0.000854743 1.14453e+07 9782.8 1021632
0.00124538 9.92259e+06 12357.4 1286000
0.00166923 9.3036e+06 15529.8 1618800
0.00225585 8.64912e+06 19511.1 2037712
0.00307588 8.01592e+06 24656 2565200
0.0039834 7.77759e+06 30981.3 3229344
0.00497494 7.82332e+06 38920.5 4065296
0.00657826 7.47925e+06 49200.5 5117776
0.00829415 7.45204e+06 61808.3 6442736
0.0105555 7.35523e+06 77637.9 8110688
0.013439 7.30376e+06 98155.5 10210656
0.0170231 7.24369e+06 123310 12854336
0.0215291 7.19363e+06 154872 16182544
0.0271907 7.20033e+06 195782 20372496
0.0341311 7.20755e+06 246001 25647376
0.0430558 7.17486e+06 308919 32287984
0.0540956 7.21823e+06 390474 40647920
0.068286 7.18609e+06 490710 51172512
0.0863864 7.13193e+06 616102 64422320
0.106979 7.27837e+06 778634 81102672
0.134835 7.25786e+06 978613 102102144
0.171308 7.17058e+06 1.22838e+06 128538944
0.216706 7.1621e+06 1.55207e+06 161820816
0.269002 7.25164e+06 1.95071e+06 203720128
0.346099 7.07217e+06 2.44767e+06 256468304
0.437332 7.06884e+06 3.09143e+06 322874384
0.544305 7.13693e+06 3.88467e+06 406474576
0.680875 7.15455e+06 4.87135e+06 511721120
0.852569 7.21135e+06 6.14818e+06 644218576
1.10162 7.00903e+06 7.72125e+06 811022928
