# filename: ./acpphint-RPi4B-4096MiB-threads_4-LP64-FreeBSD_13_r365932M_64bit-g++_10_O3lto-libc++-DSIZE_ld-ISIZE_ull-using_1_threads.txt
# acpphint_main version: 0.1.23

2.334e-06 428449 1 456
3.723e-06 537201 2 648
5.168e-06 580495 3 840
6.723e-06 594972 4 1032
8.223e-06 608051 5 1224
9.742e-06 615890 6 1416
1.1185e-05 625838 7 1608
1.4259e-05 631180 9 1992
1.7241e-05 638014 11 2376
2.1945e-05 637959 14 2952
2.6315e-05 646019 17 3528
3.2167e-05 652843 21 4296
3.9371e-05 660385 26 5256
4.8444e-05 660557 32 6408
6.0092e-05 665646 40 7944
7.4352e-05 672477 50 9864
9.3666e-05 672603 63 12360
0.000116925 675647 79 15432
0.000145591 679987 99 19272
0.00018222 680496 124 24072
0.000228738 682003 156 30216
0.000286959 683024 196 37896
0.000359717 686651 247 47688
0.000455216 683192 311 59976
0.000571196 684529 391 75336
0.000718731 684540 492 94728
0.000911061 679428 619 119112
0.00113819 684422 779 149832
0.00143867 681187 980 188424
0.00179864 686074 1234 237192
0.00226126 686784 1553 298440
0.00284322 687601 1955 375624
0.00358065 687305 2461 472776
0.00455923 679501 3098 595080
0.00567425 687315 3900 749064
0.00719862 682075 4910 942984
0.00903964 683766 6181 1187016
0.0113407 686111 7781 1494216
0.0143083 684570 9795 1880904
0.0180013 685005 12331 2367816
0.0227642 681947 15524 2980872
0.0286093 683100 19543 3752520
0.035935 684652 24603 4724040
0.0452388 684655 30973 5947080
0.0569612 684535 38992 7486728
0.0716317 685283 49087.9 9425160
0.090447 683250 61797.9 11865480
0.113098 687887 77798.9 14937672
0.141495 692199 97942.8 18805320
0.178204 691917 123303 23674440
0.223218 695412 155228 29804232
0.280715 696152 195420 37521096
0.352453 698019 246019 47236104
0.445912 694574 309719 59466696
0.558655 697947 389912 74863944
0.698678 702568 490869 94248072
0.88786 696016 617965 118651272
1.10566 703622 777969 149373000
