# filename: ./acpphint-RPi4B-4096MiB-threads_4-LP64-FreeBSD_13_r365932M_64bit-g++_10_O3lto-libc++-DSIZE_us-ISIZE_us-using_2_threads-cpus_1_2.txt
# acpphint_main version: 0.1.23

4.7519e-05 143454 6.81679 352
4.4e-05 197346 8.68322 404
4.3963e-05 239702 10.538 456
4.337e-05 285580 12.3856 508
4.1981e-05 337542 14.1704 560
4.4722e-05 394897 17.6606 664
4.8685e-05 433005 21.0809 768
4.7593e-05 547062 26.0363 924
4.7574e-05 642544 30.5684 1080
4.7351e-05 772486 36.578 1288
4.9815e-05 881013 43.8877 1548
