# filename: ./acpphint-RPi4B-8192MiB-threads_4-LP64-FreeBSD_13_r365932M_64bit-g++_10_O3lto-libc++-DSIZE_ull-ISIZE_ull-using_2_threads-cpus_2_3.txt
# acpphint_main version: 0.1.23

4.4038e-05 158954 7 976
4.8648e-05 185002 9 1184
4.7833e-05 229967 11 1392
3.9389e-05 330041 13 1600
4.313e-05 347786 15 1808
4.3092e-05 440917 19 2224
4.5778e-05 502425 23 2640
4.3185e-05 669987 28.9334 3264
4.5944e-05 756975 34.7785 3888
4.6852e-05 913911 42.8186 4720
4.5277e-05 1.16798e+06 52.8825 5760
4.9055e-05 1.32125e+06 64.8139 7008
4.9907e-05 1.61994e+06 80.8465 8672
4.8629e-05 2.07108e+06 100.715 10752
4.7167e-05 2.69256e+06 127 13456
4.6944e-05 3.38701e+06 159 16784
4.8426e-05 4.10003e+06 198.548 20944
5.3148e-05 4.67879e+06 248.668 26144
5.0333e-05 6.20605e+06 312.369 32800
5.4315e-05 7.22395e+06 392.369 41120
5.2314e-05 9.44656e+06 494.187 51728
5.8629e-05 1.05985e+07 621.382 65040
6.287e-05 1.24376e+07 781.955 81680
6.5777e-05 1.49474e+07 983.196 102688
6.974e-05 1.77102e+07 1235.11 129104
8.0888e-05 1.92535e+07 1557.38 162384
9.0554e-05 2.16131e+07 1957.15 204192
9.9778e-05 2.46595e+07 2460.47 257024
0.000107425 2.88993e+07 3104.51 323376
0.000140036 2.78719e+07 3903.07 406992
0.000165795 2.95836e+07 4904.82 512240
0.000240386 2.57635e+07 6193.19 644736
0.000373478 2.0844e+07 7784.78 811552
0.000683381 1.43154e+07 9782.87 1021632
0.00103647 1.19227e+07 12357.5 1286000
0.00161313 9.62725e+06 15530 1618800
0.00234651 8.31507e+06 19511.4 2037712
0.00320511 7.69287e+06 24656.5 2565200
0.00425713 7.27767e+06 30982 3229344
0.00558795 6.96529e+06 38921.7 4065296
0.00713078 6.89999e+06 49202.3 5117776
0.00898409 6.88008e+06 61811.3 6442736
0.0100897 7.69524e+06 77642.6 8110688
0.0117943 8.32294e+06 98162.9 10210656
0.0150623 8.18748e+06 123322 12854336
0.0188645 8.21072e+06 154891 16182544
0.0260617 7.51337e+06 195811 20372496
0.0316013 7.786e+06 246048 25647376
0.0402209 7.68239e+06 308992 32287984
0.049847 7.8358e+06 390591 40647920
0.0607519 8.0803e+06 490894 51172512
0.0777637 7.92647e+06 616392 64422320
0.0971979 8.01558e+06 779097 81102672
0.121714 8.04627e+06 979346 102102144
0.154127 7.97742e+06 1.22953e+06 128538944
0.193172 8.0442e+06 1.55391e+06 161820816
0.260328 7.50443e+06 1.95361e+06 203720128
0.331099 7.40639e+06 2.45225e+06 256468304
0.429982 7.20667e+06 3.09874e+06 322874384
0.522307 7.45967e+06 3.89624e+06 406474576
0.643933 7.59326e+06 4.88954e+06 511721120
0.776639 7.95377e+06 6.17721e+06 644218576
0.992659 7.82456e+06 7.76712e+06 811022928
1.2384 7.8681e+06 9.74384e+06 1021017232
