# filename: ./acpphint-RPi4B-4096MiB-threads_4-LP64-FreeBSD_13_r365932M_64bit-g++_10_O3lto-libc++-cpulockdown-DSIZE_us-ISIZE_us-using_2_threads-cpus_2_3.txt
# acpphint_main version: 0.1.23

4.4741e-05 152361 6.81679 352
4.3352e-05 200296 8.68322 404
3.9093e-05 269563 10.538 456
5.2833e-05 234430 12.3856 508
4.3111e-05 328695 14.1704 560
4.3093e-05 409825 17.6606 664
4.0296e-05 523150 21.0809 768
4.2945e-05 606271 26.0363 924
3.9574e-05 772436 30.5684 1080
4.3889e-05 833420 36.578 1288
4.3148e-05 1.01714e+06 43.8877 1548
