# filename: ./acpphint-RPi4B-3072MiB-threads_4-LP64-FreeBSD_13_r365932M_64bit-g++_10_O3lto-libc++-DSIZE_ld-ISIZE_ul-using_1_threads.txt
# acpphint_main version: 0.1.23

2.167e-06 461467 1 456
3.612e-06 553710 2 648
4.964e-06 604351 3 840
6.463e-06 618908 4 1032
8.001e-06 624922 5 1224
9.593e-06 625456 6 1416
1.0982e-05 637407 7 1608
1.3944e-05 645439 9 1992
1.7019e-05 646336 11 2376
2.137e-05 655124 14 2952
2.5722e-05 660913 17 3528
3.1537e-05 665885 21 4296
3.8815e-05 669844 26 5256
4.7555e-05 672905 32 6408
5.8925e-05 678829 40 7944
7.3147e-05 683555 50 9864
9.2036e-05 684515 63 12360
0.00011461 689294 79 15432
0.00014298 692405 99 19272
0.00017883 693396 124 24072
0.000224514 694834 156 30216
0.000280866 697842 196 37896
0.000353734 698265 247 47688
0.000447363 695185 311 59976
0.000560156 698020 391 75336
0.000704062 698802 492 94728
0.000887114 697768 619 119112
0.00111581 698146 779 149832
0.00140118 699411 980 188424
0.00176708 698328 1234 237192
0.00222105 699218 1553 298440
0.00279134 700381 1955 375624
0.00350784 701571 2461 472776
0.00441553 701615 3098 595080
0.00556488 700824 3900 749064
0.00704074 697370 4910 942984
0.00898542 687892 6181 1187016
0.0112638 690800 7781 1494216
0.0143423 682946 9795 1880904
0.0180479 683239 12331 2367816
0.0227418 682620 15524 2980872
0.0287143 680602 19543 3752520
0.0363022 677727 24603 4724040
0.0453521 682945 30973 5947080
0.057546 677579 38992 7486728
0.0723404 678569 49087.9 9425160
0.0910697 678578 61797.9 11865480
0.11405 682147 77798.9 14937672
0.143035 684747 97942.8 18805320
0.179019 688770 123303 23674440
0.22633 685851 155228 29804232
0.28324 689946 195420 37521096
0.35708 688973 246019 47236104
0.44819 691044 309719 59466696
0.563719 691677 389912 74863944
0.705565 695710 490869 94248072
0.892915 692076 617965 118651272
1.12203 693359 777969 149373000
