# filename: ./acpphint-RPi4B-3072MiB-threads_4-LP64-FreeBSD_13_r363590M_64bit-g++_10_O3lto-libc++-cpulockdown-DSIZE_ld-ISIZE_ull-using_4_threads.txt
# acpphint_main version: 0.1.23

0.000108852 137802 15 3360
0.000106425 178529 19 4128
0.000105685 217628 23 4896
0.000111574 241992 27 5664
0.000115332 268789 31 6432
0.000109574 355924 39 7968
0.000114129 411815 47 9504
0.000122129 481459 58.8001 11808
0.000124684 564097 70.3339 14112
0.000133555 647335 86.4548 17184
0.000141628 752985 106.644 21024
0.000151295 862232 130.451 25632
0.000160851 1.01054e+06 162.546 31776
0.000178665 1.13143e+06 202.147 39456
0.000197092 1.29381e+06 255 49440
0.000224998 1.41779e+06 319 61728
0.000259035 1.53514e+06 397.655 77088
0.000288849 1.72406e+06 497.994 96288
0.000342293 1.82609e+06 625.057 120864
0.00040309 1.94777e+06 785.128 151584
0.000476718 2.07364e+06 988.539 190752
0.000572884 2.16802e+06 1242.03 239904
0.000695641 2.24815e+06 1563.9 301344
0.000868251 2.2638e+06 1965.55 378912
0.00109334 2.25645e+06 2467.08 476448
0.00138776 2.24405e+06 3114.21 599328
0.00175872 2.22399e+06 3911.39 753696
0.00223233 2.20079e+06 4912.88 948768
0.0027827 2.2308e+06 6207.64 1193760
0.00340813 2.28838e+06 7799.09 1502496
0.00416061 2.35335e+06 9791.35 1891104
0.00510026 2.42807e+06 12383.8 2380320
0.00629712 2.47004e+06 15554.1 2996256
0.0077792 2.51008e+06 19526.4 3771936
0.00970874 2.54523e+06 24711 4748064
0.0120645 2.57182e+06 31027.7 5976864
0.0150354 2.58987e+06 38939.8 7523616
0.0188896 2.61033e+06 49308.1 9471264
0.0236997 2.61176e+06 61897.9 11923488
0.0295109 2.63194e+06 77671 15010080
0.0368905 2.66743e+06 98402.6 18896160
0.0461561 2.67546e+06 123489 23788320
0.0582108 2.66153e+06 154930 29946912
0.0727616 2.69809e+06 196318 37700640
0.0919834 2.6785e+06 246377 47461920
0.11516 2.68368e+06 309054 59750688
0.144886 2.70259e+06 391566 75221280
0.181793 2.70402e+06 491572 94697760
0.229745 2.68344e+06 616508 119216928
0.28859 2.70629e+06 781008 150084384
0.364397 2.69153e+06 980783 188944416
0.457537 2.68793e+06 1.22983e+06 237866784
0.574777 2.71025e+06 1.55779e+06 299455776
0.72589 2.69582e+06 1.95687e+06 376992288
0.910158 2.69547e+06 2.4533e+06 474605088
1.14475 2.71424e+06 3.10713e+06 597492000
