# filename: ./acpphint-RPi4B-8192MiB-threads_4-LP64-FreeBSD_13_r365932M_64bit-g++_10_O3lto-libc++-cpulockdown-DSIZE_ld-ISIZE_ull-using_2_threads-cpus_0_1.txt
# acpphint_main version: 0.1.23

4.487e-05 156006 7 1680
4.1944e-05 214572 9 2064
3.9759e-05 276667 11 2448
4.2685e-05 304557 13 2832
4.2796e-05 350500 15 3216
4.787e-05 396908 19 3984
4.8555e-05 473690 23 4752
5.4185e-05 533974 28.9334 5904
5.7074e-05 609357 34.7785 7056
6.2536e-05 684703 42.8186 8592
6.9981e-05 755670 52.8825 10512
8.0721e-05 802937 64.8139 12816
9.2481e-05 874195 80.8465 15888
0.000105647 953313 100.715 19728
0.000124443 1.02055e+06 127 24720
0.000148998 1.06713e+06 159 30864
0.000179109 1.10853e+06 198.548 38544
0.000214256 1.16061e+06 248.668 48144
0.000260126 1.20084e+06 312.369 60432
0.000317625 1.23532e+06 392.369 75792
0.000393199 1.25684e+06 494.187 95376
0.000485994 1.27858e+06 621.382 119952
0.000600863 1.30139e+06 781.955 150672
0.000745342 1.31912e+06 983.196 189456
0.000929951 1.32815e+06 1235.11 238224
0.00115824 1.3446e+06 1557.38 299664
0.00144813 1.35151e+06 1957.15 376848
0.00181383 1.35651e+06 2460.48 474384
0.00227729 1.36325e+06 3104.51 596880
0.00290054 1.34564e+06 3903.08 751248
0.00369919 1.32592e+06 4904.82 945552
0.00463718 1.33555e+06 6193.2 1190160
0.00583455 1.33426e+06 7784.79 1498128
0.00726292 1.34696e+06 9782.89 1885968
0.00909166 1.35922e+06 12357.6 2374032
0.0113767 1.36507e+06 15530 2988432
0.0142204 1.37208e+06 19511.5 3761808
0.0178682 1.37991e+06 24656.6 4735632
0.0224706 1.37879e+06 30982.2 5961744
0.028155 1.38242e+06 38922 7505040
0.0355037 1.38585e+06 49202.8 9448080
0.04462 1.3853e+06 61812.1 11894160
0.0559294 1.38825e+06 77643.9 14973456
0.0701688 1.39898e+06 98164.9 18850320
0.0880729 1.40026e+06 123325 23730960
0.110728 1.39888e+06 154896 29875344
0.139144 1.40731e+06 195819 37610640
0.174614 1.40917e+06 246061 47348880
0.219573 1.40733e+06 309013 59608464
0.275585 1.41743e+06 390623 75042192
0.347183 1.41408e+06 490944 94472208
0.436556 1.41213e+06 616472 118933392
0.550157 1.41637e+06 779224 149727888
0.691616 1.41632e+06 979547 188496144
0.871358 1.41142e+06 1.22985e+06 237302544
1.09772 1.41605e+06 1.55442e+06 298746000
