# filename: ./acpphint-RPi4B-3072MiB-threads_4-LP64-FreeBSD_13_r363590M_64bit-g++_10_O3lto-libc++-DSIZE_ld-ISIZE_ull-using_3_threads-cpus_0_1_2.txt
# acpphint_main version: 0.1.23

8.8017e-05 124976 11 2520
8.4036e-05 166595 14 3096
8.587e-05 197974 17 3672
8.3036e-05 240859 20 4248
8.2054e-05 280303 23 4824
8.5276e-05 340072 29 5976
8.7333e-05 400765 35 7128
8.7018e-05 504111 43.8667 8856
9.1554e-05 574046 52.5562 10584
9.9851e-05 647332 64.6367 12888
0.000103461 770951 79.7633 15768
0.000116647 836987 97.6321 19224
0.000121739 999646 121.696 23832
0.000139702 1.08396e+06 151.431 29592
0.000159553 1.19709e+06 191 37080
0.000180405 1.3248e+06 239 46296
0.000213887 1.39373e+06 298.101 57816
0.000246164 1.5166e+06 373.332 72216
0.000294478 1.59168e+06 468.716 90648
0.000356293 1.65242e+06 588.747 113688
0.000427273 1.73511e+06 741.364 143064
0.000521531 1.78649e+06 931.71 179928
0.000637752 1.83916e+06 1172.93 226008
0.000799603 1.84388e+06 1474.37 284184
0.000976211 1.89622e+06 1851.11 357336
0.00124302 1.87912e+06 2335.79 449496
0.00158946 1.84608e+06 2934.28 565272
0.00202953 1.81653e+06 3686.71 711576
0.00257216 1.81018e+06 4656.07 895320
0.00323119 1.81082e+06 5851.09 1126872
0.00400894 1.83294e+06 7348.14 1418328
0.00496059 1.87245e+06 9288.48 1785240
0.00613019 1.90361e+06 11669.5 2247192
0.00763454 1.91954e+06 14654.8 2828952
0.00949063 1.9529e+06 18534.3 3561048
0.0118796 1.95957e+06 23278.9 4482648
0.0148333 1.97029e+06 29225.9 5642712
0.0186161 1.98658e+06 36982.4 7103448
0.0234009 1.98455e+06 46440.1 8942616
0.0291462 2.00016e+06 58297 11257560
0.0365736 2.01793e+06 73802.8 14172120
0.0457602 2.0247e+06 92650.6 17841240
0.0572817 2.03011e+06 116288 22460184
0.0719941 2.04519e+06 147241 28275480
0.090109 2.05142e+06 184852 35596440
0.113228 2.04875e+06 231977 44813016
0.142712 2.05795e+06 293694 56415960
0.178984 2.06062e+06 368817 71023320
0.22689 2.0396e+06 462765 89412696
0.283507 2.06633e+06 585819 112563288
0.357441 2.05871e+06 735868 141708312
0.448579 2.05797e+06 923163 178400088
0.566758 2.06176e+06 1.16852e+06 224591832
0.711552 2.06341e+06 1.46822e+06 282744216
0.893854 2.06031e+06 1.84161e+06 355953816
1.12629 2.06947e+06 2.33082e+06 448119000
