# filename: ./acpphint-RPi4B-3072MiB-threads_4-LP64-FreeBSD_13_r365932M_64bit-g++_10_O3lto-libc++-DSIZE_d-ISIZE_ull-using_4_threads.txt
# acpphint_main version: 0.1.23

0.000103278 145239 15 1952
0.000102722 184965 19 2368
0.000100777 228227 23 2784
9.8074e-05 275302 27 3200
9.9611e-05 311211 31 3616
0.000103518 376746 39 4448
9.9999e-05 470005 47 5280
9.6204e-05 611202 58.8001 6528
9.8074e-05 717151 70.3338 7776
0.000103073 838773 86.4548 9440
0.000103203 1.03334e+06 106.644 11520
0.000102518 1.27247e+06 130.451 14016
0.000103962 1.56352e+06 162.546 17344
0.000110647 1.82696e+06 202.147 21504
0.000104111 2.44931e+06 255 26912
0.000110036 2.89905e+06 319 33568
0.000114647 3.46851e+06 397.655 41888
0.000115036 4.32902e+06 497.994 52288
0.000115517 5.41095e+06 625.057 65600
0.000125795 6.24132e+06 785.127 82240
0.000120277 8.21885e+06 988.538 103456
0.000126092 9.85015e+06 1242.02 130080
0.000131073 1.19315e+07 1563.9 163360
0.000150869 1.30281e+07 1965.54 205376
0.00011787 2.09304e+07 2467.07 258208
0.000142499 2.18542e+07 3114.2 324768
0.000174684 2.23912e+07 3911.38 408384
0.000182665 2.68955e+07 4912.86 514048
0.000455051 1.36416e+07 6207.61 646752
0.00074114 1.0523e+07 7799.04 813984
0.00111202 8.8049e+06 9791.26 1024480
0.00150348 8.23663e+06 12383.6 1289472
0.00205087 7.58407e+06 15553.9 1623104
0.00272912 7.15472e+06 19526.1 2043264
0.00356357 6.93416e+06 24710.4 2572000
0.00441223 7.03199e+06 31026.7 3237600
0.00576784 6.75094e+06 38938.4 4075424
0.00734247 6.71514e+06 49305.7 5130400
0.00945148 6.54861e+06 61894.1 6458688
0.0120631 6.43824e+06 77665.1 8130592
0.0153915 6.39269e+06 98393.2 10235552
0.0196766 6.27517e+06 123474 12885472
0.0248986 6.22148e+06 154906 16221376
0.0316936 6.19305e+06 196280 20421312
0.0398422 6.18234e+06 246318 25708672
0.0505488 6.11212e+06 308961 32365088
0.0639749 6.11828e+06 391417 40744992
0.0807609 6.08384e+06 491336 51294752
0.102063 6.03685e+06 616138 64575968
0.128497 6.07341e+06 780415 81295840
0.161456 6.06882e+06 979847 102345024
0.205167 5.98709e+06 1.22836e+06 128844640
0.259072 6.00386e+06 1.55543e+06 162205344
0.32552 6.00008e+06 1.95315e+06 204204288
0.410134 5.96746e+06 2.44746e+06 257077888
0.518454 5.975e+06 3.09776e+06 323641632
0.651302 5.97191e+06 3.88952e+06 407440256
0.821264 5.93063e+06 4.87062e+06 512936608
1.03596 5.94625e+06 6.16009e+06 645748768
