# filename: ./acpphint-RPi4B-8192MiB-threads_4-LP64-FreeBSD_13_r365932M_64bit-g++_10_O3lto-libc++-cpulockdown-DSIZE_ld-ISIZE_ull-using_4_threads.txt
# acpphint_main version: 0.1.23

8.5739e-05 174950 15 3360
8.6758e-05 219000 19 4128
8.737e-05 263248 23 4896
8.3073e-05 325015 27 5664
8.674e-05 357390 31 6432
8.9999e-05 433338 39 7968
9.0814e-05 517541 47 9504
9.7518e-05 602966 58.8001 11808
0.000100147 702306 70.3339 14112
0.000106758 809821 86.4548 17184
0.000115832 920676 106.644 21024
0.000124054 1.05157e+06 130.451 25632
0.000133369 1.21877e+06 162.546 31776
0.000151313 1.33595e+06 202.147 39456
0.000167757 1.52006e+06 255 49440
0.000193183 1.65128e+06 319 61728
0.000221701 1.79365e+06 397.655 77088
0.000260663 1.91049e+06 497.994 96288
0.000307774 2.0309e+06 625.057 120864
0.000364958 2.15128e+06 785.128 151584
0.000441364 2.23974e+06 988.539 190752
0.000537178 2.31213e+06 1242.03 239904
0.000656232 2.38316e+06 1563.9 301344
0.000808268 2.4318e+06 1965.55 378912
0.00100552 2.45352e+06 2467.08 476448
0.00127832 2.43618e+06 3114.21 599328
0.00162279 2.41028e+06 3911.39 753696
0.00205795 2.38726e+06 4912.88 948768
0.00257104 2.41445e+06 6207.64 1193760
0.00317981 2.45269e+06 7799.09 1502496
0.00391543 2.50071e+06 9791.35 1891104
0.00483992 2.55867e+06 12383.8 2380320
0.00600222 2.5914e+06 15554.1 2996256
0.00744249 2.62364e+06 19526.4 3771936
0.00927221 2.66506e+06 24711 4748064
0.0116045 2.67376e+06 31027.7 5976864
0.014478 2.68958e+06 38939.8 7523616
0.0181747 2.71301e+06 49308.1 9471264
0.0228009 2.71472e+06 61897.9 11923488
0.028518 2.72358e+06 77671 15010080
0.0356146 2.76299e+06 98402.6 18896160
0.0447026 2.76246e+06 123489 23788320
0.0560473 2.76427e+06 154930 29946912
0.0704804 2.78542e+06 196318 37700640
0.0884105 2.78674e+06 246377 47461920
0.111089 2.78204e+06 309054 59750688
0.139423 2.80847e+06 391566 75221280
0.175453 2.80173e+06 491572 94697760
0.221349 2.78523e+06 616508 119216928
0.27825 2.80686e+06 781008 150084384
0.349851 2.80343e+06 980783 188944416
0.440275 2.79332e+06 1.22983e+06 237866784
0.552468 2.81969e+06 1.55779e+06 299455776
0.696239 2.81063e+06 1.95687e+06 376992288
0.877291 2.79645e+06 2.4533e+06 474605088
1.10755 2.80541e+06 3.10713e+06 597492000
