# filename: ./acpphint-RPi4B-3072MiB-threads_4-LP64-FreeBSD_13_r363590M_64bit-g++_10_O3lto-libc++-DSIZE_ul-ISIZE_ul-using_2_threads-cpus_0_3.txt
# acpphint_main version: 0.1.23

5.311e-05 131802 7 976
5.6462e-05 159399 9 1184
5.4295e-05 202597 11 1392
5.1981e-05 250091 13 1600
5.0963e-05 294331 15 1808
5.4444e-05 348982 19 2224
5.0592e-05 454617 23 2640
5.2204e-05 554237 28.9334 3264
5.361e-05 648731 34.7785 3888
5.4277e-05 788890 42.8186 4720
5.4833e-05 964429 52.8825 5760
5.261e-05 1.23197e+06 64.8139 7008
5.4203e-05 1.49155e+06 80.8465 8672
5.7184e-05 1.76124e+06 100.715 10752
5.9499e-05 2.13449e+06 127 13456
5.6036e-05 2.83746e+06 159 16784
5.8406e-05 3.39944e+06 198.548 20944
5.8018e-05 4.28606e+06 248.668 26144
6.1018e-05 5.1193e+06 312.369 32800
6.3277e-05 6.20081e+06 392.369 41120
6.9777e-05 7.08238e+06 494.187 51728
6.5e-05 9.55972e+06 621.382 65040
6.874e-05 1.13755e+07 781.955 81680
7.2313e-05 1.35964e+07 983.196 102688
7.874e-05 1.5686e+07 1235.11 129104
8.6981e-05 1.79048e+07 1557.38 162384
0.000105054 1.863e+07 1957.15 204192
0.00011761 2.09206e+07 2460.47 257024
0.000137239 2.26212e+07 3104.51 323376
0.000180442 2.16306e+07 3903.07 406992
0.000238219 2.05895e+07 4904.82 512240
0.000407347 1.52037e+07 6193.19 644736
0.000618418 1.25882e+07 7784.78 811552
0.000958248 1.02091e+07 9782.87 1021632
0.0014297 8.64342e+06 12357.5 1286000
0.00199809 7.77243e+06 15530 1618800
0.00279856 6.97194e+06 19511.4 2037712
0.00373138 6.60787e+06 24656.5 2565200
0.0049374 6.27496e+06 30982 3229344
0.00635992 6.11984e+06 38921.7 4065296
0.00819005 6.00757e+06 49202.3 5117776
0.010399 5.94397e+06 61811.3 6442736
0.013225 5.8709e+06 77642.6 8110688
0.0168768 5.81646e+06 98162.9 10210656
0.0214151 5.75865e+06 123322 12854336
0.0271501 5.70499e+06 154891 16182544
0.0343706 5.69705e+06 195811 20372496
0.0432767 5.68546e+06 246048 25647376
0.0546068 5.6585e+06 308992 32287984
0.0689536 5.66455e+06 390591 40647920
0.0868951 5.64927e+06 490894 51172512
0.109329 5.63795e+06 616392 64422320
0.138072 5.64267e+06 779097 81102672
0.173626 5.64056e+06 979346 102102144
0.219443 5.60298e+06 1.22953e+06 128538944
0.276057 5.62895e+06 1.55391e+06 161820816
0.347767 5.61759e+06 1.95361e+06 203720128
0.437995 5.5988e+06 2.45225e+06 256468304
0.551693 5.61679e+06 3.09874e+06 322874384
0.693389 5.61913e+06 3.89624e+06 406474576
0.872181 5.60611e+06 4.88954e+06 511721120
1.09905 5.62051e+06 6.17721e+06 644218576
