# filename: ./acpphint-RPi4B-3072MiB-threads_4-LP64-FreeBSD_13_r365932M_64bit-g++_10_O3lto-libc++-cpulockdown-DSIZE_ld-ISIZE_ull-using_3_threads-cpus_0_1_2.txt
# acpphint_main version: 0.1.23

8.8258e-05 124635 11 2520
8.6444e-05 161955 14 3096
8.9165e-05 190658 17 3672
8.7851e-05 227658 20 4248
9.3683e-05 245509 23 4824
9.3777e-05 309244 29 5976
0.000100332 348842 35 7128
0.000101091 433933 43.8667 8856
0.000108554 484148 52.5562 10584
0.000106998 604093 64.6367 12888
0.000121072 658809 79.7633 15768
0.000125794 776127 97.6321 19224
0.000137313 886267 121.696 23832
0.000152795 991071 151.431 29592
0.000172739 1.10571e+06 191 37080
0.000192201 1.24349e+06 239 46296
0.000224016 1.33071e+06 298.101 57816
0.000267052 1.39797e+06 373.332 72216
0.00030544 1.53456e+06 468.716 90648
0.00037855 1.55527e+06 588.747 113688
0.000457882 1.61912e+06 741.364 143064
0.000541807 1.71964e+06 931.71 179928
0.000665084 1.76358e+06 1172.93 226008
0.000807341 1.82621e+06 1474.37 284184
0.00101289 1.82754e+06 1851.11 357336
0.00127443 1.83282e+06 2335.79 449496
0.00159929 1.83473e+06 2934.28 565272
0.00204942 1.79891e+06 3686.71 711576
0.00260704 1.78596e+06 4656.07 895320
0.00326681 1.79107e+06 5851.09 1126872
0.00403541 1.82092e+06 7348.14 1418328
0.00497427 1.86731e+06 9288.48 1785240
0.00612677 1.90467e+06 11669.5 2247192
0.0076278 1.92123e+06 14654.8 2828952
0.00947344 1.95644e+06 18534.3 3561048
0.0118288 1.96799e+06 23278.9 4482648
0.0147624 1.97975e+06 29225.9 5642712
0.0184893 2.0002e+06 36982.4 7103448
0.0232049 2.0013e+06 46440.1 8942616
0.0289844 2.01132e+06 58297 11257560
0.0362675 2.03496e+06 73802.8 14172120
0.0452815 2.0461e+06 92650.6 17841240
0.0570349 2.03889e+06 116288 22460184
0.0711256 2.07016e+06 147241 28275480
0.0893191 2.06956e+06 184852 35596440
0.112602 2.06015e+06 231977 44813016
0.142309 2.06377e+06 293694 56415960
0.178235 2.06928e+06 368817 71023320
0.223399 2.07148e+06 462765 89412696
0.28309 2.06938e+06 585819 112563288
0.355008 2.07282e+06 735868 141708312
0.446502 2.06754e+06 923163 178400088
0.56105 2.08273e+06 1.16852e+06 224591832
0.702377 2.09036e+06 1.46822e+06 282744216
0.890638 2.06775e+06 1.84161e+06 355953816
1.12225 2.07692e+06 2.33082e+06 448119000
