# filename: ./acpphint-RPi4B-3072MiB-threads_4-LP64-FreeBSD_13_r365932M_64bit-g++_10_O3lto-libc++-DSIZE_ul-ISIZE_ul-using_4_threads.txt
# acpphint_main version: 0.1.23

0.000100592 149117 15 1952
9.9702e-05 190568 19 2368
9.8406e-05 233726 23 2784
0.000101702 265482 27 3200
0.000101462 305533 31 3616
9.9611e-05 391523 39 4448
0.000109981 427347 47 5280
0.000102703 572525 58.8001 6528
9.6573e-05 728297 70.3339 7776
0.000101296 853487 86.4548 9440
0.00010287 1.03668e+06 106.644 11520
0.000108814 1.19885e+06 130.451 14016
0.000107406 1.51338e+06 162.546 17344
0.000110073 1.83648e+06 202.147 21504
0.000106962 2.38402e+06 255 26912
0.000103185 3.09153e+06 319 33568
0.000111648 3.56168e+06 397.655 41888
0.000111277 4.47526e+06 497.994 52288
0.000112018 5.57997e+06 625.057 65600
0.000118721 6.61322e+06 785.128 82240
0.000123721 7.99007e+06 988.539 103456
0.00012998 9.55552e+06 1242.03 130080
0.000127906 1.2227e+07 1563.9 163360
0.000136073 1.44448e+07 1965.55 205376
0.000155906 1.58241e+07 2467.07 258208
0.000147202 2.1156e+07 3114.2 324768
0.000180406 2.1681e+07 3911.39 408384
0.000274849 1.78748e+07 4912.88 514048
0.000473069 1.3122e+07 6207.63 646752
0.000732047 1.06538e+07 7799.08 813984
0.00110167 8.8877e+06 9791.33 1024480
0.00149663 8.27442e+06 12383.7 1289472
0.00200923 7.7413e+06 15554.1 1623104
0.00273802 7.13156e+06 19526.4 2043264
0.0035232 7.01375e+06 24710.8 2572000
0.00430823 7.20192e+06 31027.5 3237600
0.00558786 6.9686e+06 38939.5 4075424
0.00725413 6.79717e+06 49307.6 5130400
0.00934379 6.6244e+06 61897.1 6458688
0.0120097 6.46724e+06 77669.8 8130592
0.0153411 6.4142e+06 98400.6 10235552
0.0194505 6.34872e+06 123486 12885472
0.0247574 6.2577e+06 154925 16221376
0.0315564 6.22092e+06 196309 20421312
0.0401062 6.1428e+06 246365 25708672
0.050468 6.12336e+06 309034 32365088
0.063799 6.137e+06 391534 40744992
0.0807214 6.0891e+06 491521 51294752
0.101679 6.0625e+06 616428 64575968
0.128112 6.09528e+06 780880 81295840
0.161316 6.07864e+06 980581 102345024
0.204205 6.02097e+06 1.22951e+06 128844640
0.25584 6.08692e+06 1.55728e+06 162205344
0.322371 6.06775e+06 1.95606e+06 204204288
0.40923 5.99184e+06 2.45204e+06 257077888
0.51491 6.03039e+06 3.10511e+06 323641632
0.648147 6.01887e+06 3.90112e+06 407440256
0.814553 6.00183e+06 4.88881e+06 512936608
1.02735 6.02446e+06 6.18922e+06 645748768
