# filename: ./acpphint-RPi4B-3072MiB-threads_4-LP64-FreeBSD_13_r363590M_64bit-g++_10_O3lto-libc++-cpulockdown-DSIZE_d-ISIZE_ui-using_1_threads.txt
# acpphint_main version: 0.1.23

9.58514e-08 1.04331e+07 1.00003 264
1.45854e-07 1.37126e+07 2.00003 360
1.98583e-07 1.51073e+07 3.00006 456
2.48679e-07 1.60852e+07 4.00005 552
2.99375e-07 1.67017e+07 5.00007 648
3.482e-07 1.72317e+07 6.00009 744
3.99222e-07 1.75344e+07 7.00012 840
5.08e-07 1.77167e+07 9.0001 1032
6.08083e-07 1.80899e+07 11.0001 1224
7.57e-07 1.84941e+07 14 1512
9.0525e-07 1.8779e+07 16.9997 1800
1.10817e-06 1.89494e+07 20.9991 2184
1.35675e-06 1.91627e+07 25.999 2664
1.653e-06 1.93576e+07 31.9982 3240
2.0465e-06 1.95446e+07 39.998 4008
2.5465e-06 1.96338e+07 49.9975 4968
3.1945e-06 1.97199e+07 62.9951 6216
4.019e-06 1.96547e+07 78.9924 7752
4.982e-06 1.98694e+07 98.9893 9672
6.259e-06 1.98091e+07 123.985 12072
7.963e-06 1.95875e+07 155.975 15144
9.834e-06 1.99264e+07 195.956 18984
1.2408e-05 1.99006e+07 246.927 23880
1.5519e-05 2.00325e+07 310.884 30024
2.0501e-05 1.90626e+07 390.803 37704
2.5297e-05 1.94375e+07 491.71 47400
3.2704e-05 1.89132e+07 618.536 59592
4.0926e-05 1.90166e+07 778.275 74952
5.2611e-05 1.86031e+07 978.725 94248
6.5666e-05 1.8761e+07 1231.96 118632
8.3778e-05 1.8497e+07 1549.64 149256
0.000105073 1.85558e+07 1949.71 187848
0.000133573 1.8361e+07 2452.54 236424
0.000169314 1.82176e+07 3084.5 297576
0.00021272 1.82314e+07 3878.18 374568
0.000269942 1.80605e+07 4875.3 471528
0.000345664 1.77233e+07 6126.32 593544
0.000465921 1.65145e+07 7694.44 747144
0.000656827 1.47048e+07 9658.49 940488
0.000993398 1.21931e+07 12112.6 1183944
0.0016498 9.20102e+06 15179.8 1490472
0.00257473 7.37928e+06 18999.7 1876296
0.00352552 6.73328e+06 23738.3 2362056
0.00467465 6.33358e+06 29607.3 2973576
0.0061279 6.01193e+06 36840.5 3743400
0.00778616 5.87359e+06 45732.7 4712616
0.00985306 5.74505e+06 56606.3 5932776
