# filename: ./acpphint-RPi4B-4096MiB-threads_4-LP64-FreeBSD_13_r365932M_64bit-g++_10_O3lto-libc++-DSIZE_f-ISIZE_ui-using_2_threads-cpus_0_3.txt
# acpphint_main version: 0.1.23

3.9722e-05 176274 7.00195 560
4.3037e-05 209158 9.00153 664
4.3852e-05 250844 11 768
4.1759e-05 311310 13 872
4.2166e-05 355737 15 976
4.4556e-05 426362 18.997 1184
4.4796e-05 513439 23 1392
4.2389e-05 682408 28.9266 1704
4.6667e-05 744934 34.7639 2016
4.7537e-05 900280 42.7966 2432
4.1019e-05 1.28787e+06 52.8272 2952
4.6092e-05 1.40458e+06 64.7398 3576
4.4666e-05 1.80689e+06 80.7064 4408
4.4426e-05 2.26303e+06 100.537 5448
4.5981e-05 2.75658e+06 126.75 6800
5.0926e-05 3.11311e+06 158.538 8464
5.1611e-05 3.83603e+06 197.981 10544
4.9351e-05 5.0195e+06 247.717 13144
5.3185e-05 5.84589e+06 310.914 16472
5.5703e-05 7.00052e+06 389.95 20632
5.3426e-05 9.16712e+06 489.763 25936
5.4222e-05 1.13172e+07 613.64 32592
6.2555e-05 1.22749e+07 767.856 40912
6.8814e-05 1.39575e+07 960.473 51416
