# filename: ./acpphint-RPi4B-3072MiB-threads_4-LP64-FreeBSD_13_r363590M_64bit-g++_10_O3lto-libc++-DSIZE_ull-ISIZE_ull-using_2_threads-cpus_0_3.txt
# acpphint_main version: 0.1.23

5.5944e-05 125125 7 976
5.337e-05 168634 9 1184
5.5593e-05 197867 11 1392
5.3815e-05 241568 13 1600
5.3203e-05 281939 15 1808
5.2426e-05 362416 19 2224
5.0444e-05 455951 23 2640
5.4222e-05 533610 28.9334 3264
5.0241e-05 692233 34.7785 3888
5.1277e-05 835044 42.8186 4720
5.1851e-05 1.01989e+06 52.8825 5760
5.4888e-05 1.18084e+06 64.8139 7008
5.2723e-05 1.53342e+06 80.8465 8672
5.55e-05 1.81468e+06 100.715 10752
5.5907e-05 2.27163e+06 127 13456
6.0519e-05 2.62727e+06 159 16784
5.8555e-05 3.39079e+06 198.548 20944
6.2111e-05 4.00361e+06 248.668 26144
6e-05 5.20615e+06 312.369 32800
6.2055e-05 6.32292e+06 392.369 41120
6.3814e-05 7.74418e+06 494.187 51728
6.5981e-05 9.41759e+06 621.382 65040
7.2259e-05 1.08216e+07 781.955 81680
7.7296e-05 1.27199e+07 983.196 102688
7.6981e-05 1.60444e+07 1235.11 129104
8.6648e-05 1.79736e+07 1557.38 162384
0.000102426 1.9108e+07 1957.15 204192
0.000113684 2.16431e+07 2460.47 257024
0.000128481 2.41632e+07 3104.51 323376
0.000159814 2.44226e+07 3903.07 406992
0.000203684 2.40805e+07 4904.82 512240
0.000308719 2.00609e+07 6193.19 644736
0.000563549 1.38138e+07 7784.78 811552
0.000921045 1.06215e+07 9782.87 1021632
0.00134524 9.1861e+06 12357.5 1286000
0.00196796 7.89142e+06 15530 1618800
0.00275517 7.08173e+06 19511.4 2037712
0.00372462 6.61986e+06 24656.5 2565200
0.00493674 6.27581e+06 30982 3229344
0.00634474 6.13449e+06 38921.7 4065296
0.00810721 6.06896e+06 49202.3 5117776
0.0104642 5.90694e+06 61811.3 6442736
0.0133115 5.83275e+06 77642.6 8110688
0.0169154 5.80318e+06 98162.9 10210656
0.0213163 5.78535e+06 123322 12854336
0.027043 5.72757e+06 154891 16182544
0.0342986 5.70903e+06 195811 20372496
0.0433659 5.67376e+06 246048 25647376
0.0546943 5.64945e+06 308992 32287984
0.0689464 5.66514e+06 390591 40647920
0.0868466 5.65242e+06 490894 51172512
0.109591 5.62445e+06 616392 64422320
0.137639 5.66042e+06 779097 81102672
0.175183 5.59043e+06 979346 102102144
0.219019 5.61381e+06 1.22953e+06 128538944
0.277735 5.59495e+06 1.55391e+06 161820816
0.346828 5.63281e+06 1.95361e+06 203720128
0.438329 5.59454e+06 2.45225e+06 256468304
0.54998 5.63429e+06 3.09874e+06 322874384
0.694364 5.61124e+06 3.89624e+06 406474576
0.869968 5.62037e+06 4.88954e+06 511721120
1.09905 5.62049e+06 6.17721e+06 644218576
