# filename: ./acpphint-RPi4B-3072MiB-threads_4-LP64-FreeBSD_13_r363590M_64bit-g++_10_O3lto-libc++-cpulockdown-DSIZE_ull-ISIZE_ull-using_2_threads-cpus_0_2.txt
# acpphint_main version: 0.1.23

5.7574e-05 121583 7 976
5.7759e-05 155820 9 1184
5.6315e-05 195330 11 1392
5.6796e-05 228889 13 1600
5.7444e-05 261124 15 1808
5.85e-05 324786 19 2224
5.7925e-05 397065 23 2640
5.5611e-05 520282 28.9334 3264
5.6277e-05 617987 34.7785 3888
5.6777e-05 754153 42.8186 4720
5.8278e-05 907418 52.8825 5760
5.9259e-05 1.09374e+06 64.8139 7008
5.9482e-05 1.35918e+06 80.8465 8672
5.8481e-05 1.72218e+06 100.715 10752
5.8629e-05 2.16616e+06 127 13456
6.5259e-05 2.43645e+06 159 16784
6.0666e-05 3.2728e+06 198.548 20944
5.9703e-05 4.16509e+06 248.668 26144
6.3037e-05 4.95533e+06 312.369 32800
8.5537e-05 4.58712e+06 392.369 41120
7.3462e-05 6.72711e+06 494.187 51728
8.7296e-05 7.1181e+06 621.382 65040
7.7055e-05 1.0148e+07 781.955 81680
8.574e-05 1.14672e+07 983.196 102688
9.4684e-05 1.30446e+07 1235.11 129104
9.3629e-05 1.66335e+07 1557.38 162384
0.000109184 1.79253e+07 1957.15 204192
0.00012185 2.01927e+07 2460.47 257024
0.000152128 2.04072e+07 3104.51 323376
0.000208813 1.86917e+07 3903.07 406992
0.000266571 1.83997e+07 4904.82 512240
0.000354423 1.7474e+07 6193.19 644736
0.000584291 1.33235e+07 7784.78 811552
0.000960175 1.01886e+07 9782.87 1021632
0.00143124 8.63412e+06 12357.5 1286000
0.00202233 7.67925e+06 15530 1618800
0.00278053 7.01715e+06 19511.4 2037712
0.00371955 6.62888e+06 24656.5 2565200
0.00489989 6.32299e+06 30982 3229344
0.00632495 6.15367e+06 38921.7 4065296
0.00812068 6.0589e+06 49202.3 5117776
0.0103729 5.95891e+06 61811.3 6442736
0.0132937 5.84058e+06 77642.6 8110688
0.0168853 5.8135e+06 98162.9 10210656
0.0212609 5.8004e+06 123322 12854336
0.0269761 5.74179e+06 154891 16182544
0.0341624 5.73177e+06 195811 20372496
0.0429985 5.72224e+06 246048 25647376
0.0544201 5.67791e+06 308992 32287984
0.0683664 5.7132e+06 390591 40647920
0.0868275 5.65366e+06 490894 51172512
0.109526 5.6278e+06 616392 64422320
0.137962 5.6472e+06 779097 81102672
0.173893 5.63188e+06 979346 102102144
0.219108 5.61153e+06 1.22953e+06 128538944
0.276055 5.62899e+06 1.55391e+06 161820816
0.346742 5.6342e+06 1.95361e+06 203720128
0.435674 5.62862e+06 2.45225e+06 256468304
0.548221 5.65236e+06 3.09874e+06 322874384
0.69258 5.62568e+06 3.89624e+06 406474576
0.872253 5.60565e+06 4.88954e+06 511721120
1.09319 5.65062e+06 6.17721e+06 644218576
