# filename: ./acpphint-RPi4B-8192MiB-threads_4-LP64-FreeBSD_13_r365932M_64bit-g++_10_O3lto-libc++-DSIZE_d-ISIZE_ull-using_4_threads-cpus_0_1_2_3.txt
# acpphint_main version: 0.1.23

7.648e-05 196130 15 1952
7.7333e-05 245691 19 2368
7.5833e-05 303298 23 2784
7.5111e-05 359468 27 3200
7.6148e-05 407102 31 3616
7.5055e-05 519619 39 4448
7.6074e-05 617819 47 5280
7.8592e-05 748168 58.8001 6528
7.574e-05 928622 70.3338 7776
7.6981e-05 1.12307e+06 86.4548 9440
7.6536e-05 1.39338e+06 106.644 11520
8.1574e-05 1.59918e+06 130.451 14016
7.5055e-05 2.16569e+06 162.546 17344
7.7611e-05 2.60462e+06 202.147 21504
7.7278e-05 3.29977e+06 255 26912
7.8444e-05 4.06659e+06 319 33568
8.0203e-05 4.9581e+06 397.655 41888
7.6426e-05 6.51602e+06 497.994 52288
7.8981e-05 7.91402e+06 625.057 65600
8.337e-05 9.41738e+06 785.127 82240
9.2037e-05 1.07407e+07 988.538 103456
8.7925e-05 1.4126e+07 1242.02 130080
9.3462e-05 1.6733e+07 1563.9 163360
9.537e-05 2.06097e+07 1965.54 205376
8.7055e-05 2.83392e+07 2467.07 258208
9.087e-05 3.42709e+07 3114.2 324768
0.000104758 3.73373e+07 3911.38 408384
0.000160591 3.05924e+07 4912.86 514048
0.000302996 2.04874e+07 6207.61 646752
0.000499086 1.56266e+07 7799.04 813984
0.000785916 1.24584e+07 9791.26 1024480
0.00116682 1.06132e+07 12383.6 1289472
0.00158524 9.81171e+06 15553.9 1623104
0.00208762 9.35326e+06 19526.1 2043264
0.00280261 8.81691e+06 24710.4 2572000
0.00333312 9.30861e+06 31026.7 3237600
0.00432741 8.99808e+06 38938.4 4075424
0.00515923 9.5568e+06 49305.7 5130400
0.00678993 9.11557e+06 61894.1 6458688
0.00877653 8.84918e+06 77665.1 8130592
0.0110245 8.92497e+06 98393.2 10235552
0.0143155 8.62522e+06 123474 12885472
0.0185016 8.37258e+06 154906 16221376
0.0236262 8.30771e+06 196280 20421312
0.0326236 7.5503e+06 246318 25708672
0.0416628 7.41574e+06 308961 32365088
0.0505951 7.73626e+06 391417 40744992
0.0577929 8.50167e+06 491336 51294752
0.0738089 8.34774e+06 616138 64575968
0.0925372 8.43353e+06 780415 81295840
0.121406 8.07082e+06 979847 102345024
0.153734 7.99015e+06 1.22836e+06 128844640
0.195405 7.96005e+06 1.55543e+06 162205344
0.245614 7.95211e+06 1.95315e+06 204204288
0.330921 7.39591e+06 2.44746e+06 257077888
0.407673 7.59864e+06 3.09776e+06 323641632
0.466671 8.33461e+06 3.88952e+06 407440256
0.584687 8.3303e+06 4.87062e+06 512936608
0.735863 8.37124e+06 6.16009e+06 645748768
0.930328 8.3098e+06 7.73084e+06 812949152
1.21078 7.98636e+06 9.66976e+06 1023442240
