# filename: ./acpphint-RPi4B-4096MiB-threads_4-LP64-FreeBSD_13_r365932M_64bit-g++_10_O3lto-libc++-cpulockdown-DSIZE_ull-ISIZE_ull-using_1_threads.txt
# acpphint_main version: 0.1.23

8.025e-08 1.24611e+07 1 280
1.14031e-07 1.75391e+07 2 384
1.5125e-07 1.98347e+07 3 488
1.92444e-07 2.07852e+07 4 592
2.2575e-07 2.21484e+07 5 696
2.64571e-07 2.26782e+07 6 800
3.025e-07 2.31405e+07 7 904
3.84375e-07 2.34146e+07 9 1112
4.58375e-07 2.39978e+07 11 1320
5.74167e-07 2.43832e+07 14 1632
6.9e-07 2.46377e+07 17 1944
8.52e-07 2.46479e+07 21 2360
1.0465e-06 2.48447e+07 26 2880
1.278e-06 2.50391e+07 32 3504
1.5835e-06 2.52605e+07 40 4336
1.964e-06 2.54582e+07 50 5376
2.482e-06 2.53828e+07 63 6728
3.093e-06 2.55415e+07 79 8392
3.852e-06 2.57009e+07 99 10472
4.815e-06 2.57529e+07 124 13072
6.038e-06 2.58364e+07 156 16400
7.593e-06 2.58132e+07 196 20560
9.556e-06 2.58476e+07 247 25864
1.2037e-05 2.5837e+07 311 32520
1.5611e-05 2.50464e+07 391 40840
2.0519e-05 2.39778e+07 492 51344
2.5352e-05 2.44162e+07 619 64552
3.3129e-05 2.35141e+07 779 81192
4.0796e-05 2.4022e+07 980 102096
5.1666e-05 2.38842e+07 1234 128512
6.6741e-05 2.3269e+07 1553 161688
8.4333e-05 2.31819e+07 1955 203496
0.00010548 2.33314e+07 2461 256120
0.000134369 2.30559e+07 3098 322368
0.00016798 2.3217e+07 3900 405776
0.00021285 2.30679e+07 4909.99 510816
0.000276145 2.23831e+07 6180.99 643000
0.000347421 2.23964e+07 7780.99 809400
0.000486457 2.01353e+07 9794.98 1018856
0.00078336 1.57411e+07 12331 1282600
0.00120987 1.28311e+07 15523.9 1614672
0.00183236 1.06654e+07 19542.9 2032648
0.00248265 9.90992e+06 24602.9 2558888
0.00329918 9.38803e+06 30972.8 3221368
0.00441092 8.8398e+06 38991.6 4055344
0.00567179 8.65466e+06 49087.4 5105328
0.0072781 8.49083e+06 61797.1 6427168
0.00881251 8.82809e+06 77797.6 8091272
0.0111769 8.7628e+06 97940.8 10186248
0.0149038 8.273e+06 123299 12823688
0.0187563 8.27579e+06 155223 16143992
0.0236903 8.24861e+06 195412 20323960
0.0301197 8.16762e+06 246006 25586256
0.0379175 8.1677e+06 309699 32211160
0.0479864 8.1248e+06 389880 40551336
0.0603522 8.13255e+06 490818 51051072
0.0764636 8.08077e+06 617885 64269472
0.095752 8.12351e+06 777842 80910408
0.121364 8.06825e+06 979199 101860064
0.152142 8.10206e+06 1.23267e+06 128234152
0.19186 8.08777e+06 1.55172e+06 161437192
0.242129 8.06725e+06 1.95331e+06 203237288
0.303949 8.08947e+06 2.45879e+06 255860560
0.382337 8.09488e+06 3.09497e+06 322109288
0.483281 8.06075e+06 3.89561e+06 405511464
0.605779 8.09393e+06 4.90313e+06 510508616
0.766113 8.05476e+06 6.17085e+06 642692200
0.964886 8.04836e+06 7.76575e+06 809101456
1.21214 8.06171e+06 9.77193e+06 1018598328
