# filename: ./acpphint-RPi4B-3072MiB-threads_4-LP64-FreeBSD_13_r365932M_64bit-g++_10_O3lto-libc++-DSIZE_us-ISIZE_us-using_2_threads-cpus_0_2.txt
# acpphint_main version: 0.1.23

5.4481e-05 125122 6.81679 352
5.2833e-05 164352 8.68322 404
5.6462e-05 186639 10.538 456
5.2555e-05 235670 12.3856 508
5.0277e-05 281846 14.1704 560
5.8722e-05 300749 17.6606 664
5.5166e-05 382135 21.0809 768
5.3296e-05 488523 26.0363 924
5.2722e-05 579804 30.5684 1080
5.3963e-05 677834 36.578 1288
5.5463e-05 791296 43.8877 1548
