# filename: ./acpphint-RPi4B-3072MiB-threads_4-LP64-FreeBSD_13_r363590M_64bit-g++_10_O3lto-libc++-cpulockdown-DSIZE_d-ISIZE_ui-using_2_threads-cpus_0_1.txt
# acpphint_main version: 0.1.23

6.0166e-05 116347 7.00012 912
5.8685e-05 153363 9.0001 1104
5.313e-05 207042 11.0001 1296
5.7592e-05 225726 13 1488
5.5834e-05 268654 15 1680
5.2834e-05 359606 18.9994 2064
5.9426e-05 387017 22.9989 2448
5.5223e-05 523914 28.9321 3024
5.6926e-05 610904 34.7763 3600
5.5722e-05 768399 42.8167 4368
5.5685e-05 949623 52.8798 5328
5.9259e-05 1.09364e+06 64.8082 6480
5.7648e-05 1.40228e+06 80.8385 8016
5.5722e-05 1.80727e+06 100.705 9936
5.6574e-05 2.24457e+06 126.984 12432
5.7167e-05 2.78082e+06 158.971 15504
5.7611e-05 3.44557e+06 198.503 19344
5.8555e-05 4.24548e+06 248.594 24144
6.0111e-05 5.19459e+06 312.252 30288
6.2611e-05 6.26368e+06 392.175 37968
6.4926e-05 7.60705e+06 493.895 47760
6.3796e-05 9.733e+06 620.926 60048
6.8444e-05 1.14145e+07 781.252 75408
7.4426e-05 1.31931e+07 981.913 94800
8.0685e-05 1.52828e+07 1233.09 119184
9.0944e-05 1.70875e+07 1554 149904
0.000102278 1.90835e+07 1951.83 188496
0.000117296 2.09037e+07 2451.93 237264
0.000133833 2.30951e+07 3090.88 298512
0.000158555 2.4478e+07 3881.11 375696
0.000196535 2.47787e+07 4869.88 472848
0.000253831 2.41829e+07 6138.38 595152
0.0004072 1.89045e+07 7697.93 749136
0.000781086 1.23481e+07 9644.9 943056
0.00118234 1.0266e+07 12137.9 1187088
0.00176561 8.60064e+06 15185.4 1494288
