# filename: ./acpphint-RPi4B-4096MiB-threads_4-LP64-FreeBSD_13_r365932M_64bit-g++_10_O3lto-libc++-DSIZE_d-ISIZE_ui-using_2_threads-cpus_0_2.txt
# acpphint_main version: 0.1.23

4.5778e-05 152915 7.00012 912
4.8445e-05 185780 9.0001 1104
4.7463e-05 231762 11.0001 1296
4.6462e-05 279799 13 1488
4.4444e-05 337503 15 1680
4.2852e-05 443373 18.9994 2064
4.5944e-05 500586 22.9989 2448
4.9499e-05 584499 28.9321 3024
4.6593e-05 746385 34.7763 3600
5.3129e-05 805901 42.8167 4368
4.3611e-05 1.21253e+06 52.8798 5328
4.8944e-05 1.32413e+06 64.8082 6480
4.863e-05 1.66232e+06 80.8385 8016
4.45e-05 2.26303e+06 100.705 9936
4.9129e-05 2.58471e+06 126.984 12432
5.0518e-05 3.14682e+06 158.971 15504
5.2666e-05 3.76909e+06 198.503 19344
5.2407e-05 4.74353e+06 248.594 24144
5.3889e-05 5.79436e+06 312.252 30288
4.7204e-05 8.30809e+06 392.175 37968
5.3759e-05 9.18721e+06 493.895 47760
5.7962e-05 1.07126e+07 620.926 60048
6.7277e-05 1.16125e+07 781.252 75408
6.874e-05 1.42845e+07 981.913 94800
7.374e-05 1.67221e+07 1233.09 119184
8.3481e-05 1.86151e+07 1554 149904
8.9203e-05 2.18807e+07 1951.83 188496
0.000105333 2.32779e+07 2451.93 237264
0.000124554 2.48156e+07 3090.88 298512
0.000149536 2.59544e+07 3881.11 375696
0.000206275 2.36087e+07 4869.88 472848
0.000286774 2.14049e+07 6138.38 595152
0.000385237 1.99823e+07 7697.93 749136
0.000533715 1.80713e+07 9644.9 943056
0.000838711 1.44721e+07 12137.9 1187088
0.00125239 1.21251e+07 15185.4 1494288
