# filename: ./acpphint-RPi4B-4096MiB-threads_4-LP64-FreeBSD_13_r365932M_64bit-g++_10_O3lto-libc++-DSIZE_us-ISIZE_us-using_2_threads-cpus_1_3.txt
# acpphint_main version: 0.1.23

4.2296e-05 161169 6.81679 352
4.3037e-05 201762 8.68322 404
4.3963e-05 239702 10.538 456
4.163e-05 297517 12.3856 508
4.1945e-05 337832 14.1704 560
4.2852e-05 412130 17.6606 664
4.4462e-05 474132 21.0809 768
4.4111e-05 590245 26.0363 924
4.3204e-05 707536 30.5684 1080
4.4852e-05 815526 36.578 1288
4.5852e-05 957159 43.8877 1548
