# filename: ./acpphint-RPi4B-4096MiB-threads_4-LP64-FreeBSD_13_r365932M_64bit-g++_10_O3lto-libc++-DSIZE_d-ISIZE_ui-using_2_threads-cpus_2_3.txt
# acpphint_main version: 0.1.23

4.413e-05 158625 7.00012 912
4.6889e-05 191945 9.0001 1104
4.5519e-05 241660 11.0001 1296
4.3148e-05 301289 13 1488
4.1408e-05 362249 15 1680
4.4e-05 431805 18.9994 2064
4.3167e-05 532789 22.9989 2448
4.5555e-05 635103 28.9321 3024
4.7796e-05 727599 34.7763 3600
4.6297e-05 924827 42.8167 4368
5.0092e-05 1.05565e+06 52.8798 5328
4.3463e-05 1.49111e+06 64.8082 6480
4.5111e-05 1.79199e+06 80.8385 8016
4.75e-05 2.1201e+06 100.705 9936
5.2777e-05 2.40606e+06 126.984 12432
5.4204e-05 2.93283e+06 158.971 15504
4.8944e-05 4.05571e+06 198.503 19344
5.0277e-05 4.94449e+06 248.594 24144
5.1796e-05 6.0285e+06 312.252 30288
4.9093e-05 7.98841e+06 392.175 37968
5.2574e-05 9.39429e+06 493.895 47760
5.6852e-05 1.09218e+07 620.926 60048
5.937e-05 1.3159e+07 781.252 75408
7.124e-05 1.37832e+07 981.913 94800
8.0999e-05 1.52235e+07 1233.09 119184
8.3851e-05 1.85329e+07 1554 149904
9.7499e-05 2.00189e+07 1951.83 188496
0.000109907 2.23091e+07 2451.93 237264
0.000116128 2.66162e+07 3090.88 298512
0.000152424 2.54626e+07 3881.11 375696
0.000202534 2.40447e+07 4869.88 472848
0.000270608 2.26836e+07 6138.38 595152
0.000367792 2.09301e+07 7697.93 749136
0.000565567 1.70535e+07 9644.9 943056
0.000820507 1.47932e+07 12137.9 1187088
0.00118824 1.27797e+07 15185.4 1494288
