# filename: ./acpphint-RPi4B-3072MiB-threads_4-LP64-FreeBSD_13_r363590M_64bit-g++_10_O3lto-libc++-cpulockdown-DSIZE_d-ISIZE_ui-using_2_threads-cpus_2_3.txt
# acpphint_main version: 0.1.23

5.9148e-05 118349 7.00012 912
5.8296e-05 154386 9.0001 1104
5.85e-05 188037 11.0001 1296
6.0999e-05 213118 13 1488
6.2185e-05 241216 15 1680
6.1759e-05 307638 18.9994 2064
6.0555e-05 379802 22.9989 2448
6.1926e-05 467205 28.9321 3024
6.2666e-05 554947 34.7763 3600
5.95e-05 719609 42.8167 4368
6.1037e-05 866356 52.8798 5328
5.8166e-05 1.11419e+06 64.8082 6480
6.0555e-05 1.33496e+06 80.8385 8016
5.9759e-05 1.68518e+06 100.705 9936
6.0666e-05 2.09317e+06 126.984 12432
6.3741e-05 2.49402e+06 158.971 15504
5.9333e-05 3.34557e+06 198.503 19344
6.2759e-05 3.96109e+06 248.594 24144
6.2684e-05 4.98137e+06 312.252 30288
6.6889e-05 5.86307e+06 392.175 37968
6.8777e-05 7.18111e+06 493.895 47760
6.8943e-05 9.00637e+06 620.926 60048
7.7018e-05 1.01438e+07 781.252 75408
8.3906e-05 1.17025e+07 981.913 94800
8.6406e-05 1.42709e+07 1233.09 119184
9.8777e-05 1.57324e+07 1554 149904
0.000112758 1.73099e+07 1951.83 188496
0.000134461 1.82352e+07 2451.93 237264
0.000155016 1.99391e+07 3090.88 298512
0.000186202 2.08436e+07 3881.11 375696
0.000243775 1.99769e+07 4869.88 472848
0.000353311 1.73739e+07 6138.38 595152
0.000539902 1.4258e+07 7697.93 749136
0.000919046 1.04945e+07 9644.9 943056
0.0013466 9.01378e+06 12137.9 1187088
0.00193985 7.82813e+06 15185.4 1494288
