# filename: ./acpphint-RPi4B-3072MiB-threads_4-LP64-FreeBSD_13_r365932M_64bit-g++_10_O3lto-libc++-cpulockdown-DSIZE_ull-ISIZE_ull-using_1_threads.txt
# acpphint_main version: 0.1.23

9.02174e-08 1.10843e+07 1 280
1.29667e-07 1.54242e+07 2 384
1.69227e-07 1.77276e+07 3 488
2.08889e-07 1.91489e+07 4 592
2.50071e-07 1.99943e+07 5 696
2.9475e-07 2.03562e+07 6 800
3.297e-07 2.12314e+07 7 904
4.14375e-07 2.17195e+07 9 1112
4.94e-07 2.22672e+07 11 1320
6.17333e-07 2.26782e+07 14 1632
7.4075e-07 2.29497e+07 17 1944
9.075e-07 2.31405e+07 21 2360
1.1115e-06 2.33918e+07 26 2880
1.352e-06 2.36686e+07 32 3504
1.6855e-06 2.37318e+07 40 4336
2.093e-06 2.38892e+07 50 5376
2.63e-06 2.39544e+07 63 6728
3.26e-06 2.42331e+07 79 8392
4.093e-06 2.41876e+07 99 10472
5.093e-06 2.43471e+07 124 13072
6.39e-06 2.44131e+07 156 16400
8.037e-06 2.43872e+07 196 20560
1.0112e-05 2.44264e+07 247 25864
1.2759e-05 2.43749e+07 311 32520
1.6222e-05 2.41031e+07 391 40840
2.0704e-05 2.37635e+07 492 51344
2.6648e-05 2.32288e+07 619 64552
3.3574e-05 2.32025e+07 779 81192
4.3556e-05 2.24998e+07 980 102096
5.5574e-05 2.22046e+07 1234 128512
6.85e-05 2.26715e+07 1553 161688
8.7889e-05 2.2244e+07 1955 203496
0.000111981 2.19769e+07 2461 256120
0.000141887 2.18343e+07 3098 322368
0.000179665 2.1707e+07 3900 405776
0.00022909 2.14326e+07 4909.99 510816
0.000284292 2.17417e+07 6180.99 643000
0.000372458 2.08909e+07 7780.99 809400
0.000518437 1.88933e+07 9794.98 1018856
0.000982654 1.25486e+07 12331 1282600
0.00183695 8.45091e+06 15523.9 1614672
0.00268213 7.28634e+06 19542.9 2032648
0.00372146 6.61107e+06 24602.9 2558888
0.00489993 6.32107e+06 30972.8 3221368
0.00671368 5.80779e+06 38991.6 4055344
0.00836834 5.86585e+06 49087.4 5105328
0.0110125 5.61155e+06 61797.1 6427168
0.0135293 5.75033e+06 77797.6 8091272
0.0174218 5.62173e+06 97940.8 10186248
0.0221386 5.56942e+06 123299 12823688
0.0278751 5.56853e+06 155223 16143992
0.0353741 5.52416e+06 195412 20323960
0.0450824 5.45681e+06 246006 25586256
0.0581686 5.32415e+06 309699 32211160
0.072124 5.40568e+06 389880 40551336
0.0884486 5.54919e+06 490818 51051072
0.113292 5.45394e+06 617885 64269472
0.140236 5.54667e+06 777842 80910408
0.176872 5.53621e+06 979199 101860064
0.222086 5.55041e+06 1.23267e+06 128234152
0.281249 5.51723e+06 1.55172e+06 161437192
0.353276 5.52914e+06 1.95331e+06 203237288
0.452492 5.43388e+06 2.45879e+06 255860560
0.557805 5.54848e+06 3.09497e+06 322109288
0.706171 5.51653e+06 3.89561e+06 405511464
0.886862 5.52863e+06 4.90313e+06 510508616
1.11714 5.52379e+06 6.17085e+06 642692200
