# filename: ./acpphint-RPi4B-3072MiB-threads_4-LP64-FreeBSD_13_r365932M_64bit-g++_10_O3lto-libc++-DSIZE_ul-ISIZE_ul-using_3_threads-cpus_0_1_2.txt
# acpphint_main version: 0.1.23

8.4759e-05 129780 11 1464
8.6277e-05 162268 14 1776
8.8981e-05 191052 17 2088
8.5166e-05 234835 20 2400
7.6778e-05 299565 23 2712
8.4129e-05 344709 29 3336
8.2166e-05 425967 35 3960
8.0389e-05 545681 43.8667 4896
7.8888e-05 666212 52.5562 5832
8.3129e-05 777547 64.6367 7080
8.3092e-05 959940 79.7633 8640
8.5463e-05 1.14239e+06 97.6321 10512
8.2759e-05 1.47049e+06 121.696 13008
7.9981e-05 1.89333e+06 151.431 16128
8.7481e-05 2.18333e+06 191 20184
8.7259e-05 2.73897e+06 239 25176
8.7722e-05 3.39824e+06 298.101 31416
9.0721e-05 4.11516e+06 373.332 39216
9.1704e-05 5.11118e+06 468.716 49200
8.7999e-05 6.69038e+06 588.747 61680
9.6481e-05 7.68404e+06 741.364 77592
9.2184e-05 1.01071e+07 931.71 97560
8.5e-05 1.37991e+07 1172.93 122520
9.9796e-05 1.47739e+07 1474.37 154032
0.000100277 1.84599e+07 1851.11 193656
0.000110888 2.10644e+07 2335.79 243576
0.000124554 2.35583e+07 2934.27 306288
0.00015698 2.34852e+07 3686.7 385536
0.000201479 2.31094e+07 4656.07 485064
0.000327607 1.78601e+07 5851.08 610488
0.000593234 1.23866e+07 7348.13 768360
0.000927692 1.00124e+07 9288.46 967104
0.00134846 8.65388e+06 11669.4 1217328
0.00186511 7.85732e+06 14654.7 1532448
0.00251589 7.36683e+06 18534.2 1929000
0.00339166 6.86353e+06 23278.8 2428200
0.00441437 6.62058e+06 29225.7 3056568
0.00568363 6.50677e+06 36982.1 3847800
0.00739548 6.27946e+06 46439.6 4844016
0.00937716 6.21684e+06 58296.3 6097944
0.0119495 6.17612e+06 73801.6 7676664
0.0152136 6.08987e+06 92648.8 9664104
0.0194808 5.9692e+06 116285 12166032
0.02454 5.99987e+06 147237 15315984
0.0311132 5.94102e+06 184844 19281504
0.0390831 5.93519e+06 231965 24273816
0.0500238 5.8707e+06 293675 30558744
0.0624598 5.9044e+06 368788 38471064
0.0789026 5.86443e+06 462719 48431976
0.100115 5.85069e+06 585745 60971880
0.125852 5.84619e+06 735751 76758768
0.159052 5.80301e+06 922980 96633480
0.200917 5.81446e+06 1.16823e+06 121654008
0.251097 5.84539e+06 1.46776e+06 153153216
0.316411 5.81802e+06 1.84089e+06 192808416
0.399423 5.83255e+06 2.32966e+06 242731224
0.505255 5.79427e+06 2.92759e+06 305580192
0.634691 5.78376e+06 3.6709e+06 384702456
0.801386 5.79565e+06 4.64455e+06 484311576
1.00543 5.80589e+06 5.83741e+06 609711864
