# filename: ./acpphint-RPi4B-8192MiB-threads_4-LP64-FreeBSD_13_r365932M_64bit-g++_10_O3lto-libc++-cpulockdown-DSIZE_ld-ISIZE_ull-using_2_threads-cpus_2_3.txt
# acpphint_main version: 0.1.23

4.5463e-05 153971 7 1680
5.1315e-05 175387 9 2064
5.0277e-05 218788 11 2448
5.3889e-05 241237 13 2832
5.2389e-05 286320 15 3216
6.2629e-05 303374 19 3984
6.1722e-05 372639 23 4752
6.7741e-05 427118 28.9334 5904
6.8833e-05 505259 34.7785 7056
7.3574e-05 581979 42.8186 8592
8.9296e-05 592216 52.8825 10512
9.8907e-05 655302 64.8139 12816
9.887e-05 817705 80.8465 15888
0.00012135 829952 100.715 19728
0.000134573 943726 127 24720
0.000157276 1.01096e+06 159 30864
0.000193998 1.02345e+06 198.548 38544
0.000223554 1.11234e+06 248.668 48144
0.000268367 1.16396e+06 312.369 60432
0.000326441 1.20196e+06 392.369 75792
0.000401551 1.2307e+06 494.187 95376
0.000495697 1.25355e+06 621.382 119952
0.000607122 1.28797e+06 781.955 150672
0.000754417 1.30325e+06 983.196 189456
0.000935229 1.32065e+06 1235.11 238224
0.00117043 1.3306e+06 1557.38 299664
0.00145728 1.34302e+06 1957.15 376848
0.00182762 1.34627e+06 2460.48 474384
0.00229693 1.35159e+06 3104.51 596880
0.00292855 1.33277e+06 3903.08 751248
0.0037141 1.32059e+06 4904.82 945552
0.00467457 1.32487e+06 6193.2 1190160
0.00585926 1.32863e+06 7784.79 1498128
0.00728672 1.34256e+06 9782.89 1885968
0.00908836 1.35971e+06 12357.6 2374032
0.0113779 1.36493e+06 15530 2988432
0.0141821 1.37578e+06 19511.5 3761808
0.0178633 1.38029e+06 24656.6 4735632
0.0225558 1.37358e+06 30982.2 5961744
0.0282553 1.37751e+06 38922 7505040
0.0354826 1.38668e+06 49202.8 9448080
0.0446921 1.38307e+06 61812.1 11894160
0.0559568 1.38757e+06 77643.9 14973456
0.0702068 1.39822e+06 98164.9 18850320
0.0881042 1.39977e+06 123325 23730960
0.110803 1.39794e+06 154896 29875344
0.138974 1.40904e+06 195819 37610640
0.17474 1.40815e+06 246061 47348880
0.219636 1.40693e+06 309013 59608464
0.276284 1.41385e+06 390623 75042192
0.346859 1.4154e+06 490944 94472208
0.436739 1.41153e+06 616472 118933392
0.549159 1.41894e+06 779224 149727888
0.693216 1.41305e+06 979547 188496144
0.869452 1.41451e+06 1.22985e+06 237302544
1.09574 1.4186e+06 1.55442e+06 298746000
