# filename: ./acpphint-RPi4B-3072MiB-threads_4-LP64-FreeBSD_13_r363590M_64bit-g++_10_O3lto-libc++-cpulockdown-DSIZE_d-ISIZE_ull-using_3_threads-cpus_0_1_2.txt
# acpphint_main version: 0.1.23

8.8389e-05 124450 11 1464
8.137e-05 172054 14 1776
7.7388e-05 219672 17 2088
7.6852e-05 260240 20 2400
8.0444e-05 285913 23 2712
8.4555e-05 342972 29 3336
7.7055e-05 454221 35 3960
8.0907e-05 542187 43.8667 4896
8.2203e-05 639346 52.5562 5832
7.5907e-05 851525 64.6367 7080
8.0536e-05 990406 79.7633 8640
8.4444e-05 1.15618e+06 97.6321 10512
8.2481e-05 1.47544e+06 121.696 13008
8.6703e-05 1.74655e+06 151.431 16128
8.5e-05 2.24706e+06 191 20184
8.5222e-05 2.80444e+06 239 25176
8.1703e-05 3.64859e+06 298.101 31416
8.7462e-05 4.2685e+06 373.332 39216
8.9278e-05 5.25007e+06 468.716 49200
9.087e-05 6.479e+06 588.747 61680
9.1777e-05 8.07788e+06 741.364 77592
9.9296e-05 9.38315e+06 931.71 97560
0.000103277 1.13571e+07 1172.93 122520
0.000106629 1.38271e+07 1474.37 154032
0.000122536 1.51066e+07 1851.1 193656
0.000142073 1.64407e+07 2335.78 243576
0.000152092 1.92927e+07 2934.27 306288
0.000184887 1.99402e+07 3686.69 385536
0.000241053 1.93154e+07 4656.04 485064
0.0003837 1.5249e+07 5851.05 610488
0.000578882 1.26936e+07 7348.08 768360
0.000940192 9.87923e+06 9288.37 967104
0.00138745 8.41064e+06 11669.3 1217328
0.00188483 7.77498e+06 14654.5 1532448
0.00258525 7.16907e+06 18533.8 1929000
0.0034434 6.76023e+06 23278.2 2428200
0.00442137 6.6099e+06 29224.8 3056568
0.005737 6.44598e+06 36980.6 3847800
0.0074355 6.24536e+06 46437.3 4844016
0.0094061 6.19733e+06 58292.7 6097944
0.0118693 6.21737e+06 73795.8 7676664
0.0152887 6.05934e+06 92639.8 9664104
0.0193436 6.01079e+06 116271 12166032
0.0246955 5.96116e+06 147214 15315984
0.0314162 5.88256e+06 184808 19281504
0.0394539 5.87796e+06 231908 24273816
0.0497039 5.90665e+06 293584 30558744
0.0621779 5.92887e+06 368645 38471064
0.0791851 5.84067e+06 462494 48431976
0.0995157 5.88232e+06 585384 60971880
0.125226 5.87087e+06 735183 76758768
0.157368 5.85941e+06 922087 96633480
0.199866 5.83789e+06 1.1668e+06 121654008
0.250206 5.85721e+06 1.46551e+06 153153216
0.31484 5.83578e+06 1.83734e+06 192808416
0.397816 5.84184e+06 2.32398e+06 242731224
0.503921 5.79181e+06 2.91862e+06 305580192
0.632127 5.78493e+06 3.65681e+06 384702456
0.79598 5.80671e+06 4.62203e+06 484311576
1.00084 5.79697e+06 5.80187e+06 609711864
