# filename: ./acpphint-RPi4B-3072MiB-threads_4-LP64-FreeBSD_13_r363590M_64bit-g++_10_O3lto-libc++-DSIZE_ui-ISIZE_ui-using_2_threads-cpus_2_3.txt
# acpphint_main version: 0.1.23

5.637e-05 124167 6.99927 560
5.8371e-05 154164 8.99872 664
5.9278e-05 185535 10.9981 768
5.8352e-05 222742 12.9974 872
5.2648e-05 284846 14.9966 976
5.95e-05 319234 18.9944 1184
5.4926e-05 418597 22.9919 1392
5.763e-05 501837 28.9208 1704
6.1815e-05 562320 34.7598 2016
5.3648e-05 797617 42.7906 2432
5.8778e-05 898965 52.8394 2952
6.1963e-05 1.04497e+06 64.7492 3576
5.6685e-05 1.42447e+06 80.746 4408
5.7315e-05 1.75451e+06 100.559 5448
6.0945e-05 2.07982e+06 126.754 6800
6.1814e-05 2.56599e+06 158.614 8464
6.2648e-05 3.15967e+06 197.947 10544
6.3315e-05 3.91269e+06 247.732 13144
6.1907e-05 5.02185e+06 310.888 16472
6.4759e-05 6.02282e+06 390.032 20632
7.324e-05 6.69711e+06 490.496 25936
6.6962e-05 9.19242e+06 615.543 32592
6.8611e-05 1.12625e+07 772.732 40912
6.9148e-05 1.40088e+07 968.683 51416
7.2389e-05 1.67464e+07 1212.26 64624
7.9425e-05 1.9153e+07 1521.23 81264
8.8296e-05 2.15236e+07 1900.45 102168
9.661e-05 2.45466e+07 2371.45 128584
0.00010948 2.70746e+07 2964.12 161760
0.000122629 3.004e+07 3683.77 203568
0.000144295 3.16248e+07 4563.3 256192
0.000174666 3.23961e+07 5658.49 322440
0.000207924 3.34666e+07 6958.52 405848
0.000275089 3.09436e+07 8512.25 510888
0.000399144 2.60486e+07 10397.1 643072
0.000586086 2.14221e+07 12555.2 809472
