# filename: ./acpphint-RPi4B-8192MiB-threads_4-LP64-FreeBSD_13_r365932M_64bit-g++_10_O3lto-libc++-DSIZE_ld-ISIZE_ul-using_2_threads-cpus_0_1.txt
# acpphint_main version: 0.1.23

5.1444e-05 136070 7 1680
5.3481e-05 168284 9 2064
5.6629e-05 194247 11 2448
5.8352e-05 222786 13 2832
5.7685e-05 260033 15 3216
6.2852e-05 302297 19 3984
6.3296e-05 363372 23 4752
7.1296e-05 405821 28.9334 5904
7.3351e-05 474138 34.7785 7056
8.0407e-05 532523 42.8186 8592
8.4943e-05 622565 52.8825 10512
9.6926e-05 668695 64.8139 12816
0.000106036 762444 80.8465 15888
0.00011911 845560 100.715 19728
0.000143888 882631 127 24720
0.00016622 956564 159 30864
0.000193313 1.02708e+06 198.548 38544
0.00022959 1.0831e+06 248.668 48144
0.000276644 1.12914e+06 312.369 60432
0.000328459 1.19457e+06 392.369 75792
0.000403439 1.22494e+06 494.187 95376
0.000499808 1.24324e+06 621.382 119952
0.000611492 1.27877e+06 781.955 150672
0.000753676 1.30453e+06 983.196 189456
0.00094234 1.31069e+06 1235.11 238224
0.00116711 1.33439e+06 1557.38 299664
0.00145224 1.34768e+06 1957.15 376848
0.00182033 1.35167e+06 2460.48 474384
0.00228641 1.35781e+06 3104.51 596880
0.00293665 1.32909e+06 3903.08 751248
0.00372873 1.31541e+06 4904.82 945552
0.00468808 1.32105e+06 6193.2 1190160
0.00586762 1.32674e+06 7784.79 1498128
0.00725729 1.34801e+06 9782.89 1885968
0.00911728 1.3554e+06 12357.6 2374032
0.011343 1.36913e+06 15530 2988432
0.0142247 1.37166e+06 19511.5 3761808
0.0178685 1.37989e+06 24656.6 4735632
0.0224587 1.37952e+06 30982.2 5961744
0.0281833 1.38103e+06 38922 7505040
0.0353301 1.39266e+06 49202.8 9448080
0.0444572 1.39037e+06 61812.1 11894160
0.0556815 1.39443e+06 77643.9 14973456
0.0697295 1.4078e+06 98164.9 18850320
0.0873373 1.41206e+06 123325 23730960
0.109789 1.41086e+06 154896 29875344
0.137687 1.42221e+06 195819 37610640
0.17307 1.42174e+06 246061 47348880
0.217526 1.42058e+06 309013 59608464
0.273006 1.43082e+06 390623 75042192
0.342957 1.4315e+06 490944 94472208
0.431012 1.43029e+06 616472 118933392
0.542294 1.4369e+06 779224 149727888
0.682746 1.43472e+06 979547 188496144
0.859359 1.43112e+06 1.22985e+06 237302544
1.08333 1.43485e+06 1.55442e+06 298746000
