# filename: ./acpphint-RPi4B-8192MiB-threads_4-LP64-FreeBSD_13_r365932M_64bit-g++_10_O3lto-libc++-DSIZE_ull-ISIZE_ull-using_2_threads-cpus_0_2.txt
# acpphint_main version: 0.1.23

4.6407e-05 150839 7 976
4.6129e-05 195105 9 1184
4.5037e-05 244244 11 1392
4.8148e-05 270001 13 1600
4.6573e-05 322075 15 1808
4.4204e-05 429825 19 2224
4.5871e-05 501406 23 2640
4.7926e-05 603710 28.9334 3264
4.463e-05 779262 34.7785 3888
4.463e-05 959412 42.8186 4720
4.9389e-05 1.07073e+06 52.8825 5760
4.3075e-05 1.50468e+06 64.8139 7008
4.7945e-05 1.68623e+06 80.8465 8672
4.4871e-05 2.24454e+06 100.715 10752
4.5315e-05 2.8026e+06 127 13456
4.6037e-05 3.45374e+06 159 16784
4.913e-05 4.04127e+06 198.548 20944
5.0536e-05 4.92062e+06 248.668 26144
5.1981e-05 6.0093e+06 312.369 32800
5.037e-05 7.78973e+06 392.369 41120
5.4518e-05 9.06466e+06 494.187 51728
5.4593e-05 1.13821e+07 621.382 65040
5.7519e-05 1.35947e+07 781.955 81680
6.487e-05 1.51564e+07 983.196 102688
7.1148e-05 1.73598e+07 1235.11 129104
7.7055e-05 2.02113e+07 1557.38 162384
8.2851e-05 2.36226e+07 1957.15 204192
9.9091e-05 2.48305e+07 2460.47 257024
0.000108147 2.87064e+07 3104.51 323376
0.000128499 3.03743e+07 3903.07 406992
0.000164054 2.98976e+07 4904.82 512240
0.000231257 2.67806e+07 6193.19 644736
0.000355162 2.19189e+07 7784.78 811552
0.000681121 1.43629e+07 9782.87 1021632
0.00109874 1.1247e+07 12357.5 1286000
0.00161831 9.59642e+06 15530 1618800
0.00231261 8.43693e+06 19511.4 2037712
0.00311294 7.92065e+06 24656.5 2565200
0.00403944 7.66987e+06 30982 3229344
0.00531668 7.32067e+06 38921.7 4065296
0.00709875 6.93113e+06 49202.3 5117776
0.00911907 6.77824e+06 61811.3 6442736
0.0100969 7.68971e+06 77642.6 8110688
0.0143045 6.86238e+06 98162.9 10210656
0.0152186 8.10337e+06 123322 12854336
0.0229693 6.74337e+06 154891 16182544
0.0243147 8.0532e+06 195811 20372496
0.0352691 6.9763e+06 246048 25647376
0.0438936 7.03958e+06 308992 32287984
0.0521558 7.48892e+06 390591 40647920
0.0670538 7.32089e+06 490894 51172512
0.0883204 6.97905e+06 616392 64422320
0.109014 7.14675e+06 779097 81102672
0.133809 7.31898e+06 979346 102102144
0.158216 7.77121e+06 1.22953e+06 128538944
0.210027 7.39861e+06 1.55391e+06 161820816
0.281175 6.94803e+06 1.95361e+06 203720128
0.34726 7.0617e+06 2.45225e+06 256468304
0.44249 7.00296e+06 3.09874e+06 322874384
0.564151 6.90637e+06 3.89624e+06 406474576
0.713843 6.84961e+06 4.88954e+06 511721120
0.903773 6.83492e+06 6.17721e+06 644218576
1.15922 6.70032e+06 7.76712e+06 811022928
