# filename: ./acpphint-RPi4B-8192MiB-threads_4-LP64-FreeBSD_13_r365932M_64bit-g++_10_O3lto-libc++-DSIZE_ui-ISIZE_ui-using_2_threads-cpus_0_1.txt
# acpphint_main version: 0.1.23

4.3722e-05 160086 6.99927 560
4.4611e-05 201715 8.99872 664
4.2037e-05 261630 10.9981 768
4.6333e-05 280522 12.9974 872
4.724e-05 317455 14.9966 976
4.4166e-05 430068 18.9944 1184
4.8685e-05 472257 22.9919 1392
4.3315e-05 667687 28.9208 1704
5.0852e-05 683549 34.7598 2016
4.4852e-05 954039 42.7906 2432
4.85e-05 1.08947e+06 52.8394 2952
5.074e-05 1.2761e+06 64.7492 3576
4.937e-05 1.63553e+06 80.746 4408
4.6166e-05 2.17821e+06 100.559 5448
4.6408e-05 2.7313e+06 126.754 6800
5.1147e-05 3.10115e+06 158.614 8464
4.7667e-05 4.15271e+06 197.947 10544
4.8611e-05 5.09621e+06 247.732 13144
5.3037e-05 5.86171e+06 310.888 16472
5.5777e-05 6.9927e+06 390.032 20632
5.4278e-05 9.03674e+06 490.496 25936
5.0555e-05 1.21757e+07 615.543 32592
5.7981e-05 1.33273e+07 772.732 40912
5.8462e-05 1.65694e+07 968.683 51416
6.3352e-05 1.91353e+07 1212.26 64624
6.9981e-05 2.17377e+07 1521.23 81264
7.6426e-05 2.48666e+07 1900.45 102168
8.2092e-05 2.88877e+07 2371.45 128584
9.3351e-05 3.17524e+07 2964.12 161760
0.000106851 3.44758e+07 3683.77 203568
0.000119332 3.82403e+07 4563.3 256192
0.000149517 3.78452e+07 5658.49 322440
0.000171276 4.06275e+07 6958.52 405848
0.000215646 3.94732e+07 8512.25 510888
0.000299051 3.47671e+07 10397.1 643072
0.000435587 2.88236e+07 12555.2 809472
