# filename: ./acpphint-RPi4B-3072MiB-threads_4-LP64-FreeBSD_13_r365932M_64bit-g++_10_O3lto-libc++-DSIZE_f-ISIZE_ui-using_2_threads-cpus_1_3.txt
# acpphint_main version: 0.1.23

5.4722e-05 127955 7.00195 560
5.3648e-05 167789 9.00153 664
5.1852e-05 212142 11 768
5.8463e-05 222363 13 872
5.4111e-05 277208 15 976
5.3778e-05 353248 18.997 1184
5.0259e-05 457630 23 1392
5.6814e-05 509145 28.9266 1704
5.4407e-05 638959 34.7639 2016
5.5647e-05 769073 42.7966 2432
5.4814e-05 963754 52.8272 2952
5.6815e-05 1.13948e+06 64.7398 3576
5.6592e-05 1.42611e+06 80.7064 4408
5.7e-05 1.76381e+06 100.537 5448
5.787e-05 2.19026e+06 126.75 6800
5.8611e-05 2.70493e+06 158.538 8464
6.1278e-05 3.23087e+06 197.981 10544
6.5796e-05 3.76493e+06 247.717 13144
6.6833e-05 4.6521e+06 310.914 16472
6.5259e-05 5.97542e+06 389.95 20632
6.9018e-05 7.09616e+06 489.763 25936
7.0259e-05 8.73397e+06 613.64 32592
7.2111e-05 1.06483e+07 767.856 40912
7.374e-05 1.30251e+07 960.473 51416
