# filename: ./acpphint-RPi4B-8192MiB-threads_4-LP64-FreeBSD_13_r365932M_64bit-g++_10_O3lto-libc++-DSIZE_f-ISIZE_ui-using_2_threads-cpus_1_2.txt
# acpphint_main version: 0.1.23

4.4333e-05 157940 7.00195 560
4.3722e-05 205881 9.00153 664
4.5981e-05 239229 11 768
4.3407e-05 299491 13 872
4.4426e-05 337640 15 976
5.0667e-05 374938 18.997 1184
4.363e-05 527161 23 1392
4.1297e-05 700452 28.9266 1704
4.6297e-05 750888 34.7639 2016
5.0593e-05 845900 42.7966 2432
4.6129e-05 1.14521e+06 52.8272 2952
4.8388e-05 1.33793e+06 64.7398 3576
5.0111e-05 1.61055e+06 80.7064 4408
4.8981e-05 2.05258e+06 100.537 5448
4.7259e-05 2.68204e+06 126.75 6800
4.6648e-05 3.39861e+06 158.538 8464
5.1333e-05 3.85681e+06 197.981 10544
5.0907e-05 4.86607e+06 247.717 13144
4.8241e-05 6.44501e+06 310.914 16472
5.3907e-05 7.23375e+06 389.95 20632
5.4351e-05 9.01111e+06 489.763 25936
5.6889e-05 1.07866e+07 613.64 32592
5.8703e-05 1.30804e+07 767.856 40912
6.5444e-05 1.46763e+07 960.473 51416
