# filename: ./acpphint-RPi4B-8192MiB-threads_4-LP64-FreeBSD_13_r365932M_64bit-g++_10_O3lto-libc++-cpulockdown-DSIZE_ui-ISIZE_ui-using_2_threads-cpus_1_2.txt
# acpphint_main version: 0.1.23

4.6574e-05 150283 6.99927 560
5.0537e-05 178062 8.99872 664
4.3926e-05 250378 10.9981 768
4.2056e-05 309051 12.9974 872
4.2148e-05 355808 14.9966 976
4.1463e-05 458105 18.9944 1184
5.2796e-05 435485 22.9919 1392
4.5889e-05 630235 28.9208 1704
4.3741e-05 794673 34.7598 2016
4.2315e-05 1.01124e+06 42.7906 2432
4.3463e-05 1.21573e+06 52.8394 2952
4.1259e-05 1.56933e+06 64.7492 3576
4.1371e-05 1.95175e+06 80.746 4408
4.2259e-05 2.3796e+06 100.559 5448
4.4852e-05 2.82606e+06 126.754 6800
4.3592e-05 3.63861e+06 158.614 8464
4.5315e-05 4.36825e+06 197.947 10544
4.4667e-05 5.5462e+06 247.732 13144
4.676e-05 6.64858e+06 310.888 16472
4.5111e-05 8.64604e+06 390.032 20632
5.8203e-05 8.42733e+06 490.496 25936
5.1148e-05 1.20345e+07 615.543 32592
5.1018e-05 1.51463e+07 772.732 40912
5.637e-05 1.71844e+07 968.683 51416
6.387e-05 1.89801e+07 1212.26 64624
6.3722e-05 2.38729e+07 1521.23 81264
7.0574e-05 2.69285e+07 1900.45 102168
8.5426e-05 2.77603e+07 2371.45 128584
8.8406e-05 3.35285e+07 2964.12 161760
9.8648e-05 3.73426e+07 3683.77 203568
0.000118351 3.85573e+07 4563.3 256192
0.000146813 3.85422e+07 5658.49 322440
0.000177776 3.9142e+07 6958.52 405848
0.000215183 3.95582e+07 8512.25 510888
0.000286756 3.62577e+07 10397.1 643072
0.000407569 3.0805e+07 12555.2 809472
