# filename: ./acpphint-RPi4B-3072MiB-threads_4-LP64-FreeBSD_13_r363590M_64bit-g++_10_O3lto-libc++-cpulockdown-DSIZE_ul-ISIZE_ul-using_2_threads-cpus_1_2.txt
# acpphint_main version: 0.1.23

6.8315e-05 102467 7 976
6.4704e-05 139095 9 1184
6.2555e-05 175845 11 1392
6.5185e-05 199432 13 1600
6.4963e-05 230901 15 1808
6.3296e-05 300177 19 2224
6.1037e-05 376821 23 2640
6.3462e-05 455917 28.9334 3264
6.361e-05 546745 34.7785 3888
6.3982e-05 669228 42.8186 4720
6.1593e-05 858580 52.8825 5760
5.524e-05 1.17331e+06 64.8139 7008
5.9167e-05 1.36641e+06 80.8465 8672
5.9296e-05 1.69851e+06 100.715 10752
6.0149e-05 2.11142e+06 127 13456
5.9815e-05 2.6582e+06 159 16784
6.2889e-05 3.15712e+06 198.548 20944
6.0759e-05 4.0927e+06 248.668 26144
6.4074e-05 4.87513e+06 312.369 32800
6.4944e-05 6.04164e+06 392.369 41120
6.2796e-05 7.86973e+06 494.187 51728
7.0778e-05 8.77931e+06 621.382 65040
7.4074e-05 1.05564e+07 781.955 81680
7.7648e-05 1.26622e+07 983.196 102688
8.687e-05 1.42179e+07 1235.11 129104
9.6259e-05 1.61791e+07 1557.38 162384
0.00010611 1.84446e+07 1957.15 204192
0.000115685 2.12687e+07 2460.47 257024
0.000144406 2.14985e+07 3104.51 323376
0.000172666 2.26048e+07 3903.07 406992
0.000217072 2.25953e+07 4904.82 512240
0.000345664 1.79168e+07 6193.19 644736
0.000568012 1.37053e+07 7784.78 811552
0.00095249 1.02708e+07 9782.87 1021632
0.00141091 8.75856e+06 12357.5 1286000
0.00198887 7.80846e+06 15530 1618800
0.00272097 7.17074e+06 19511.4 2037712
0.00369962 6.66459e+06 24656.5 2565200
0.00474382 6.53103e+06 30982 3229344
0.00619732 6.28041e+06 38921.7 4065296
0.00787133 6.25082e+06 49202.3 5117776
0.0102144 6.05139e+06 61811.3 6442736
0.0132651 5.85316e+06 77642.6 8110688
0.0166705 5.88842e+06 98162.9 10210656
0.0213164 5.78531e+06 123322 12854336
0.0268772 5.76291e+06 154891 16182544
0.0337906 5.79484e+06 195811 20372496
0.0426219 5.77281e+06 246048 25647376
0.0541994 5.70103e+06 308992 32287984
0.0684482 5.70637e+06 390591 40647920
0.0856857 5.72901e+06 490894 51172512
0.108724 5.66932e+06 616392 64422320
0.137168 5.67986e+06 779097 81102672
0.171948 5.69559e+06 979346 102102144
0.218076 5.6381e+06 1.22953e+06 128538944
0.274136 5.6684e+06 1.55391e+06 161820816
0.343661 5.68471e+06 1.95361e+06 203720128
0.435912 5.62555e+06 2.45225e+06 256468304
0.549322 5.64103e+06 3.09874e+06 322874384
0.691954 5.63078e+06 3.89624e+06 406474576
0.868922 5.62714e+06 4.88954e+06 511721120
1.09205 5.65655e+06 6.17721e+06 644218576
