# filename: ./acpphint-RPi4B-4096MiB-threads_4-LP64-ubuntu_20_10_64bit-g++_10_O3lto-libstdc++-DSIZE_d-ISIZE_ui-using_1_threads.txt
# acpphint_main version: 0.1.23

8.82368e-08 1.13335e+07 1.00003 264
1.43885e-07 1.39003e+07 2.00003 360
1.91389e-07 1.56752e+07 3.00006 456
2.40714e-07 1.66174e+07 4.00005 552
2.88583e-07 1.73263e+07 5.00007 648
3.371e-07 1.77991e+07 6.00009 744
3.84375e-07 1.82117e+07 7.00012 840
4.90833e-07 1.83364e+07 9.0001 1032
5.895e-07 1.86601e+07 11.0001 1224
7.3175e-07 1.91322e+07 14 1512
8.7525e-07 1.94227e+07 16.9997 1800
1.065e-06 1.97174e+07 20.9991 2184
1.306e-06 1.99073e+07 25.999 2664
1.593e-06 2.00867e+07 31.9982 3240
1.982e-06 2.01806e+07 39.998 4008
2.538e-06 1.96996e+07 49.9975 4968
3.186e-06 1.97725e+07 62.9951 6216
3.87e-06 2.04115e+07 78.9924 7752
5e-06 1.97979e+07 98.9893 9672
6.019e-06 2.0599e+07 123.985 12072
7.556e-06 2.06425e+07 155.975 15144
9.519e-06 2.05858e+07 195.956 18984
1.2056e-05 2.04816e+07 246.927 23880
1.5704e-05 1.97965e+07 310.884 30024
1.9944e-05 1.9595e+07 390.803 37704
2.6092e-05 1.88453e+07 491.71 47400
3.2315e-05 1.91408e+07 618.536 59592
4.1592e-05 1.87121e+07 778.275 74952
5.3333e-05 1.83512e+07 978.725 94248
6.6629e-05 1.84898e+07 1231.96 118632
8.4592e-05 1.8319e+07 1549.64 149256
0.000107018 1.82185e+07 1949.71 187848
0.000134832 1.81896e+07 2452.54 236424
0.000170591 1.80812e+07 3084.5 297576
0.000215978 1.79564e+07 3878.18 374568
0.000272108 1.79168e+07 4875.3 471528
0.000344403 1.77882e+07 6126.32 593544
0.000434124 1.77241e+07 7694.44 747144
0.000586973 1.64547e+07 9658.49 940488
0.000806896 1.50113e+07 12112.6 1183944
0.00127 1.19526e+07 15179.8 1490472
0.00193992 9.79407e+06 18999.7 1876296
0.00265031 8.95679e+06 23738.3 2362056
0.00361669 8.1863e+06 29607.3 2973576
0.00469591 7.84523e+06 36840.5 3743400
0.00600869 7.6111e+06 45732.7 4712616
0.00766059 7.38929e+06 56606.3 5932776
