# filename: ./acpphint-RPi4B-8192MiB-threads_4-LP64-FreeBSD_13_r365932M_64bit-g++_10_O3lto-libc++-cpulockdown-DSIZE_ld-ISIZE_ull-using_2_threads-cpus_0_2.txt
# acpphint_main version: 0.1.23

4.6926e-05 149171 7 1680
7.05e-05 127660 9 2064
7.1999e-05 152780 11 2448
7.3166e-05 177678 13 2832
7.4499e-05 201345 15 3216
7.7611e-05 244811 19 3984
7.9703e-05 288571 23 4752
6.8296e-05 423647 28.9334 5904
8.6722e-05 401034 34.7785 7056
9.6462e-05 443890 42.8186 8592
0.000101814 519403 52.8825 10512
0.000111666 580427 64.8139 12816
0.000118055 684820 80.8465 15888
0.00013874 725924 100.715 19728
0.000157221 807780 127 24720
0.00017848 890856 159 30864
0.000202739 979327 198.548 38544
0.000237961 1.045e+06 248.668 48144
0.000281867 1.10821e+06 312.369 60432
0.000341774 1.14804e+06 392.369 75792
0.00041431 1.1928e+06 494.187 95376
0.000503734 1.23355e+06 621.382 119952
0.000615456 1.27053e+06 781.955 150672
0.000765157 1.28496e+06 983.196 189456
0.000949803 1.30039e+06 1235.11 238224
0.0011765 1.32374e+06 1557.38 299664
0.00146669 1.33441e+06 1957.15 376848
0.00181553 1.35524e+06 2460.48 474384
0.00230866 1.34473e+06 3104.51 596880
0.00288798 1.35149e+06 3903.08 751248
0.0037073 1.32302e+06 4904.82 945552
0.00466835 1.32664e+06 6193.2 1190160
0.00586096 1.32824e+06 7784.79 1498128
0.00727548 1.34464e+06 9782.89 1885968
0.00909895 1.35813e+06 12357.6 2374032
0.0113966 1.36268e+06 15530 2988432
0.0142966 1.36477e+06 19511.5 3761808
0.017962 1.37271e+06 24656.6 4735632
0.0225514 1.37385e+06 30982.2 5961744
0.0282901 1.37582e+06 38922 7505040
0.0355178 1.3853e+06 49202.8 9448080
0.0446876 1.3832e+06 61812.1 11894160
0.0560115 1.38621e+06 77643.9 14973456
0.0702182 1.398e+06 98164.9 18850320
0.088085 1.40007e+06 123325 23730960
0.11074 1.39873e+06 154896 29875344
0.138862 1.41017e+06 195819 37610640
0.174792 1.40773e+06 246061 47348880
0.219767 1.40609e+06 309013 59608464
0.275901 1.41581e+06 390623 75042192
0.347421 1.41311e+06 490944 94472208
0.437246 1.4099e+06 616472 118933392
0.549646 1.41768e+06 779224 149727888
0.691721 1.4161e+06 979547 188496144
0.871975 1.41042e+06 1.22985e+06 237302544
1.09606 1.41819e+06 1.55442e+06 298746000
