# filename: ./acpphint-RPi4B-4096MiB-threads_4-LP64-ubuntu_20_10_64bit-g++_10_O3lto-libstdc++-cpulockdown-DSIZE_f-ISIZE_ui-using_4_threads.txt
# acpphint_main version: 0.1.23

0.000215701 69540.7 15 1120
0.000216404 87784.6 18.9969 1328
0.000214831 107061 23 1536
0.000212368 127110 26.994 1744
0.000211275 146691 30.9922 1952
0.000208275 187165 38.9817 2368
0.00021109 222529 46.9737 2784
0.000214405 273994 58.7456 3408
0.000214164 327959 70.2371 4032
0.000212071 407051 86.3238 4864
0.000215479 494200 106.49 5904
0.000214071 608081 130.172 7152
0.000216608 748365 162.102 8816
0.000214868 937875 201.519 10896
0.000202331 1.25539e+06 254.004 13600
0.000208552 1.52234e+06 317.486 16928
0.000207775 1.90227e+06 395.245 21088
0.000208497 2.36702e+06 493.517 26288
0.000212997 2.89735e+06 617.127 32944
0.000213553 3.61079e+06 771.094 41264
0.000214646 4.49803e+06 965.485 51872
