# filename: ./acpphint-RPi4B-3072MiB-threads_4-LP64-FreeBSD_13_r365932M_64bit-g++_10_O3lto-libc++-cpulockdown-DSIZE_ld-ISIZE_ull-using_2_threads-cpus_2_3.txt
# acpphint_main version: 0.1.23

6.1908e-05 113071 7 1680
6.1167e-05 147138 9 2064
6.2759e-05 175274 11 2448
6.6537e-05 195380 13 2832
6.7203e-05 223204 15 3216
7.1703e-05 264982 19 3984
7.3166e-05 314354 23 4752
8.1203e-05 356310 28.9334 5904
8.4888e-05 409698 34.7785 7056
8.837e-05 484537 42.8186 8592
9.6147e-05 550017 52.8825 10512
0.000107129 605008 64.8139 12816
0.00011885 680240 80.8465 15888
0.000130165 773746 100.715 19728
0.000149388 850135 127 24720
0.000173257 917712 159 30864
0.000200683 989361 198.548 38544
0.000239238 1.03942e+06 248.668 48144
0.000288367 1.08323e+06 312.369 60432
0.000343718 1.14154e+06 392.369 75792
0.000416809 1.18564e+06 494.187 95376
0.000512456 1.21256e+06 621.382 119952
0.000624862 1.2514e+06 781.955 150672
0.000767897 1.28038e+06 983.196 189456
0.000956895 1.29075e+06 1235.11 238224
0.00119319 1.30523e+06 1557.38 299664
0.00149318 1.31073e+06 1957.15 376848
0.0018731 1.31358e+06 2460.48 474384
0.00236675 1.31172e+06 3104.51 596880
0.00301985 1.29247e+06 3903.08 751248
0.00383426 1.27921e+06 4904.82 945552
0.00483188 1.28174e+06 6193.2 1190160
0.00600731 1.29589e+06 7784.79 1498128
0.00747275 1.30914e+06 9782.89 1885968
0.00931132 1.32716e+06 12357.6 2374032
0.0116282 1.33555e+06 15530 2988432
0.0145815 1.3381e+06 19511.5 3761808
0.0182708 1.34951e+06 24656.6 4735632
0.0229154 1.35203e+06 30982.2 5961744
0.0286519 1.35844e+06 38922 7505040
0.0360629 1.36436e+06 49202.8 9448080
0.0452439 1.3662e+06 61812.1 11894160
0.05702 1.3617e+06 77643.9 14973456
0.0708035 1.38644e+06 98164.9 18850320
0.089377 1.37983e+06 123325 23730960
0.11211 1.38164e+06 154896 29875344
0.140376 1.39496e+06 195819 37610640
0.176947 1.39059e+06 246061 47348880
0.221437 1.39549e+06 309013 59608464
0.280103 1.39457e+06 390623 75042192
0.352646 1.39217e+06 490944 94472208
0.442487 1.3932e+06 616472 118933392
0.555675 1.4023e+06 779224 149727888
0.702814 1.39375e+06 979547 188496144
0.876999 1.40234e+06 1.22985e+06 237302544
1.10768 1.40331e+06 1.55442e+06 298746000
