# filename: ./acpphint-RPi4B-4096MiB-threads_4-LP64-FreeBSD_13_r365932M_64bit-g++_10_O3lto-libc++-cpulockdown-DSIZE_ld-ISIZE_ull-using_2_threads-cpus_0_3.txt
# acpphint_main version: 0.1.23

4.6796e-05 149585 7 1680
3.9167e-05 229785 9 2064
4.0314e-05 272858 11 2448
4.0926e-05 317646 13 2832
4.224e-05 355114 15 3216
4.7129e-05 403149 19 3984
4.8001e-05 479157 23 4752
5.3185e-05 544014 28.9334 5904
5.7574e-05 604065 34.7785 7056
6.3426e-05 675095 42.8186 8592
7.0389e-05 751290 52.8825 10512
7.8814e-05 822365 64.8139 12816
9.2444e-05 874545 80.8465 15888
0.000105092 958348 100.715 19728
0.000125758 1.00988e+06 127 24720
0.000148369 1.07165e+06 159 30864
0.00017798 1.11556e+06 198.548 38544
0.000212886 1.16808e+06 248.668 48144
0.000260497 1.19913e+06 312.369 60432
0.000320033 1.22603e+06 392.369 75792
0.000392495 1.25909e+06 494.187 95376
0.000485383 1.28019e+06 621.382 119952
0.000601807 1.29934e+06 781.955 150672
0.000745435 1.31896e+06 983.196 189456
0.00092984 1.32831e+06 1235.11 238224
0.00115963 1.34299e+06 1557.38 299664
0.00144924 1.35047e+06 1957.15 376848
0.00181412 1.35629e+06 2460.48 474384
0.00227658 1.36367e+06 3104.51 596880
0.00289755 1.34702e+06 3903.08 751248
0.00368771 1.33005e+06 4904.82 945552
0.00463308 1.33673e+06 6193.2 1190160
0.00580799 1.34036e+06 7784.79 1498128
0.00725801 1.34788e+06 9782.89 1885968
0.00909902 1.35812e+06 12357.6 2374032
0.0113867 1.36388e+06 15530 2988432
0.0142699 1.36731e+06 19511.5 3761808
0.0179115 1.37658e+06 24656.6 4735632
0.0225602 1.37331e+06 30982.2 5961744
0.0282633 1.37712e+06 38922 7505040
0.0355108 1.38557e+06 49202.8 9448080
0.0448546 1.37805e+06 61812.1 11894160
0.0560879 1.38433e+06 77643.9 14973456
0.0701178 1.4e+06 98164.9 18850320
0.0884718 1.39395e+06 123325 23730960
0.11106 1.39471e+06 154896 29875344
0.139534 1.40338e+06 195819 37610640
0.174993 1.40611e+06 246061 47348880
0.220119 1.40384e+06 309013 59608464
0.275836 1.41614e+06 390623 75042192
0.34837 1.40926e+06 490944 94472208
0.437486 1.40912e+06 616472 118933392
0.550351 1.41587e+06 779224 149727888
0.691456 1.41664e+06 979547 188496144
0.872253 1.40997e+06 1.22985e+06 237302544
1.09882 1.41462e+06 1.55442e+06 298746000
