# filename: ./acpphint-RPi4B-3072MiB-threads_4-LP64-FreeBSD_13_r365932M_64bit-g++_10_O3lto-libc++-cpulockdown-DSIZE_ld-ISIZE_ul-using_4_threads-cpus_0_1_2_3.txt
# acpphint_main version: 0.1.23

0.000107259 139848 15 3360
0.000107851 176169 19 4128
0.000111685 205936 23 4896
0.000109314 246995 27 5664
0.000107851 287434 31 6432
0.000114888 339461 39 7968
0.000117073 401459 47 9504
0.000122517 479934 58.8001 11808
0.00012648 556087 70.3339 14112
0.000134387 643327 86.4548 17184
0.000139166 766306 106.644 21024
0.000149036 875301 130.451 25632
0.000154203 1.05411e+06 162.546 31776
0.000187572 1.0777e+06 202.147 39456
0.000197498 1.29115e+06 255 49440
0.000223739 1.42577e+06 319 61728
0.000251256 1.58267e+06 397.655 77088
0.000295775 1.68369e+06 497.994 96288
0.000336293 1.85867e+06 625.057 120864
0.00040681 1.92996e+06 785.128 151584
0.000473309 2.08857e+06 988.539 190752
0.000574048 2.16363e+06 1242.03 239904
0.000703898 2.22178e+06 1563.9 301344
0.00087573 2.24447e+06 1965.55 378912
0.00108373 2.27647e+06 2467.08 476448
0.00138494 2.24861e+06 3114.21 599328
0.00176231 2.21947e+06 3911.39 753696
0.00223984 2.19341e+06 4912.88 948768
0.0027675 2.24305e+06 6207.64 1193760
0.00340501 2.29048e+06 7799.09 1502496
0.00416617 2.35021e+06 9791.35 1891104
0.00510071 2.42785e+06 12383.8 2380320
0.00629392 2.4713e+06 15554.1 2996256
0.00778994 2.50662e+06 19526.4 3771936
0.00970578 2.546e+06 24711 4748064
0.0121477 2.5542e+06 31027.7 5976864
0.0151682 2.5672e+06 38939.8 7523616
0.0189909 2.59641e+06 49308.1 9471264
0.023924 2.58727e+06 61897.9 11923488
0.0300656 2.58339e+06 77671 15010080
0.0376845 2.61122e+06 98402.6 18896160
0.0470197 2.62632e+06 123489 23788320
0.0589494 2.62818e+06 154930 29946912
0.0739732 2.6539e+06 196318 37700640
0.0932174 2.64304e+06 246377 47461920
0.117411 2.63224e+06 309054 59750688
0.147809 2.64914e+06 391566 75221280
0.186417 2.63695e+06 491572 94697760
0.233883 2.63596e+06 616508 119216928
0.293403 2.66189e+06 781008 150084384
0.368359 2.66258e+06 980783 188944416
0.45136 2.72472e+06 1.22983e+06 237866784
0.570929 2.72851e+06 1.55779e+06 299455776
0.716529 2.73104e+06 1.95687e+06 376992288
0.900989 2.7229e+06 2.4533e+06 474605088
1.13839 2.72941e+06 3.10713e+06 597492000
