# filename: ./acpphint-RPi4B-8192MiB-threads_4-LP64-FreeBSD_main_n247756_348c41d1815d_64bit-g++_11_O3lto-libc++-DSIZE_ull-ISIZE_ull-using_2_threads-cpus_1_3.txt
# acpphint_main version: 0.1.24

3.8555e-05 181559 7 976
4.324e-05 208141 9 1184
4.7278e-05 232666 11 1392
4.2685e-05 304557 13 1600
4.5352e-05 330746 15 1808
4.8611e-05 390858 19 2224
4.5908e-05 501002 23 2640
4.237e-05 682875 28.9334 3264
4.2759e-05 813360 34.7785 3888
3.9445e-05 1.08553e+06 42.8186 4720
4.2056e-05 1.25743e+06 52.8825 5760
4.1278e-05 1.57018e+06 64.8139 7008
4.126e-05 1.95944e+06 80.8465 8672
4.4722e-05 2.25202e+06 100.715 10752
4.5e-05 2.82222e+06 127 13456
4.6815e-05 3.39635e+06 159 16784
4.9204e-05 4.0352e+06 198.548 20944
4.963e-05 5.01045e+06 248.668 26144
5.1203e-05 6.1006e+06 312.369 32800
5.2907e-05 7.41619e+06 392.369 41120
5.0167e-05 9.85084e+06 494.187 51728
5.6629e-05 1.09729e+07 621.382 65040
5.8592e-05 1.33458e+07 781.955 81680
6.1556e-05 1.59724e+07 983.196 102688
7.0536e-05 1.75104e+07 1235.11 129104
8.2722e-05 1.88267e+07 1557.38 162384
8.6814e-05 2.25442e+07 1957.15 204192
0.00010374 2.37177e+07 2460.47 257024
0.000113129 2.74422e+07 3104.51 323376
0.000140017 2.78757e+07 3903.07 406992
0.000165647 2.96101e+07 4904.82 512240
0.00021748 2.84771e+07 6193.19 644736
0.000381496 2.04059e+07 7784.78 811552
0.000717067 1.36429e+07 9782.87 1021632
0.00110304 1.12031e+07 12357.5 1286000
0.0016338 9.50545e+06 15530 1618800
0.00229253 8.51084e+06 19511.4 2037712
0.0030626 8.05084e+06 24656.5 2565200
0.00405596 7.63864e+06 30982 3229344
0.00522022 7.45594e+06 38921.7 4065296
0.00667675 7.36921e+06 49202.3 5117776
0.00870737 7.09873e+06 61811.3 6442736
0.0109482 7.09183e+06 77642.6 8110688
0.0140087 7.00729e+06 98162.9 10210656
0.0181396 6.79851e+06 123322 12854336
0.0227776 6.80014e+06 154891 16182544
0.029035 6.74398e+06 195811 20372496
0.0323654 7.60218e+06 246048 25647376
0.0413876 7.46582e+06 308992 32287984
0.0523518 7.46089e+06 390591 40647920
0.0640191 7.66793e+06 490894 51172512
0.0865286 7.12356e+06 616392 64422320
0.108454 7.18365e+06 779097 81102672
0.136631 7.1678e+06 979346 102102144
0.178314 6.89533e+06 1.22953e+06 128538944
0.224577 6.91927e+06 1.55391e+06 161820816
0.28471 6.86178e+06 1.95361e+06 203720128
0.360277 6.80656e+06 2.45225e+06 256468304
0.465108 6.66242e+06 3.09874e+06 322874384
0.575339 6.77207e+06 3.89624e+06 406474576
0.729548 6.70216e+06 4.88954e+06 511721120
0.924498 6.68169e+06 6.17721e+06 644218576
1.1588 6.70275e+06 7.76712e+06 811022928
