# filename: ./acpphint-RPi4B-8192MiB-threads_4-LP64-FreeBSD_13_r365932M_64bit-g++_10_O3lto-libc++-cpulockdown-DSIZE_f-ISIZE_ui-using_2_threads-cpus_0_3.txt
# acpphint_main version: 0.1.23

4.2518e-05 164682 7.00195 560
4.263e-05 211155 9.00153 664
4.2703e-05 257593 11 768
4.3685e-05 297585 13 872
4.261e-05 352030 15 976
4.3055e-05 441226 18.997 1184
4.1148e-05 558958 23 1392
4.0481e-05 714572 28.9266 1704
4.4463e-05 781860 34.7639 2016
4.4666e-05 958148 42.7966 2432
4.2907e-05 1.2312e+06 52.8272 2952
4.1258e-05 1.56914e+06 64.7398 3576
4.2518e-05 1.89817e+06 80.7064 4408
4.3537e-05 2.30924e+06 100.537 5448
4.5463e-05 2.78799e+06 126.75 6800
4.4555e-05 3.55826e+06 158.538 8464
4.4333e-05 4.46578e+06 197.981 10544
4.4573e-05 5.55756e+06 247.717 13144
4.5518e-05 6.83057e+06 310.914 16472
3.9685e-05 9.82612e+06 389.95 20632
3.9463e-05 1.24107e+07 489.763 25936
4.2166e-05 1.4553e+07 613.64 32592
4.4833e-05 1.7127e+07 767.856 40912
4.9167e-05 1.95349e+07 960.473 51416
