# filename: ./acpphint-RPi4B-3072MiB-threads_4-LP64-FreeBSD_13_r365932M_64bit-g++_10_O3lto-libc++-DSIZE_ld-ISIZE_ull-using_4_threads-cpus_0_1_2_3.txt
# acpphint_main version: 0.1.23

0.000102684 146079 15 3360
0.000104629 181594 19 4128
0.000103574 222063 23 4896
0.000107574 250990 27 5664
0.000108777 284987 31 6432
0.000109592 355865 39 7968
0.000114795 409425 47 9504
0.000108962 539638 58.8001 11808
0.000102 689548 70.3339 14112
0.000110295 783851 86.4548 17184
0.000115499 923330 106.644 21024
0.000126036 1.03503e+06 130.451 25632
0.000132369 1.22798e+06 162.546 31776
0.000154739 1.30638e+06 202.147 39456
0.000166073 1.53547e+06 255 49440
0.000198646 1.60587e+06 319 61728
0.000220257 1.80541e+06 397.655 77088
0.000261997 1.90076e+06 497.994 96288
0.000311829 2.00449e+06 625.057 120864
0.000368477 2.13074e+06 785.128 151584
0.000444753 2.22267e+06 988.539 190752
0.000541104 2.29536e+06 1242.03 239904
0.000653028 2.39485e+06 1563.9 301344
0.000814397 2.4135e+06 1965.55 378912
0.0010089 2.44532e+06 2467.08 476448
0.00135404 2.29994e+06 3114.21 599328
0.00173959 2.24846e+06 3911.39 753696
0.00222043 2.21258e+06 4912.88 948768
0.00276402 2.24588e+06 6207.64 1193760
0.00338257 2.30567e+06 7799.09 1502496
0.00414785 2.36058e+06 9791.35 1891104
0.00509623 2.42999e+06 12383.8 2380320
0.00630147 2.46833e+06 15554.1 2996256
0.00779675 2.50443e+06 19526.4 3771936
0.00976831 2.52971e+06 24711 4748064
0.012153 2.55309e+06 31027.7 5976864
0.0150924 2.5801e+06 38939.8 7523616
0.0188804 2.6116e+06 49308.1 9471264
0.0236535 2.61686e+06 61897.9 11923488
0.0295302 2.63023e+06 77671 15010080
0.0369822 2.66081e+06 98402.6 18896160
0.0463309 2.66537e+06 123489 23788320
0.058254 2.65955e+06 154930 29946912
0.0729447 2.69132e+06 196318 37700640
0.0917649 2.68488e+06 246377 47461920
0.115524 2.67524e+06 309054 59750688
0.144851 2.70324e+06 391566 75221280
0.18219 2.69812e+06 491572 94697760
0.228935 2.69294e+06 616508 119216928
0.288575 2.70643e+06 781008 150084384
0.36267 2.70434e+06 980783 188944416
0.457863 2.68602e+06 1.22983e+06 237866784
0.575328 2.70765e+06 1.55779e+06 299455776
0.723993 2.70288e+06 1.95687e+06 376992288
0.910007 2.69591e+06 2.4533e+06 474605088
1.14541 2.71267e+06 3.10713e+06 597492000
