# filename: ./acpphint-RPi4B-3072MiB-threads_4-LP64-FreeBSD_13_r363590M_64bit-g++_10_O3lto-libc++-cpulockdown-DSIZE_ui-ISIZE_ui-using_2_threads-cpus_1_3.txt
# acpphint_main version: 0.1.23

5.561e-05 125863 6.99927 560
5.5796e-05 161279 8.99872 664
5.537e-05 198630 10.9981 768
5.6148e-05 231485 12.9974 872
5.6148e-05 267090 14.9966 976
5.7982e-05 327591 18.9944 1184
5.4333e-05 423166 22.9919 1392
5.5852e-05 517812 28.9208 1704
5.7111e-05 608636 34.7598 2016
5.7482e-05 744417 42.7906 2432
5.5556e-05 951101 52.8394 2952
5.7333e-05 1.12935e+06 64.7492 3576
5.7963e-05 1.39306e+06 80.746 4408
5.5796e-05 1.80227e+06 100.559 5448
5.3852e-05 2.35375e+06 126.754 6800
5.1185e-05 3.09884e+06 158.614 8464
5.1963e-05 3.80939e+06 197.947 10544
5.1037e-05 4.85397e+06 247.732 13144
4.9666e-05 6.25957e+06 310.888 16472
5.2093e-05 7.48722e+06 390.032 20632
5.3315e-05 9.19996e+06 490.496 25936
5.5333e-05 1.11243e+07 615.543 32592
6.0333e-05 1.28078e+07 772.732 40912
6.3925e-05 1.51534e+07 968.683 51416
6.5499e-05 1.8508e+07 1212.26 64624
6.7278e-05 2.2611e+07 1521.23 81264
7.9536e-05 2.38942e+07 1900.45 102168
8.6537e-05 2.74039e+07 2371.45 128584
9.6314e-05 3.07756e+07 2964.12 161760
0.000108054 3.40919e+07 3683.77 203568
0.000125332 3.64097e+07 4563.3 256192
0.000153869 3.67747e+07 5658.49 322440
0.000181887 3.82574e+07 6958.52 405848
0.000221091 3.85011e+07 8512.25 510888
0.000316348 3.28661e+07 10397.1 643072
0.00046255 2.71434e+07 12555.2 809472
