# filename: ./acpphint-RPi4B-8192MiB-threads_4-LP64-FreeBSD_13_r365932M_64bit-g++_10_O3lto-libc++-DSIZE_ld-ISIZE_ull-using_2_threads-cpus_0_3.txt
# acpphint_main version: 0.1.23

5.4482e-05 128483 7 1680
5.0666e-05 177634 9 2064
5.6092e-05 196106 11 2448
5.4018e-05 240661 13 2832
5.937e-05 252653 15 3216
6.1908e-05 306907 19 3984
6.4463e-05 356794 23 4752
6.6074e-05 437894 28.9334 5904
7.4574e-05 466362 34.7785 7056
7.863e-05 544558 42.8186 8592
8.6073e-05 614392 52.8825 10512
9.8017e-05 661252 64.8139 12816
0.000107259 753750 80.8465 15888
0.000120758 834021 100.715 19728
0.000142888 888808 127 24720
0.000161813 982616 159 30864
0.000191313 1.03782e+06 198.548 38544
0.00022809 1.09022e+06 248.668 48144
0.000275311 1.1346e+06 312.369 60432
0.00032957 1.19055e+06 392.369 75792
0.000409458 1.20693e+06 494.187 95376
0.000508031 1.22312e+06 621.382 119952
0.000610029 1.28183e+06 781.955 150672
0.000757878 1.2973e+06 983.196 189456
0.000940857 1.31275e+06 1235.11 238224
0.00117085 1.33012e+06 1557.38 299664
0.00146567 1.33534e+06 1957.15 376848
0.00183529 1.34065e+06 2460.48 474384
0.00230682 1.3458e+06 3104.51 596880
0.00293366 1.33044e+06 3903.08 751248
0.00373113 1.31457e+06 4904.82 945552
0.00470371 1.31666e+06 6193.2 1190160
0.00587451 1.32518e+06 7784.79 1498128
0.00730679 1.33888e+06 9782.89 1885968
0.00912537 1.3542e+06 12357.6 2374032
0.011423 1.35954e+06 15530 2988432
0.0143499 1.3597e+06 19511.5 3761808
0.0179903 1.37055e+06 24656.6 4735632
0.0226478 1.368e+06 30982.2 5961744
0.0283409 1.37335e+06 38922 7505040
0.0355625 1.38356e+06 49202.8 9448080
0.044735 1.38174e+06 61812.1 11894160
0.0559479 1.38779e+06 77643.9 14973456
0.0700076 1.4022e+06 98164.9 18850320
0.0880731 1.40026e+06 123325 23730960
0.110501 1.40175e+06 154896 29875344
0.138609 1.41274e+06 195819 37610640
0.174052 1.41372e+06 246061 47348880
0.218951 1.41133e+06 309013 59608464
0.27494 1.42076e+06 390623 75042192
0.345483 1.42104e+06 490944 94472208
0.434841 1.4177e+06 616472 118933392
0.546866 1.42489e+06 779224 149727888
0.687997 1.42377e+06 979547 188496144
0.866192 1.41984e+06 1.22985e+06 237302544
1.09072 1.42514e+06 1.55442e+06 298746000
