# filename: ./acpphint-RPi4B-4096MiB-threads_4-LP64-ubuntu_20_10_64bit-g++_10_O3lto-libstdc++-cpulockdown-DSIZE_s-ISIZE_s-using_1_threads.txt
# acpphint_main version: 0.1.23

7.37455e-08 1.35602e+07 1 124
1.05622e-07 1.87407e+07 1.97942 150
1.38593e-07 2.13308e+07 2.95628 176
1.71727e-07 2.27598e+07 3.90847 202
2.03222e-07 2.39263e+07 4.86235 228
2.36433e-07 2.46589e+07 5.83019 254
2.69231e-07 2.50466e+07 6.74332 280
3.36727e-07 2.54145e+07 8.55776 332
4.06389e-07 2.54851e+07 10.3569 384
5.05357e-07 2.57053e+07 12.9903 462
6.035e-07 2.56859e+07 15.5014 540
7.408e-07 2.53347e+07 18.7679 644
8.9825e-07 2.53133e+07 22.7377 774
1.09267e-06 2.48794e+07 27.1849 930
1.3565e-06 2.40873e+07 32.6744 1138
1.68525e-06 2.32738e+07 39.2222 1398
2.1115e-06 2.21031e+07 46.6708 1736
2.6205e-06 2.09222e+07 54.8265 2152
3.306e-06 1.93825e+07 64.0787 2672
4.223e-06 1.75177e+07 73.9773 3322
