# filename: ./acpphint-RPi4B-8192MiB-threads_4-LP64-FreeBSD_main_n247756_348c41d1815d_64bit-g++_11_O3lto-libc++-cpulockdown-DSIZE_ull-ISIZE_ull-using_3_threads-cpus_0_1_3.txt
# acpphint_main version: 0.1.24

6.6704e-05 164908 11 1464
6.4111e-05 218371 14 1776
6.2352e-05 272646 17 2088
6.8e-05 294118 20 2400
7.0518e-05 326158 23 2712
6.6315e-05 437307 29 3336
6.4796e-05 540157 35 3960
6.3056e-05 695679 43.8667 4896
6.0241e-05 872432 52.5562 5832
6.0537e-05 1.06772e+06 64.6367 7080
6.1167e-05 1.30403e+06 79.7633 8640
6.3704e-05 1.53259e+06 97.6321 10512
6.7296e-05 1.80837e+06 121.696 13008
6.787e-05 2.23119e+06 151.431 16128
6.6186e-05 2.88581e+06 191 20184
6.7426e-05 3.54463e+06 239 25176
6.5796e-05 4.53068e+06 298.101 31416
7.0722e-05 5.27886e+06 373.332 39216
6.6981e-05 6.99775e+06 468.716 49200
7.1907e-05 8.18762e+06 588.747 61680
7.2519e-05 1.0223e+07 741.364 77592
7.3148e-05 1.27373e+07 931.71 97560
8.0907e-05 1.44972e+07 1172.93 122520
8.6759e-05 1.69939e+07 1474.37 154032
9.0536e-05 2.04461e+07 1851.11 193656
9.5666e-05 2.44161e+07 2335.79 243576
0.0001045 2.80792e+07 2934.27 306288
0.00012161 3.03158e+07 3686.7 385536
0.000156221 2.98044e+07 4656.07 485064
0.000221702 2.63917e+07 5851.08 610488
0.000331904 2.21393e+07 7348.13 768360
0.000615513 1.50906e+07 9288.46 967104
0.000944768 1.23517e+07 11669.4 1217328
0.00139843 1.04794e+07 14654.7 1532448
0.00193624 9.57225e+06 18534.2 1929000
0.00269505 8.63761e+06 23278.8 2428200
0.00354848 8.23612e+06 29225.7 3056568
0.00462051 8.0039e+06 36982.1 3847800
0.00601168 7.7249e+06 46439.6 4844016
0.00785551 7.42107e+06 58296.3 6097944
0.0100315 7.35698e+06 73801.6 7676664
0.0127129 7.28776e+06 92648.8 9664104
0.0161725 7.19029e+06 116285 12166032
0.0206912 7.11592e+06 147237 15315984
0.026172 7.06268e+06 184844 19281504
0.0331015 7.0077e+06 231965 24273816
0.041774 7.0301e+06 293675 30558744
0.0419439 8.7924e+06 368788 38471064
0.0528489 8.75551e+06 462719 48431976
0.0680441 8.60831e+06 585745 60971880
0.08837 8.32581e+06 735751 76758768
0.126565 7.29255e+06 922980 96633480
0.157191 7.4319e+06 1.16823e+06 121654008
0.192365 7.63008e+06 1.46776e+06 153153216
0.235867 7.80475e+06 1.84089e+06 192808416
0.288927 8.06312e+06 2.32966e+06 242731224
0.395449 7.40319e+06 2.92759e+06 305580192
0.481473 7.62432e+06 3.6709e+06 384702456
0.597439 7.7741e+06 4.64455e+06 484311576
0.74638 7.82097e+06 5.83741e+06 609711864
0.964922 7.58309e+06 7.31709e+06 767581680
1.21905 7.59179e+06 9.2548e+06 966327864
