# filename: ./acpphint-RPi4B-4096MiB-threads_4-LP64-ubuntu_20_10_64bit-g++_10_O3lto-libstdc++-DSIZE_ui-ISIZE_ui-using_2_threads-cpus_1_3.txt
# acpphint_main version: 0.1.23

0.000129831 53910.6 6.99927 560
0.000130664 68869.2 8.99872 664
0.000132442 83041.1 10.9981 768
0.000130313 99740.1 12.9974 872
0.000128405 116791 14.9966 976
0.000129701 146448 18.9944 1184
0.000131739 174526 22.9919 1392
0.000133239 217060 28.9208 1704
0.000133813 259764 34.7598 2016
0.000113591 376707 42.7906 2432
0.000133961 394439 52.8394 2952
0.000126276 512759 64.7492 3576
0.000110257 732343 80.746 4408
0.000110036 913878 100.559 5448
0.000112998 1.12174e+06 126.754 6800
0.000111054 1.42826e+06 158.614 8464
0.000135127 1.4649e+06 197.947 10544
0.000135979 1.82184e+06 247.732 13144
0.000117035 2.65636e+06 310.888 16472
0.000116239 3.35543e+06 390.032 20632
0.000120221 4.07995e+06 490.496 25936
0.000145183 4.23977e+06 615.543 32592
0.000126776 6.09525e+06 772.732 40912
0.000131683 7.35617e+06 968.683 51416
0.000139127 8.71331e+06 1212.26 64624
0.000144813 1.05048e+07 1521.23 81264
0.000149497 1.27123e+07 1900.45 102168
0.000158849 1.49289e+07 2371.45 128584
0.000169016 1.75375e+07 2964.12 161760
0.000180256 2.04363e+07 3683.77 203568
0.00019846 2.29935e+07 4563.3 256192
0.000222459 2.54361e+07 5658.49 322440
0.000250829 2.77421e+07 6958.52 405848
0.00029442 2.89119e+07 8512.25 510888
0.000375974 2.76538e+07 10397.1 643072
0.000520509 2.4121e+07 12555.2 809472
