# filename: ./acpphint-RPi4B-8192MiB-threads_4-LP64-FreeBSD_13_r365932M_64bit-g++_10_O3lto-libc++-DSIZE_ld-ISIZE_ull-using_2_threads-cpus_1_3.txt
# acpphint_main version: 0.1.23

5.6037e-05 124917 7 1680
5.237e-05 171854 9 2064
5.3334e-05 206247 11 2448
5.5815e-05 232912 13 2832
5.861e-05 255929 15 3216
6.5018e-05 292227 19 3984
6.7555e-05 340463 23 4752
6.7352e-05 429585 28.9334 5904
7.4351e-05 467761 34.7785 7056
8.1888e-05 522892 42.8186 8592
8.6629e-05 610448 52.8825 10512
9.7963e-05 661616 64.8139 12816
0.000106315 760443 80.8465 15888
0.00012511 805009 100.715 19728
0.000144221 880593 127 24720
0.00016348 972596 159 30864
0.000190202 1.04388e+06 198.548 38544
0.00022809 1.09022e+06 248.668 48144
0.000276312 1.13049e+06 312.369 60432
0.000331145 1.18488e+06 392.369 75792
0.000402643 1.22736e+06 494.187 95376
0.000498401 1.24675e+06 621.382 119952
0.000612234 1.27722e+06 781.955 150672
0.00075651 1.29965e+06 983.196 189456
0.000940433 1.31335e+06 1235.11 238224
0.0011703 1.33075e+06 1557.38 299664
0.00146561 1.33538e+06 1957.15 376848
0.00183535 1.3406e+06 2460.48 474384
0.00231845 1.33904e+06 3104.51 596880
0.00294822 1.32387e+06 3903.08 751248
0.00373236 1.31413e+06 4904.82 945552
0.00469389 1.31942e+06 6193.2 1190160
0.00587035 1.32612e+06 7784.79 1498128
0.00732402 1.33573e+06 9782.89 1885968
0.0091477 1.35089e+06 12357.6 2374032
0.0114332 1.35833e+06 15530 2988432
0.0143112 1.36337e+06 19511.5 3761808
0.0179712 1.372e+06 24656.6 4735632
0.022559 1.37338e+06 30982.2 5961744
0.028262 1.37719e+06 38922 7505040
0.0355239 1.38506e+06 49202.8 9448080
0.0447105 1.3825e+06 61812.1 11894160
0.055934 1.38813e+06 77643.9 14973456
0.0700333 1.40169e+06 98164.9 18850320
0.087951 1.4022e+06 123325 23730960
0.110422 1.40276e+06 154896 29875344
0.138224 1.41668e+06 195819 37610640
0.173638 1.41709e+06 246061 47348880
0.218761 1.41256e+06 309013 59608464
0.274647 1.42227e+06 390623 75042192
0.345195 1.42222e+06 490944 94472208
0.434759 1.41796e+06 616472 118933392
0.545316 1.42894e+06 779224 149727888
0.6868 1.42625e+06 979547 188496144
0.864611 1.42243e+06 1.22985e+06 237302544
1.08675 1.43033e+06 1.55442e+06 298746000
