# filename: ./acpphint-RPi4B-3072MiB-threads_4-LP64-FreeBSD_13_r363590M_64bit-g++_10_O3lto-libc++-cpulockdown-DSIZE_ui-ISIZE_ui-using_2_threads-cpus_2_3.txt
# acpphint_main version: 0.1.23

6.4333e-05 108797 6.99927 560
6.6073e-05 136194 8.99872 664
6.4592e-05 170271 10.9981 768
6.4463e-05 201626 12.9974 872
6.2499e-05 239949 14.9966 976
6.5518e-05 289911 18.9944 1184
6.5111e-05 353118 22.9919 1392
6.4925e-05 445450 28.9208 1704
6.4814e-05 536301 34.7598 2016
6.4203e-05 666489 42.7906 2432
6.4925e-05 813853 52.8394 2952
6.5259e-05 992188 64.7492 3576
6.211e-05 1.30005e+06 80.746 4408
6.1203e-05 1.64305e+06 100.559 5448
5.7981e-05 2.18614e+06 126.754 6800
5.837e-05 2.71739e+06 158.614 8464
5.8518e-05 3.38267e+06 197.947 10544
6.2259e-05 3.97905e+06 247.732 13144
6.4592e-05 4.8131e+06 310.888 16472
5.9221e-05 6.58604e+06 390.032 20632
6.161e-05 7.96131e+06 490.496 25936
6.8351e-05 9.00562e+06 615.543 32592
6.6666e-05 1.15911e+07 772.732 40912
7.1499e-05 1.35482e+07 968.683 51416
7.6444e-05 1.58581e+07 1212.26 64624
8.3591e-05 1.81984e+07 1521.23 81264
9.3647e-05 2.02938e+07 1900.45 102168
0.000101202 2.34328e+07 2371.45 128584
0.00011124 2.66462e+07 2964.12 161760
0.000129147 2.85238e+07 3683.77 203568
0.000141517 3.22456e+07 4563.3 256192
0.000182332 3.1034e+07 5658.49 322440
0.00021848 3.18497e+07 6958.52 405848
0.000290978 2.92539e+07 8512.25 510888
0.000407644 2.55054e+07 10397.1 643072
0.000626549 2.00386e+07 12555.2 809472
