# filename: ./acpphint-RPi4B-8192MiB-threads_4-LP64-FreeBSD_main_n247756_348c41d1815d_64bit-g++_11_O3lto-libc++-cpulockdown-DSIZE_ul-ISIZE_ul-using_4_threads.txt
# acpphint_main version: 0.1.24

7.5852e-05 197754 15 1952
7.687e-05 247171 19 2368
8.2222e-05 279730 23 2784
7.9315e-05 340415 27 3200
8.0129e-05 386876 31 3616
7.9851e-05 488410 39 4448
7.9111e-05 594102 47 5280
8.3574e-05 703569 58.8001 6528
7.4445e-05 944776 70.3339 7776
8.1851e-05 1.05625e+06 86.4548 9440
7.7444e-05 1.37704e+06 106.644 11520
7.9722e-05 1.63633e+06 130.451 14016
8.3352e-05 1.95012e+06 162.546 17344
8.8889e-05 2.27415e+06 202.147 21504
8.2e-05 3.10976e+06 255 26912
8.7981e-05 3.62578e+06 319 33568
8.6221e-05 4.61204e+06 397.655 41888
8.8425e-05 5.63182e+06 497.994 52288
8.7833e-05 7.11643e+06 625.057 65600
8.7314e-05 8.992e+06 785.128 82240
9.3184e-05 1.06085e+07 988.539 103456
9.7555e-05 1.27315e+07 1242.03 130080
9.8648e-05 1.58534e+07 1563.9 163360
0.000107537 1.82779e+07 1965.55 205376
0.000109685 2.24924e+07 2467.07 258208
0.000120869 2.57651e+07 3114.2 324768
0.000159517 2.45202e+07 3911.39 408384
0.000177499 2.76783e+07 4912.88 514048
0.000291719 2.12795e+07 6207.63 646752
0.000513236 1.51959e+07 7799.08 813984
0.00081851 1.19624e+07 9791.33 1024480
0.00118132 1.0483e+07 12383.7 1289472
0.00162769 9.55594e+06 15554.1 1623104
0.00210092 9.29418e+06 19526.4 2043264
0.00275125 8.98168e+06 24710.8 2572000
0.00366613 8.46328e+06 31027.5 3237600
0.00470486 8.27645e+06 38939.5 4075424
0.00604038 8.163e+06 49307.6 5130400
0.0079551 7.7808e+06 61897.1 6458688
0.0101649 7.64101e+06 77669.8 8130592
0.0129362 7.60661e+06 98400.6 10235552
0.0164705 7.49741e+06 123486 12885472
0.0209165 7.40681e+06 154925 16221376
0.0262907 7.46688e+06 196309 20421312
0.033545 7.3443e+06 246365 25708672
0.0423668 7.29424e+06 309034 32365088
0.053404 7.33154e+06 391534 40744992
0.0598277 8.2156e+06 491521 51294752
0.0767625 8.03033e+06 616428 64575968
0.0967406 8.07189e+06 780880 81295840
0.124178 7.8966e+06 980581 102345024
0.158391 7.76249e+06 1.22951e+06 128844640
0.194937 7.98864e+06 1.55728e+06 162205344
0.23757 8.23365e+06 1.95606e+06 204204288
0.334463 7.33127e+06 2.45204e+06 257077888
0.423171 7.33771e+06 3.10511e+06 323641632
0.521613 7.47895e+06 3.90112e+06 407440256
0.663674 7.36628e+06 4.88881e+06 512936608
0.818011 7.56618e+06 6.18922e+06 645748768
0.984703 7.89765e+06 7.77683e+06 812949152
1.23559 7.88431e+06 9.7418e+06 1023442240
