# filename: ./acpphint-RPi4B-3072MiB-threads_4-LP64-FreeBSD_13_r363590M_64bit-g++_10_O3lto-libc++-cpulockdown-DSIZE_s-ISIZE_s-using_1_threads.txt
# acpphint_main version: 0.1.23

8.038e-08 1.24409e+07 1 124
1.16727e-07 1.69577e+07 1.97942 150
1.5336e-07 1.92768e+07 2.95628 176
1.9075e-07 2.049e+07 3.90847 202
2.26281e-07 2.14881e+07 4.86235 228
2.64571e-07 2.20364e+07 5.83019 254
3.00167e-07 2.24652e+07 6.74332 280
3.759e-07 2.2766e+07 8.55776 332
4.63e-07 2.2369e+07 10.3569 384
5.6325e-07 2.30632e+07 12.9903 462
6.723e-07 2.30573e+07 15.5014 540
8.195e-07 2.29017e+07 18.7679 644
1.00317e-06 2.26659e+07 22.7377 774
1.22233e-06 2.22402e+07 27.1849 930
1.514e-06 2.15815e+07 32.6744 1138
1.889e-06 2.07635e+07 39.2222 1398
2.3615e-06 1.97632e+07 46.6708 1736
2.9265e-06 1.87345e+07 54.8265 2152
3.6485e-06 1.7563e+07 64.0787 2672
4.593e-06 1.61065e+07 73.9773 3322
