# filename: ./acpphint-RPi4B-8192MiB-threads_4-LP64-FreeBSD_13_r365932M_64bit-g++_10_O3lto-libc++-DSIZE_ld-ISIZE_ul-using_3_threads-cpus_0_1_2.txt
# acpphint_main version: 0.1.23

6.6425e-05 165600 11 2520
6.6481e-05 210586 14 3096
6.713e-05 253240 17 3672
6.75e-05 296296 20 4248
6.6185e-05 347511 23 4824
7.2481e-05 400105 29 5976
6.9999e-05 500007 35 7128
7.4833e-05 586195 43.8667 8856
7.6407e-05 687845 52.5562 10584
8.0555e-05 802392 64.6367 12888
8.4925e-05 939221 79.7633 15768
9.9017e-05 986013 97.6321 19224
0.000108943 1.11706e+06 121.696 23832
0.000122702 1.23413e+06 151.431 29592
0.000138369 1.38037e+06 191 37080
0.000170295 1.40345e+06 239 46296
0.00019361 1.5397e+06 298.101 57816
0.000230627 1.61877e+06 373.332 72216
0.000279256 1.67845e+06 468.716 90648
0.000335904 1.75272e+06 588.747 113688
0.000409569 1.81011e+06 741.364 143064
0.000502105 1.85561e+06 931.71 179928
0.0006179 1.89825e+06 1172.93 226008
0.000770083 1.91456e+06 1474.37 284184
0.000949506 1.94955e+06 1851.11 357336
0.00119254 1.95867e+06 2335.79 449496
0.00150839 1.9453e+06 2934.28 565272
0.0019214 1.91876e+06 3686.71 711576
0.00244345 1.90553e+06 4656.07 895320
0.00307863 1.90055e+06 5851.09 1126872
0.00383021 1.91847e+06 7348.14 1418328
0.00473261 1.96266e+06 9288.48 1785240
0.00587094 1.98767e+06 11669.5 2247192
0.00731948 2.00216e+06 14654.8 2828952
0.00914933 2.02575e+06 18534.3 3561048
0.0114431 2.03432e+06 23278.9 4482648
0.0143312 2.03931e+06 29225.9 5642712
0.0179883 2.05591e+06 36982.4 7103448
0.0226012 2.05476e+06 46440.1 8942616
0.028205 2.0669e+06 58297 11257560
0.0352555 2.09337e+06 73802.8 14172120
0.0441988 2.09623e+06 92650.6 17841240
0.0554734 2.09628e+06 116288 22460184
0.0695703 2.11644e+06 147241 28275480
0.0873661 2.11583e+06 184852 35596440
0.109717 2.11432e+06 231977 44813016
0.138039 2.12762e+06 293694 56415960
0.173333 2.12779e+06 368817 71023320
0.21792 2.12356e+06 462765 89412696
0.273952 2.1384e+06 585819 112563288
0.346139 2.12593e+06 735868 141708312
0.435469 2.11993e+06 923163 178400088
0.54811 2.1319e+06 1.16852e+06 224591832
0.691156 2.1243e+06 1.46822e+06 282744216
0.87353 2.10824e+06 1.84161e+06 355953816
1.09552 2.12759e+06 2.33082e+06 448119000
