# filename: ./acpphint-RPi4B-3072MiB-threads_4-LP64-FreeBSD_13_r365932M_64bit-g++_10_O3lto-libc++-DSIZE_ull-ISIZE_ull-using_1_threads.txt
# acpphint_main version: 0.1.23

9.02917e-08 1.10752e+07 1 280
1.34312e-07 1.48906e+07 2 384
1.69833e-07 1.76644e+07 3 488
2.08889e-07 1.91489e+07 4 592
2.50125e-07 1.999e+07 5 696
2.91143e-07 2.06084e+07 6 800
3.33333e-07 2.1e+07 7 904
4.14375e-07 2.17195e+07 9 1112
5.6025e-07 1.96341e+07 11 1320
6.17333e-07 2.26782e+07 14 1632
7.4075e-07 2.29497e+07 17 1944
9.075e-07 2.31405e+07 21 2360
1.1115e-06 2.33918e+07 26 2880
1.352e-06 2.36686e+07 32 3504
1.6765e-06 2.38592e+07 40 4336
2.093e-06 2.38892e+07 50 5376
2.63e-06 2.39544e+07 63 6728
3.26e-06 2.42331e+07 79 8392
4.075e-06 2.42945e+07 99 10472
5.093e-06 2.43471e+07 124 13072
6.389e-06 2.4417e+07 156 16400
8.019e-06 2.44419e+07 196 20560
1.0111e-05 2.44288e+07 247 25864
1.2871e-05 2.41628e+07 311 32520
1.6278e-05 2.40201e+07 391 40840
2.0593e-05 2.38916e+07 492 51344
2.6426e-05 2.34239e+07 619 64552
3.3463e-05 2.32794e+07 779 81192
4.326e-05 2.26537e+07 980 102096
5.474e-05 2.25429e+07 1234 128512
7.0833e-05 2.19248e+07 1553 161688
8.8555e-05 2.20767e+07 1955 203496
0.000110258 2.23204e+07 2461 256120
0.000141258 2.19315e+07 3098 322368
0.000177498 2.19721e+07 3900 405776
0.000227109 2.16196e+07 4909.99 510816
0.000295959 2.08846e+07 6180.99 643000
0.000384606 2.02311e+07 7780.99 809400
0.000522549 1.87446e+07 9794.98 1018856
0.00100553 1.22632e+07 12331 1282600
0.00193748 8.01246e+06 15523.9 1614672
0.00267945 7.29363e+06 19542.9 2032648
0.00371069 6.63026e+06 24602.9 2558888
0.00500323 6.19055e+06 30972.8 3221368
0.00644614 6.04883e+06 38991.6 4055344
0.0082998 5.91429e+06 49087.4 5105328
0.010994 5.621e+06 61797.1 6427168
0.0136912 5.68231e+06 77797.6 8091272
0.0176562 5.5471e+06 97940.8 10186248
0.0221292 5.57181e+06 123299 12823688
0.0283647 5.47241e+06 155223 16143992
0.0356014 5.48888e+06 195412 20323960
0.046135 5.3323e+06 246006 25586256
0.0566435 5.46751e+06 309699 32211160
0.0705857 5.52349e+06 389880 40551336
0.08975 5.46873e+06 490818 51051072
0.111359 5.5486e+06 617885 64269472
0.140365 5.54156e+06 777842 80910408
0.180937 5.41183e+06 979199 101860064
0.221059 5.57618e+06 1.23267e+06 128234152
0.280845 5.52517e+06 1.55172e+06 161437192
0.361599 5.40188e+06 1.95331e+06 203237288
0.445394 5.52047e+06 2.45879e+06 255860560
0.5604 5.52279e+06 3.09497e+06 322109288
0.721591 5.39864e+06 3.89561e+06 405511464
0.884009 5.54647e+06 4.90313e+06 510508616
1.12725 5.47427e+06 6.17085e+06 642692200
