# filename: ./acpphint-RPi4B-3072MiB-threads_4-LP64-FreeBSD_13_r363590M_64bit-g++_10_O3lto-libc++-cpulockdown-DSIZE_ull-ISIZE_ull-using_2_threads-cpus_0_3.txt
# acpphint_main version: 0.1.23

5.7593e-05 121543 7 976
5.7222e-05 157282 9 1184
5.4371e-05 202314 11 1392
5.3612e-05 242483 13 1600
5.6852e-05 263843 15 1808
5.4055e-05 351494 19 2224
5.7573e-05 399493 23 2640
5.3463e-05 541186 28.9334 3264
5.7333e-05 606605 34.7785 3888
5.8834e-05 727786 42.8186 4720
5.4519e-05 969983 52.8825 5760
5.5111e-05 1.17606e+06 64.8139 7008
5.9851e-05 1.3508e+06 80.8465 8672
5.6907e-05 1.76981e+06 100.715 10752
5.613e-05 2.2626e+06 127 13456
5.5982e-05 2.8402e+06 159 16784
5.9555e-05 3.33386e+06 198.548 20944
5.7315e-05 4.33863e+06 248.668 26144
5.7333e-05 5.44833e+06 312.369 32800
6.5333e-05 6.00567e+06 392.369 41120
6.2463e-05 7.91168e+06 494.187 51728
6.6611e-05 9.32852e+06 621.382 65040
6.45e-05 1.21233e+07 781.955 81680
7.0314e-05 1.39829e+07 983.196 102688
7.537e-05 1.63873e+07 1235.11 129104
8.45e-05 1.84305e+07 1557.38 162384
9.2981e-05 2.1049e+07 1957.15 204192
0.000104148 2.36248e+07 2460.47 257024
0.000121573 2.55362e+07 3104.51 323376
0.000146462 2.6649e+07 3903.07 406992
0.000175777 2.79036e+07 4904.82 512240
0.000231183 2.67891e+07 6193.19 644736
0.000537496 1.44834e+07 7784.78 811552
0.000907602 1.07788e+07 9782.87 1021632
0.00136201 9.07305e+06 12357.5 1286000
0.00195474 7.94478e+06 15530 1618800
0.00274305 7.11303e+06 19511.4 2037712
0.00367102 6.71652e+06 24656.5 2565200
0.00480695 6.44525e+06 30982 3229344
0.00627377 6.20387e+06 38921.7 4065296
0.0080274 6.12929e+06 49202.3 5117776
0.0102751 6.01562e+06 61811.3 6442736
0.0131622 5.89892e+06 77642.6 8110688
0.0166566 5.89332e+06 98162.9 10210656
0.0210941 5.84629e+06 123322 12854336
0.0268052 5.77838e+06 154891 16182544
0.0340823 5.74525e+06 195811 20372496
0.0427277 5.75851e+06 246048 25647376
0.0538798 5.73485e+06 308992 32287984
0.0681538 5.73102e+06 390591 40647920
0.0858896 5.7154e+06 490894 51172512
0.109175 5.64592e+06 616392 64422320
0.136912 5.69048e+06 779097 81102672
0.172814 5.66705e+06 979346 102102144
0.218206 5.63473e+06 1.22953e+06 128538944
0.275798 5.63423e+06 1.55391e+06 161820816
0.345811 5.64936e+06 1.95361e+06 203720128
0.43338 5.65841e+06 2.45225e+06 256468304
0.55202 5.61347e+06 3.09874e+06 322874384
0.693071 5.62171e+06 3.89624e+06 406474576
0.866603 5.64219e+06 4.88954e+06 511721120
1.09044 5.66487e+06 6.17721e+06 644218576
