# filename: ./acpphint-RPi4B-3072MiB-threads_4-LP64-FreeBSD_13_r363590M_64bit-g++_10_O3lto-libc++-DSIZE_ull-ISIZE_ull-using_3_threads-cpus_0_1_2.txt
# acpphint_main version: 0.1.23

8.237e-05 133544 11 1464
7.9351e-05 176431 14 1776
8.0147e-05 212110 17 2088
7.6852e-05 260240 20 2400
8.2092e-05 280173 23 2712
8.1592e-05 355427 29 3336
8.4407e-05 414658 35 3960
8.2055e-05 534602 43.8667 4896
8.1926e-05 641508 52.5562 5832
8.2037e-05 787897 64.6367 7080
8.5999e-05 927491 79.7633 8640
8.0055e-05 1.21956e+06 97.6321 10512
8.2481e-05 1.47544e+06 121.696 13008
8.3074e-05 1.82284e+06 151.431 16128
8.0167e-05 2.38253e+06 191 20184
8.5425e-05 2.79778e+06 239 25176
8.4814e-05 3.51476e+06 298.101 31416
8.524e-05 4.37977e+06 373.332 39216
8.687e-05 5.3956e+06 468.716 49200
8.1037e-05 7.26516e+06 588.747 61680
8.6462e-05 8.57445e+06 741.364 77592
8.5777e-05 1.0862e+07 931.71 97560
8.3999e-05 1.39636e+07 1172.93 122520
8.9555e-05 1.64633e+07 1474.37 154032
9.7591e-05 1.8968e+07 1851.11 193656
0.000108073 2.16131e+07 2335.79 243576
0.000110684 2.65104e+07 2934.27 306288
0.000131165 2.81074e+07 3686.7 385536
0.000166091 2.80332e+07 4656.07 485064
0.000265534 2.20352e+07 5851.08 610488
0.000489493 1.50117e+07 7348.13 768360
0.000789564 1.1764e+07 9288.46 967104
0.00112069 1.04127e+07 11669.4 1217328
0.00159916 9.16401e+06 14654.7 1532448
0.00214151 8.65473e+06 18534.2 1929000
0.0028665 8.12098e+06 23278.8 2428200
0.0037765 7.73883e+06 29225.7 3056568
0.0048519 7.62219e+06 36982.1 3847800
0.0063226 7.34502e+06 46439.6 4844016
0.00806278 7.2303e+06 58296.3 6097944
0.0102988 7.16601e+06 73801.6 7676664
0.0129991 7.12733e+06 92648.8 9664104
0.0165788 7.01405e+06 116285 12166032
0.0210749 6.98635e+06 147237 15315984
0.0267916 6.89932e+06 184844 19281504
0.0338033 6.8622e+06 231965 24273816
0.0425349 6.90434e+06 293675 30558744
0.053506 6.89247e+06 368788 38471064
0.0673788 6.86743e+06 462719 48431976
0.0850189 6.88959e+06 585745 60971880
0.107428 6.8488e+06 735751 76758768
0.135093 6.83217e+06 922980 96633480
0.171082 6.82847e+06 1.16823e+06 121654008
0.213812 6.86471e+06 1.46776e+06 153153216
0.269584 6.82861e+06 1.84089e+06 192808416
0.339727 6.85743e+06 2.32966e+06 242731224
0.427476 6.84854e+06 2.92759e+06 305580192
0.537531 6.82918e+06 3.6709e+06 384702456
0.682018 6.81001e+06 4.64455e+06 484311576
0.856261 6.81733e+06 5.83741e+06 609711864
1.07573 6.80197e+06 7.31709e+06 767581680
