# filename: ./acpphint-RPi4B-8192MiB-threads_4-LP64-FreeBSD_13_r365932M_64bit-g++_10_O3lto-libc++-DSIZE_us-ISIZE_us-using_2_threads-cpus_0_2.txt
# acpphint_main version: 0.1.23

4.2333e-05 161028 6.81679 352
4.837e-05 179517 8.68322 404
4.2851e-05 245923 10.538 456
4.7889e-05 258632 12.3856 508
4.6481e-05 304864 14.1704 560
4.2e-05 420490 17.6606 664
4.5315e-05 465207 21.0809 768
4.2833e-05 607856 26.0363 924
4.8852e-05 625735 30.5684 1080
5.1e-05 717215 36.578 1288
4.2685e-05 1.02818e+06 43.8877 1548
