# filename: ./acpphint-RPi4B-3072MiB-threads_4-LP64-FreeBSD_13_r363590M_64bit-g++_10_O3lto-libc++-DSIZE_d-ISIZE_ul-using_2_threads-cpus_1_2.txt
# acpphint_main version: 0.1.23

5.5722e-05 125624 7 976
5.5685e-05 161623 9 1184
5.6592e-05 194374 11 1392
6.1129e-05 212665 13 1600
5.5944e-05 268125 15 1808
6.1556e-05 308662 19 2224
5.4204e-05 424323 23 2640
5.7647e-05 501907 28.9334 3264
5.7666e-05 603102 34.7785 3888
5.5314e-05 774100 42.8186 4720
5.6093e-05 942765 52.8825 5760
6.137e-05 1.05612e+06 64.8139 7008
5.9852e-05 1.35077e+06 80.8465 8672
6.8166e-05 1.47749e+06 100.715 10752
6.0185e-05 2.11016e+06 127 13456
6.1074e-05 2.6034e+06 159 16784
6.3185e-05 3.14232e+06 198.548 20944
6.6369e-05 3.74676e+06 248.668 26144
7.2481e-05 4.30967e+06 312.369 32800
7.1926e-05 5.45517e+06 392.368 41120
7.2444e-05 6.82164e+06 494.187 51728
6.8482e-05 9.07365e+06 621.381 65040
7.4388e-05 1.05118e+07 781.954 81680
8.7204e-05 1.12747e+07 983.195 102688
9.3129e-05 1.32624e+07 1235.11 129104
0.000102517 1.51914e+07 1557.38 162384
0.000120647 1.62221e+07 1957.15 204192
0.00013724 1.79282e+07 2460.47 257024
0.000158683 1.95642e+07 3104.5 323376
0.000209257 1.8652e+07 3903.06 406992
0.000285052 1.72067e+07 4904.8 512240
0.000437143 1.41674e+07 6193.17 644736
0.000681807 1.14178e+07 7784.73 811552
0.00100056 9.77731e+06 9782.8 1021632
0.00143876 8.58894e+06 12357.4 1286000
0.00204129 7.60783e+06 15529.8 1618800
0.00281534 6.93029e+06 19511.1 2037712
0.00376642 6.54628e+06 24656 2565200
0.00508583 6.09169e+06 30981.3 3229344
0.00642479 6.05787e+06 38920.5 4065296
0.00824516 5.96719e+06 49200.5 5117776
0.0105179 5.87647e+06 61808.3 6442736
0.0133438 5.81829e+06 77637.9 8110688
0.0169695 5.78424e+06 98155.5 10210656
0.0214331 5.75325e+06 123310 12854336
0.0270199 5.73179e+06 154872 16182544
0.0343794 5.69474e+06 195782 20372496
0.0434255 5.66491e+06 246001 25647376
0.0547352 5.64389e+06 308919 32287984
0.0690193 5.65747e+06 390474 40647920
0.0867486 5.65668e+06 490710 51172512
0.109728 5.61483e+06 616102 64422320
0.138426 5.62489e+06 778634 81102672
0.174353 5.61284e+06 978613 102102144
0.219286 5.60172e+06 1.22838e+06 128538944
0.276419 5.61491e+06 1.55207e+06 161820816
0.347971 5.60595e+06 1.95071e+06 203720128
0.438235 5.58529e+06 2.44767e+06 256468304
0.552368 5.59669e+06 3.09143e+06 322874384
0.694896 5.59029e+06 3.88467e+06 406474576
0.872682 5.58204e+06 4.87135e+06 511721120
1.09936 5.59251e+06 6.14818e+06 644218576
