# filename: ./acpphint-RPi4B-8192MiB-threads_4-LP64-FreeBSD_13_r365932M_64bit-g++_10_O3lto-libc++-cpulockdown-DSIZE_ul-ISIZE_ul-using_4_threads-cpus_0_1_2_3.txt
# acpphint_main version: 0.1.23

8.3351e-05 179962 15 1952
8.0555e-05 235864 19 2368
8.1833e-05 281060 23 2784
7.4629e-05 361790 27 3200
8.0185e-05 386606 31 3616
8.4833e-05 459727 39 4448
8.6833e-05 541269 47 5280
8.3277e-05 706078 58.8001 6528
7.5536e-05 931130 70.3339 7776
8.2647e-05 1.04607e+06 86.4548 9440
7.687e-05 1.38733e+06 106.644 11520
7.8981e-05 1.65168e+06 130.451 14016
8.287e-05 1.96146e+06 162.546 17344
7.9796e-05 2.5333e+06 202.147 21504
9.1222e-05 2.79538e+06 255 26912
8.4148e-05 3.79094e+06 319 33568
8.9685e-05 4.4339e+06 397.655 41888
7.937e-05 6.27433e+06 497.994 52288
8.8815e-05 7.03775e+06 625.057 65600
8.2203e-05 9.55108e+06 785.128 82240
8.5389e-05 1.15769e+07 988.539 103456
9.3666e-05 1.32602e+07 1242.03 130080
9.5833e-05 1.63191e+07 1563.9 163360
0.000101222 1.94182e+07 1965.55 205376
0.000105629 2.3356e+07 2467.07 258208
0.000114018 2.73133e+07 3114.2 324768
0.000161092 2.42805e+07 3911.39 408384
0.000195572 2.51205e+07 4912.88 514048
0.000308718 2.01078e+07 6207.63 646752
0.000538216 1.44906e+07 7799.08 813984
0.000844379 1.15959e+07 9791.33 1024480
0.00122737 1.00896e+07 12383.7 1289472
0.00153152 1.0156e+07 15554.1 1623104
0.00196694 9.92729e+06 19526.4 2043264
0.00246106 1.00407e+07 24710.8 2572000
0.00307759 1.00817e+07 31027.5 3237600
0.00409565 9.50753e+06 38939.5 4075424
0.00530456 9.29532e+06 49307.6 5130400
0.00661832 9.35238e+06 61897.1 6458688
0.00854965 9.08456e+06 77669.8 8130592
0.0109443 8.99104e+06 98400.6 10235552
0.0147005 8.40013e+06 123486 12885472
0.0178372 8.6855e+06 154925 16221376
0.0225145 8.71924e+06 196309 20421312
0.0284173 8.66954e+06 246365 25708672
0.0363258 8.50728e+06 309034 32365088
0.0481342 8.13422e+06 391534 40744992
0.057391 8.56443e+06 491521 51294752
0.0732204 8.4188e+06 616428 64575968
0.0918675 8.50007e+06 780880 81295840
0.11619 8.43945e+06 980581 102345024
0.148452 8.28221e+06 1.22951e+06 128844640
0.189878 8.20147e+06 1.55728e+06 162205344
0.247832 7.8927e+06 1.95606e+06 204204288
0.331395 7.39914e+06 2.45204e+06 257077888
0.421752 7.3624e+06 3.10511e+06 323641632
0.542264 7.19413e+06 3.90112e+06 407440256
0.678256 7.20792e+06 4.88881e+06 512936608
0.880984 7.02534e+06 6.18922e+06 645748768
1.08508 7.16709e+06 7.77683e+06 812949152
