# filename: ./acpphint-RPi4B-3072MiB-threads_4-LP64-FreeBSD_13_r365932M_64bit-g++_10_O3lto-libc++-cpulockdown-DSIZE_ui-ISIZE_ui-using_2_threads-cpus_1_3.txt
# acpphint_main version: 0.1.23

5.9129e-05 118373 6.99927 560
6.087e-05 147835 8.99872 664
5.887e-05 186821 10.9981 768
6.2999e-05 206312 12.9974 872
6.2555e-05 239734 14.9966 976
6.024e-05 315312 18.9944 1184
6.3463e-05 362288 22.9919 1392
5.9907e-05 482762 28.9208 1704
6.1019e-05 569656 34.7598 2016
5.787e-05 739426 42.7906 2432
5.8907e-05 896997 52.8394 2952
5.9574e-05 1.08687e+06 64.7492 3576
5.6185e-05 1.43714e+06 80.746 4408
5.4537e-05 1.84388e+06 100.559 5448
5.2722e-05 2.4042e+06 126.754 6800
5.137e-05 3.08768e+06 158.614 8464
4.9889e-05 3.96775e+06 197.947 10544
5.3722e-05 4.61137e+06 247.732 13144
5.0389e-05 6.16975e+06 310.888 16472
5.4722e-05 7.12751e+06 390.032 20632
5.4222e-05 9.04607e+06 490.496 25936
5.6259e-05 1.09412e+07 615.543 32592
5.8519e-05 1.32048e+07 772.732 40912
6.424e-05 1.50791e+07 968.683 51416
6.7518e-05 1.79546e+07 1212.26 64624
7.2647e-05 2.094e+07 1521.23 81264
7.9907e-05 2.37833e+07 1900.45 102168
8.8869e-05 2.66848e+07 2371.45 128584
9.8573e-05 3.00703e+07 2964.12 161760
0.000113277 3.252e+07 3683.77 203568
0.00012824 3.5584e+07 4563.3 256192
0.000153109 3.69573e+07 5658.49 322440
0.000186628 3.72855e+07 6958.52 405848
0.000236423 3.60043e+07 8512.25 510888
0.000320366 3.24539e+07 10397.1 643072
0.000541882 2.31696e+07 12555.2 809472
