# filename: ./acpphint-RPi4B-3072MiB-threads_4-LP64-FreeBSD_13_r365932M_64bit-g++_10_O3lto-libc++-DSIZE_ull-ISIZE_ull-using_3_threads-cpus_0_1_2.txt
# acpphint_main version: 0.1.23

9.4184e-05 116793 11 1464
8.3721e-05 167222 14 1776
8.2981e-05 204866 17 2088
8.2684e-05 241885 20 2400
8.3962e-05 273933 23 2712
8.3074e-05 349086 29 3336
8.598e-05 407071 35 3960
8.5648e-05 512175 43.8667 4896
8.4537e-05 621694 52.5562 5832
8.3889e-05 770503 64.6367 7080
8.3296e-05 957589 79.7633 8640
7.624e-05 1.28059e+06 97.6321 10512
8.2518e-05 1.47478e+06 121.696 13008
8.3907e-05 1.80475e+06 151.431 16128
8.3314e-05 2.29253e+06 191 20184
8.3962e-05 2.84653e+06 239 25176
8.5833e-05 3.47303e+06 298.101 31416
8.7129e-05 4.28482e+06 373.332 39216
9.2592e-05 5.06217e+06 468.716 49200
8.887e-05 6.62481e+06 588.747 61680
9.1407e-05 8.11059e+06 741.364 77592
8.9629e-05 1.03952e+07 931.71 97560
9.1796e-05 1.27775e+07 1172.93 122520
9.0647e-05 1.6265e+07 1474.37 154032
9.8203e-05 1.88498e+07 1851.11 193656
0.000107573 2.17135e+07 2335.79 243576
0.000123424 2.37739e+07 2934.27 306288
0.000157554 2.33996e+07 3686.7 385536
0.000219664 2.11963e+07 4656.07 485064
0.000353292 1.65616e+07 5851.08 610488
0.000572715 1.28303e+07 7348.13 768360
0.000938637 9.89569e+06 9288.46 967104
0.00135808 8.59263e+06 11669.4 1217328
0.00184814 7.92944e+06 14654.7 1532448
0.00254175 7.29191e+06 18534.2 1929000
0.00336588 6.91609e+06 23278.8 2428200
0.00445957 6.55348e+06 29225.7 3056568
0.00575111 6.43042e+06 36982.1 3847800
0.00736409 6.30623e+06 46439.6 4844016
0.00948554 6.1458e+06 58296.3 6097944
0.0120008 6.14974e+06 73801.6 7676664
0.0152742 6.06572e+06 92648.8 9664104
0.0193634 6.00541e+06 116285 12166032
0.0246892 5.96362e+06 147237 15315984
0.0310591 5.95138e+06 184844 19281504
0.0393103 5.90089e+06 231965 24273816
0.0495212 5.93029e+06 293675 30558744
0.0624122 5.90891e+06 368788 38471064
0.0790337 5.85471e+06 462719 48431976
0.0992864 5.89955e+06 585745 60971880
0.12499 5.88649e+06 735751 76758768
0.157492 5.86049e+06 922980 96633480
0.197938 5.90196e+06 1.16823e+06 121654008
0.250097 5.86878e+06 1.46776e+06 153153216
0.314652 5.85053e+06 1.84089e+06 192808416
0.396096 5.88154e+06 2.32966e+06 242731224
0.50045 5.8499e+06 2.92759e+06 305580192
0.629207 5.83417e+06 3.6709e+06 384702456
0.793394 5.85403e+06 4.64455e+06 484311576
1.00299 5.82004e+06 5.83741e+06 609711864
