# filename: ./acpphint-RPi4B-4096MiB-threads_4-LP64-FreeBSD_13_r365932M_64bit-g++_10_O3lto-libc++-cpulockdown-DSIZE_d-ISIZE_ul-using_4_threads.txt
# acpphint_main version: 0.1.23

7.6073e-05 197179 15 1952
7.6037e-05 249878 19 2368
7.924e-05 290257 23 2784
7.637e-05 353542 27 3200
7.5406e-05 411108 31 3616
8.2648e-05 471881 39 4448
8.124e-05 578533 47 5280
7.7721e-05 756553 58.8001 6528
7.7944e-05 902364 70.3338 7776
8.3054e-05 1.04095e+06 86.4548 9440
7.8352e-05 1.36108e+06 106.644 11520
8.2388e-05 1.58338e+06 130.451 14016
8.124e-05 2.00081e+06 162.546 17344
8.1833e-05 2.47024e+06 202.147 21504
8.3647e-05 3.04852e+06 255 26912
8.3758e-05 3.80859e+06 319 33568
8.3962e-05 4.73613e+06 397.655 41888
8.1591e-05 6.10354e+06 497.994 52288
8.5425e-05 7.31703e+06 625.057 65600
8.7277e-05 8.99581e+06 785.127 82240
8.8037e-05 1.12287e+07 988.538 103456
9.6629e-05 1.28535e+07 1242.02 130080
9.6666e-05 1.61784e+07 1563.9 163360
0.000100721 1.95147e+07 1965.54 205376
0.000113611 2.17151e+07 2467.07 258208
0.000125314 2.48512e+07 3114.2 324768
0.000153887 2.54172e+07 3911.38 408384
0.000222016 2.21284e+07 4912.86 514048
0.000318515 1.94892e+07 6207.61 646752
0.000482494 1.6164e+07 7799.04 813984
0.000708324 1.38231e+07 9791.26 1024480
0.00102913 1.20331e+07 12383.6 1289472
0.00141693 1.09772e+07 15553.9 1623104
0.0018389 1.06183e+07 19526.1 2043264
0.00239656 1.03108e+07 24710.4 2572000
0.00319894 9.69908e+06 31026.7 3237600
0.00411791 9.45587e+06 38938.4 4075424
0.00536309 9.19353e+06 49305.7 5130400
0.00680705 9.09264e+06 61894.1 6458688
0.00876227 8.86359e+06 77665.1 8130592
0.0111277 8.84219e+06 98393.2 10235552
0.0141129 8.74901e+06 123474 12885472
0.01788 8.66368e+06 154906 16221376
0.0227552 8.62572e+06 196280 20421312
0.0288242 8.54554e+06 246318 25708672
0.0364074 8.4862e+06 308961 32365088
0.0459911 8.5107e+06 391417 40744992
0.0576716 8.51956e+06 491336 51294752
0.0723761 8.513e+06 616138 64575968
0.0914505 8.53375e+06 780415 81295840
0.114818 8.53394e+06 979847 102345024
0.144399 8.50669e+06 1.22836e+06 128844640
0.182812 8.50834e+06 1.55543e+06 162205344
0.23056 8.4713e+06 1.95315e+06 204204288
0.289925 8.44172e+06 2.44746e+06 257077888
0.365214 8.48203e+06 3.09776e+06 323641632
0.460015 8.4552e+06 3.88952e+06 407440256
0.578586 8.41813e+06 4.87062e+06 512936608
0.729011 8.44992e+06 6.16009e+06 645748768
0.913689 8.46112e+06 7.73084e+06 812949152
1.15755 8.35365e+06 9.66976e+06 1023442240
