# filename: ./acpphint-RPi4B-4096MiB-threads_4-LP64-FreeBSD_13_r365932M_64bit-g++_10_O3lto-libc++-DSIZE_ul-ISIZE_ul-using_3_threads-cpus_0_1_2.txt
# acpphint_main version: 0.1.23

6.2333e-05 176472 11 1464
6.0703e-05 230631 14 1776
6.1129e-05 278100 17 2088
5.85e-05 341880 20 2400
6.0055e-05 382982 23 2712
5.6703e-05 511437 29 3336
6.0685e-05 576749 35 3960
6.1167e-05 717163 43.8667 4896
6.0907e-05 862892 52.5562 5832
6.187e-05 1.04472e+06 64.6367 7080
6.2555e-05 1.27509e+06 79.7633 8640
6.3019e-05 1.54925e+06 97.6321 10512
6.2926e-05 1.93395e+06 121.696 13008
6.0407e-05 2.50684e+06 151.431 16128
6.2833e-05 3.0398e+06 191 20184
6.4592e-05 3.70015e+06 239 25176
6.2092e-05 4.80095e+06 298.101 31416
6.8815e-05 5.42515e+06 373.332 39216
6.4389e-05 7.27944e+06 468.716 49200
6.7611e-05 8.70786e+06 588.747 61680
6.8426e-05 1.08345e+07 741.364 77592
7.1055e-05 1.31125e+07 931.71 97560
6.6722e-05 1.75793e+07 1172.93 122520
7.2592e-05 2.03104e+07 1474.37 154032
7.1833e-05 2.57696e+07 1851.11 193656
7.9074e-05 2.95393e+07 2335.79 243576
9.0315e-05 3.24893e+07 2934.27 306288
0.000109721 3.36007e+07 3686.7 385536
0.000141313 3.29486e+07 4656.07 485064
0.000222034 2.63522e+07 5851.08 610488
0.000373829 1.96564e+07 7348.13 768360
0.000603344 1.5395e+07 9288.46 967104
0.000871822 1.33851e+07 11669.4 1217328
0.00123843 1.18333e+07 14654.7 1532448
0.00169138 1.0958e+07 18534.2 1929000
0.00230756 1.0088e+07 23278.8 2428200
0.00304796 9.58862e+06 29225.7 3056568
0.00396393 9.32965e+06 36982.1 3847800
0.00513045 9.05176e+06 46439.6 4844016
0.00654602 8.90561e+06 58296.3 6097944
0.00838059 8.80625e+06 73801.6 7676664
0.0106244 8.72037e+06 92648.8 9664104
0.01357 8.56925e+06 116285 12166032
0.0172026 8.559e+06 147237 15315984
0.0216957 8.51987e+06 184844 19281504
0.0274946 8.43677e+06 231965 24273816
0.0346854 8.46683e+06 293675 30558744
0.0438291 8.41423e+06 368788 38471064
0.0552882 8.36922e+06 462719 48431976
0.069544 8.42265e+06 585745 60971880
0.0878294 8.37705e+06 735751 76758768
0.110764 8.33284e+06 922980 96633480
0.139677 8.36374e+06 1.16823e+06 121654008
0.176061 8.33667e+06 1.46776e+06 153153216
0.22159 8.30761e+06 1.84089e+06 192808416
0.278954 8.35139e+06 2.32966e+06 242731224
0.351127 8.33769e+06 2.92759e+06 305580192
0.440231 8.33858e+06 3.6709e+06 384702456
0.554082 8.38242e+06 4.64455e+06 484311576
0.700607 8.33194e+06 5.83741e+06 609711864
0.880023 8.31466e+06 7.31709e+06 767581680
1.11065 8.33278e+06 9.2548e+06 966327864
