# filename: ./acpphint-RPi4B-8192MiB-threads_4-LP64-FreeBSD_13_r365932M_64bit-g++_10_O3lto-libc++-cpulockdown-DSIZE_d-ISIZE_ul-using_2_threads-cpus_0_1.txt
# acpphint_main version: 0.1.23

4.9684e-05 140890 7 976
4.2907e-05 209756 9 1184
4.5259e-05 243046 11 1392
4.7351e-05 274545 13 1600
4.3666e-05 343517 15 1808
4.1351e-05 459481 19 2224
4.1518e-05 553977 23 2640
4.1444e-05 698133 28.9334 3264
4.5944e-05 756975 34.7785 3888
4.2426e-05 1.00925e+06 42.8186 4720
4.1685e-05 1.26862e+06 52.8825 5760
4.4574e-05 1.45407e+06 64.8139 7008
4.1203e-05 1.96215e+06 80.8465 8672
4.3944e-05 2.29189e+06 100.715 10752
4.5555e-05 2.78784e+06 127 13456
4.6629e-05 3.40989e+06 159 16784
4.5148e-05 4.39771e+06 198.548 20944
4.4352e-05 5.6067e+06 248.668 26144
4.0518e-05 7.70939e+06 312.369 32800
3.924e-05 9.9992e+06 392.368 41120
4.1962e-05 1.1777e+07 494.187 51728
4.5203e-05 1.37465e+07 621.381 65040
4.8537e-05 1.61105e+07 781.954 81680
5.3184e-05 1.84867e+07 983.195 102688
5.8537e-05 2.10997e+07 1235.11 129104
6.611e-05 2.35574e+07 1557.38 162384
7.6703e-05 2.5516e+07 1957.15 204192
9.0462e-05 2.71989e+07 2460.47 257024
0.000109388 2.83807e+07 3104.5 323376
0.000124165 3.14345e+07 3903.06 406992
0.00015922 3.08052e+07 4904.8 512240
0.000212905 2.90889e+07 6193.17 644736
0.000357643 2.17668e+07 7784.73 811552
0.000565104 1.73115e+07 9782.8 1021632
0.00103006 1.19968e+07 12357.4 1286000
0.00134972 1.15059e+07 15529.8 1618800
0.00189277 1.03082e+07 19511.1 2037712
0.00251556 9.80141e+06 24656 2565200
0.00338233 9.15975e+06 30981.3 3229344
0.00431933 9.01078e+06 38920.5 4065296
0.00555184 8.86202e+06 49200.5 5117776
0.00735944 8.39851e+06 61808.3 6442736
0.00973045 7.97887e+06 77637.9 8110688
0.0128306 7.65011e+06 98155.5 10210656
0.0165048 7.47118e+06 123310 12854336
0.019662 7.87673e+06 154872 16182544
0.0246796 7.93293e+06 195782 20372496
0.0307587 7.99777e+06 246001 25647376
0.0396485 7.79145e+06 308919 32287984
0.0492117 7.93458e+06 390474 40647920
0.0616328 7.96182e+06 490710 51172512
0.0795389 7.74592e+06 616102 64422320
0.0991731 7.85126e+06 778634 81102672
0.12513 7.8208e+06 978613 102102144
0.157331 7.80762e+06 1.22838e+06 128538944
0.20628 7.52411e+06 1.55207e+06 161820816
0.280434 6.95602e+06 1.95071e+06 203720128
0.346465 7.06469e+06 2.44767e+06 256468304
0.458269 6.74588e+06 3.09143e+06 322874384
0.583855 6.65349e+06 3.88467e+06 406474576
0.728495 6.68687e+06 4.87135e+06 511721120
0.949601 6.47448e+06 6.14818e+06 644218576
1.1408 6.7683e+06 7.72125e+06 811022928
