# filename: ./acpphint-RPi4B-4096MiB-threads_4-LP64-ubuntu_20_10_64bit-g++_10_O3lto-libstdc++-cpulockdown-DSIZE_f-ISIZE_us-using_2_threads-cpus_1_3.txt
# acpphint_main version: 0.1.23

0.000120813 58200.5 7.03137 528
0.000118905 75896.5 9.02447 624
0.000120053 91626.2 11 720
0.000124517 104403 13 816
0.000122795 122155 15 912
0.000122442 154778 18.9513 1104
0.000118647 193853 23 1296
0.00012311 234136 28.8244 1584
0.00012509 276166 34.5456 1872
0.000120924 351211 42.4698 2256
0.000125035 418389 52.3132 2736
