# filename: ./acpphint-RPi4B-8192MiB-threads_4-LP64-FreeBSD_main_n247756_348c41d1815d_64bit-g++_11_O3lto-libc++-DSIZE_ull-ISIZE_ull-using_3_threads-cpus_1_2_3.txt
# acpphint_main version: 0.1.24

6.0204e-05 182712 11 1464
5.7926e-05 241688 14 1776
5.974e-05 284566 17 2088
5.7426e-05 348274 20 2400
6.0222e-05 381920 23 2712
5.8555e-05 495261 29 3336
5.974e-05 585872 35 3960
6.0574e-05 724184 43.8667 4896
6.2093e-05 846410 52.5562 5832
5.8592e-05 1.10317e+06 64.6367 7080
6.0352e-05 1.32163e+06 79.7633 8640
6.1333e-05 1.59184e+06 97.6321 10512
6.3593e-05 1.91367e+06 121.696 13008
6.3833e-05 2.3723e+06 151.431 16128
6.5629e-05 2.9103e+06 191 20184
6.6741e-05 3.58101e+06 239 25176
6.5537e-05 4.54858e+06 298.101 31416
6.9852e-05 5.34461e+06 373.332 39216
6.637e-05 7.06217e+06 468.716 49200
7.1851e-05 8.194e+06 588.747 61680
6.4389e-05 1.15138e+07 741.364 77592
7.0018e-05 1.33067e+07 931.71 97560
6.8389e-05 1.71508e+07 1172.93 122520
7.3851e-05 1.99642e+07 1474.37 154032
7.5833e-05 2.44103e+07 1851.11 193656
8.7981e-05 2.65488e+07 2335.79 243576
9.8222e-05 2.98739e+07 2934.27 306288
0.000116166 3.17365e+07 3686.7 385536
0.000157185 2.96216e+07 4656.07 485064
0.000193351 3.02615e+07 5851.08 610488
0.000365015 2.0131e+07 7348.13 768360
0.000692568 1.34116e+07 9288.46 967104
0.0010159 1.14868e+07 11669.4 1217328
0.00151693 9.66079e+06 14654.7 1532448
0.00198519 9.33625e+06 18534.2 1929000
0.00274734 8.47319e+06 23278.8 2428200
0.00360456 8.10799e+06 29225.7 3056568
0.00464881 7.95517e+06 36982.1 3847800
0.00617853 7.51629e+06 46439.6 4844016
0.00786627 7.41092e+06 58296.3 6097944
0.0101017 7.30585e+06 73801.6 7676664
0.0129062 7.17861e+06 92648.8 9664104
0.0163027 7.13287e+06 116285 12166032
0.0206844 7.11825e+06 147237 15315984
0.0262316 7.04662e+06 184844 19281504
0.0331231 7.00314e+06 231965 24273816
0.0418705 7.01389e+06 293675 30558744
0.0528085 6.9835e+06 368788 38471064
0.0668197 6.92489e+06 462719 48431976
0.0841827 6.95803e+06 585745 60971880
0.105933 6.94544e+06 735751 76758768
0.129604 7.12152e+06 922980 96633480
0.16543 7.06176e+06 1.16823e+06 121654008
0.196205 7.48074e+06 1.46776e+06 153153216
0.237937 7.73687e+06 1.84089e+06 192808416
0.315109 7.39316e+06 2.32966e+06 242731224
0.408481 7.167e+06 2.92759e+06 305580192
0.515495 7.12111e+06 3.6709e+06 384702456
0.65484 7.09265e+06 4.64455e+06 484311576
0.827712 7.05247e+06 5.83741e+06 609711864
1.0507 6.96403e+06 7.31709e+06 767581680
