# filename: ./acpphint-RPi4B-4096MiB-threads_4-LP64-FreeBSD_13_r365932M_64bit-g++_10_O3lto-libc++-cpulockdown-DSIZE_ui-ISIZE_ui-using_1_threads.txt
# acpphint_main version: 0.1.23

5.44062e-08 1.83802e+07 1 176
8.15952e-08 2.45105e+07 1.99994 228
1.09969e-07 2.72794e+07 2.99988 280
1.35042e-07 2.96186e+07 3.99974 332
1.6575e-07 3.01636e+07 4.99961 384
1.955e-07 3.06878e+07 5.99947 436
2.16438e-07 3.23385e+07 6.99927 488
2.71667e-07 3.31241e+07 8.99872 592
3.352e-07 3.28106e+07 10.9981 696
4.1675e-07 3.35861e+07 13.997 852
5.00167e-07 3.39795e+07 16.9954 1008
6.0675e-07 3.45993e+07 20.9931 1216
7.455e-07 3.48621e+07 25.9897 1476
9.075e-07 3.5244e+07 31.9839 1788
1.2135e-06 3.29421e+07 39.9752 2204
1.389e-06 3.59696e+07 49.9617 2724
1.7505e-06 3.59552e+07 62.9395 3400
2.186e-06 3.60954e+07 78.9044 4232
2.723e-06 3.63019e+07 98.8501 5272
3.519e-06 3.51712e+07 123.767 6572
4.63e-06 3.3613e+07 155.628 8236
5.407e-06 3.61412e+07 195.415 10316
7.556e-06 3.25665e+07 246.073 12968
8.76e-06 3.53343e+07 309.528 16296
1.139e-05 3.41245e+07 388.678 20456
1.4907e-05 3.2759e+07 488.339 25708
1.8e-05 3.40667e+07 613.201 32312
2.3426e-05 3.28628e+07 769.843 40632
3.0222e-05 3.19492e+07 965.569 51084
3.8722e-05 3.12789e+07 1211.18 64292
4.7537e-05 3.19129e+07 1517.04 80880
6.3314e-05 2.99836e+07 1898.38 101784
7.8314e-05 3.02874e+07 2371.93 128096
9.9221e-05 2.9814e+07 2958.17 161220
0.000124425 2.9584e+07 3680.99 202924
0.000159961 2.85555e+07 4567.76 255444
0.000198998 2.83838e+07 5648.31 321536
0.000247164 2.81403e+07 6955.27 404736
0.000326571 2.60933e+07 8521.3 509464
0.000402291 2.57978e+07 10378.2 641336
0.000516178 2.43154e+07 12551.1 807372
0.000684028 2.20075e+07 15053.7 1016360
0.000898506 1.99083e+07 17887.7 1279480
0.00132069 1.59256e+07 21032.8 1610720
0.00186001 1.31433e+07 24446.7 2027708
0.00243347 1.15332e+07 28065.7 2552700
0.00324912 9.78912e+06 31806 3213620
