# filename: ./acpphint-RPi4B-3072MiB-threads_4-LP64-FreeBSD_13_r363590M_64bit-g++_10_O3lto-libc++-cpulockdown-DSIZE_ui-ISIZE_ui-using_1_threads.txt
# acpphint_main version: 0.1.23

6.71562e-08 1.48906e+07 1 176
9.70476e-08 2.06079e+07 1.99994 228
1.27375e-07 2.35515e+07 2.99988 280
1.55083e-07 2.57909e+07 3.99974 332
1.8705e-07 2.67287e+07 4.99961 384
2.16111e-07 2.7761e+07 5.99947 436
2.43125e-07 2.87888e+07 6.99927 488
3.04083e-07 2.95929e+07 8.99872 592
3.704e-07 2.96926e+07 10.9981 696
4.58375e-07 3.05362e+07 13.997 852
5.465e-07 3.10987e+07 16.9954 1008
6.6675e-07 3.14857e+07 20.9931 1216
8.15e-07 3.18892e+07 25.9897 1476
9.91e-07 3.22744e+07 31.9839 1788
1.2225e-06 3.26996e+07 39.9752 2204
1.519e-06 3.28912e+07 49.9617 2724
1.908e-06 3.29872e+07 62.9395 3400
2.371e-06 3.3279e+07 78.9044 4232
2.963e-06 3.33615e+07 98.8501 5272
3.686e-06 3.35777e+07 123.767 6572
4.63e-06 3.3613e+07 155.628 8236
5.815e-06 3.36054e+07 195.415 10316
7.297e-06 3.37224e+07 246.073 12968
9.167e-06 3.37655e+07 309.528 16296
1.1538e-05 3.36868e+07 388.678 20456
1.4482e-05 3.37204e+07 488.339 25708
1.8204e-05 3.3685e+07 613.201 32312
2.3148e-05 3.32575e+07 769.843 40632
3e-05 3.21856e+07 965.569 51084
3.8037e-05 3.18422e+07 1211.18 64292
4.8296e-05 3.14113e+07 1517.04 80880
6.2462e-05 3.03925e+07 1898.38 101784
7.8684e-05 3.0145e+07 2371.93 128096
0.000100129 2.95436e+07 2958.17 161220
0.000125517 2.93266e+07 3680.99 202924
0.000157721 2.8961e+07 4567.76 255444
0.000198183 2.85005e+07 5648.31 321536
0.000252534 2.75419e+07 6955.27 404736
0.000322348 2.64351e+07 8521.3 509464
0.000405717 2.558e+07 10378.2 641336
0.000515864 2.43302e+07 12551.1 807372
0.000690455 2.18026e+07 15053.7 1016360
0.00108978 1.6414e+07 17887.7 1279480
0.00186914 1.12526e+07 21032.8 1610720
0.00268128 9.11754e+06 24446.7 2027708
0.00363214 7.72705e+06 28065.7 2552700
0.00478073 6.65296e+06 31806 3213620
