# filename: ./acpphint-RPi4B-3072MiB-threads_4-LP64-FreeBSD_13_r365932M_64bit-g++_10_O3lto-libc++-cpulockdown-DSIZE_f-ISIZE_ui-using_2_threads-cpus_1_2.txt
# acpphint_main version: 0.1.23

6.4462e-05 108621 7.00195 560
6.4166e-05 140285 9.00153 664
6.4204e-05 171329 11 768
6.3444e-05 204905 13 872
6.363e-05 235738 15 976
6.3684e-05 298300 18.997 1184
6.4055e-05 359067 23 1392
6.4704e-05 447060 28.9266 1704
6.3389e-05 548421 34.7639 2016
6.2944e-05 679916 42.7966 2432
6.5018e-05 812501 52.8272 2952
5.5315e-05 1.17038e+06 64.7398 3576
5.6536e-05 1.42752e+06 80.7064 4408
5.6815e-05 1.76956e+06 100.537 5448
5.9389e-05 2.13424e+06 126.75 6800
6.2204e-05 2.54868e+06 158.538 8464
6.187e-05 3.19996e+06 197.981 10544
6.1703e-05 4.01467e+06 247.717 13144
6.0574e-05 5.13279e+06 310.914 16472
6.2981e-05 6.19155e+06 389.95 20632
6.5518e-05 7.47524e+06 489.763 25936
6.8555e-05 8.95106e+06 613.64 32592
7.5222e-05 1.02079e+07 767.856 40912
7.7741e-05 1.23548e+07 960.473 51416
