# filename: ./acpphint-RPi4B-4096MiB-threads_4-LP64-ubuntu_20_10_64bit-g++_10_O3lto-libstdc++-cpulockdown-DSIZE_ld-ISIZE_ull-using_2_threads-cpus_0_1.txt
# acpphint_main version: 0.1.23

0.000136294 51359.6 7 1680
0.000140479 64066.5 9 2064
0.000143553 76626.8 11 2448
0.000138275 94015.5 13 2832
0.000140127 107046 15 3216
0.000149608 126999 19 3984
0.000145497 158079 23 4752
0.00015509 186559 28.9334 5904
0.000156645 222021 34.7785 7056
0.000162923 262815 42.8186 8592
0.000170052 310979 52.8825 10512
0.000181108 357874 64.8139 12816
0.000197459 409434 80.8465 15888
0.000207015 486509 100.715 19728
0.000230422 551163 127 24720
0.000249755 636624 159 30864
0.000282754 702193 198.548 38544
0.000319179 779088 248.668 48144
0.000367623 849700 312.369 60432
0.000430307 911834 392.369 75792
0.000504546 979469 494.187 95376
0.000614118 1.01183e+06 621.382 119952
0.000730745 1.07008e+06 781.955 150672
0.000896668 1.0965e+06 983.196 189456
0.00107735 1.14644e+06 1235.11 238224
0.00132886 1.17196e+06 1557.38 299664
0.00163862 1.1944e+06 1957.15 376848
0.00204855 1.20108e+06 2460.48 474384
0.00253884 1.22281e+06 3104.51 596880
0.00322757 1.20929e+06 3903.08 751248
0.00402894 1.2174e+06 4904.82 945552
0.00513053 1.20713e+06 6193.2 1190160
0.00628478 1.23867e+06 7784.79 1498128
0.00782662 1.24995e+06 9782.89 1885968
0.00973765 1.26905e+06 12357.6 2374032
0.0122153 1.27136e+06 15530 2988432
0.0152485 1.27957e+06 19511.5 3761808
0.0190313 1.29558e+06 24656.6 4735632
0.0239893 1.2915e+06 30982.2 5961744
0.0299709 1.29866e+06 38922 7505040
0.0376969 1.30522e+06 49202.8 9448080
0.0474045 1.30393e+06 61812.1 11894160
0.0594059 1.30701e+06 77643.9 14973456
0.0743021 1.32116e+06 98164.9 18850320
0.0933155 1.32159e+06 123325 23730960
0.117001 1.32389e+06 154896 29875344
0.147117 1.33105e+06 195819 37610640
0.184668 1.33245e+06 246061 47348880
0.233008 1.32619e+06 309013 59608464
0.291687 1.33918e+06 390623 75042192
0.367037 1.33759e+06 490944 94472208
0.460595 1.33842e+06 616472 118933392
0.578931 1.34597e+06 779224 149727888
0.727645 1.34619e+06 979547 188496144
0.915435 1.34346e+06 1.22985e+06 237302544
1.15007 1.35158e+06 1.55442e+06 298746000
