# filename: ./acpphint-RPi4B-3072MiB-threads_4-LP64-FreeBSD_13_r363590M_64bit-g++_10_O3lto-libc++-cpulockdown-DSIZE_d-ISIZE_ul-using_2_threads-cpus_0_1.txt
# acpphint_main version: 0.1.23

6.0148e-05 116380 7 976
5.7703e-05 155971 9 1184
5.6092e-05 196106 11 1392
6.2037e-05 209552 13 1600
5.8648e-05 255763 15 1808
5.487e-05 346273 19 2224
5.5314e-05 415808 23 2640
5.4907e-05 526953 28.9334 3264
5.6222e-05 618592 34.7785 3888
5.6444e-05 758602 42.8186 4720
5.4259e-05 974631 52.8825 5760
5.7167e-05 1.13376e+06 64.8139 7008
5.6833e-05 1.42253e+06 80.8465 8672
5.6222e-05 1.79138e+06 100.715 10752
5.9444e-05 2.13646e+06 127 13456
5.7574e-05 2.76166e+06 159 16784
6.087e-05 3.26183e+06 198.548 20944
5.9092e-05 4.20816e+06 248.668 26144
5.9963e-05 5.20936e+06 312.369 32800
5.8962e-05 6.6546e+06 392.368 41120
6.5981e-05 7.48984e+06 494.187 51728
6.6815e-05 9.30003e+06 621.381 65040
7.1203e-05 1.0982e+07 781.954 81680
7.3648e-05 1.33499e+07 983.195 102688
8.3554e-05 1.47822e+07 1235.11 129104
9.3277e-05 1.66963e+07 1557.38 162384
0.000103888 1.88391e+07 1957.15 204192
0.000121869 2.01895e+07 2460.47 257024
0.000146795 2.11486e+07 3104.5 323376
0.000169609 2.30121e+07 3903.06 406992
0.000213535 2.29695e+07 4904.8 512240
0.000327386 1.8917e+07 6193.17 644736
0.000664697 1.17117e+07 7784.73 811552
0.00104249 9.38408e+06 9782.8 1021632
0.00138641 8.91324e+06 12357.4 1286000
0.00196157 7.91702e+06 15529.8 1618800
0.00272653 7.15602e+06 19511.1 2037712
0.00368622 6.6887e+06 24656 2565200
0.00477221 6.49202e+06 30981.3 3229344
0.00623305 6.24422e+06 38920.5 4065296
0.00800584 6.14557e+06 49200.5 5117776
0.0102249 6.04486e+06 61808.3 6442736
0.0129538 5.99346e+06 77637.9 8110688
0.0167297 5.86714e+06 98155.5 10210656
0.0212096 5.8139e+06 123310 12854336
0.0268401 5.77018e+06 154872 16182544
0.0339328 5.76969e+06 195782 20372496
0.04278 5.75038e+06 246001 25647376
0.0541888 5.7008e+06 308919 32287984
0.0683411 5.71361e+06 390474 40647920
0.0863932 5.67996e+06 490710 51172512
0.108621 5.67204e+06 616102 64422320
0.137662 5.65611e+06 778634 81102672
0.17367 5.63488e+06 978613 102102144
0.218971 5.60979e+06 1.22838e+06 128538944
0.275845 5.6266e+06 1.55207e+06 161820816
0.347441 5.6145e+06 1.95071e+06 203720128
0.437112 5.59963e+06 2.44767e+06 256468304
0.550975 5.61083e+06 3.09143e+06 322874384
0.692611 5.60873e+06 3.88467e+06 406474576
0.871013 5.59274e+06 4.87135e+06 511721120
1.09703 5.60438e+06 6.14818e+06 644218576
