# filename: ./acpphint-RPi4B-8192MiB-threads_4-LP64-FreeBSD_main_n247756_348c41d1815d_64bit-g++_11_O3lto-libc++-cpulockdown-DSIZE_ull-ISIZE_ull-using_1_threads-cpus_3.txt
# acpphint_main version: 0.1.24

8.64167e-08 1.15718e+07 1 280
1.26187e-07 1.58494e+07 2 384
1.63667e-07 1.83299e+07 3 488
2.01667e-07 1.98347e+07 4 592
2.43125e-07 2.05656e+07 5 696
2.83143e-07 2.11907e+07 6 800
3.21e-07 2.18069e+07 7 904
3.95875e-07 2.27344e+07 9 1112
4.8175e-07 2.28334e+07 11 1320
5.95667e-07 2.35031e+07 14 1632
7.085e-07 2.39944e+07 17 1944
8.66e-07 2.42494e+07 21 2360
1.056e-06 2.46212e+07 26 2880
1.343e-06 2.38273e+07 32 3504
1.593e-06 2.51099e+07 40 4336
1.982e-06 2.5227e+07 50 5376
2.593e-06 2.42962e+07 63 6728
3.223e-06 2.45113e+07 79 8392
4.074e-06 2.43004e+07 99 10472
4.815e-06 2.57529e+07 124 13072
6.333e-06 2.46329e+07 156 16400
7.927e-06 2.47256e+07 196 20560
1.0001e-05 2.46975e+07 247 25864
1.2667e-05 2.4552e+07 311 32520
1.5907e-05 2.45804e+07 391 40840
2.0834e-05 2.36152e+07 492 51344
2.6296e-05 2.35397e+07 619 64552
3.3148e-05 2.35007e+07 779 81192
4.2222e-05 2.32106e+07 980 102096
5.4685e-05 2.25656e+07 1234 128512
6.7222e-05 2.31025e+07 1553 161688
8.7759e-05 2.22769e+07 1955 203496
0.000110703 2.22306e+07 2461 256120
0.000138943 2.22969e+07 3098 322368
0.000177369 2.1988e+07 3900 405776
0.000221757 2.21413e+07 4909.99 510816
0.000281831 2.19316e+07 6180.99 643000
0.000358072 2.17302e+07 7780.99 809400
0.000464608 2.10822e+07 9794.98 1018856
0.000875085 1.40912e+07 12331 1282600
0.00152893 1.01535e+07 15523.9 1614672
0.00230276 8.48674e+06 19542.9 2032648
0.00325704 7.55374e+06 24602.9 2558888
0.00421226 7.35301e+06 30972.8 3221368
0.00552974 7.05126e+06 38991.6 4055344
0.00729334 6.73045e+06 49087.4 5105328
0.00893362 6.91736e+06 61797.1 6427168
0.0113483 6.85543e+06 77797.6 8091272
0.0143382 6.83077e+06 97940.8 10186248
0.0155175 7.94582e+06 123299 12823688
0.020459 7.58705e+06 155223 16143992
0.0253154 7.71911e+06 195412 20323960
0.0325062 7.56797e+06 246006 25586256
0.040973 7.5586e+06 309699 32211160
0.051165 7.62005e+06 389880 40551336
0.0671493 7.30936e+06 490818 51051072
0.0893594 6.9146e+06 617885 64269472
0.114037 6.82094e+06 777842 80910408
0.146069 6.70366e+06 979199 101860064
0.182975 6.73681e+06 1.23267e+06 128234152
0.231476 6.70357e+06 1.55172e+06 161437192
0.297649 6.56248e+06 1.95331e+06 203237288
0.374342 6.56829e+06 2.45879e+06 255860560
0.470526 6.57769e+06 3.09497e+06 322109288
0.606609 6.42195e+06 3.89561e+06 405511464
0.74742 6.56008e+06 4.90313e+06 510508616
0.9414 6.55498e+06 6.17085e+06 642692200
1.2 6.47144e+06 7.76575e+06 809101456
