# filename: ./acpphint-RPi4B-4096MiB-threads_4-LP64-FreeBSD_13_r365932M_64bit-g++_10_O3lto-libc++-DSIZE_ull-ISIZE_ull-using_4_threads.txt
# acpphint_main version: 0.1.23

0.000100018 149973 15 1952
9.0703e-05 209475 19 2368
8.5906e-05 267734 23 2784
9.9592e-05 271106 27 3200
9.7944e-05 316507 31 3616
9.5018e-05 410449 39 4448
9.024e-05 520833 47 5280
9.3221e-05 630760 58.8001 6528
0.000104333 674129 70.3339 7776
9.7629e-05 885545 86.4548 9440
9.1444e-05 1.16622e+06 106.644 11520
9.5388e-05 1.36759e+06 130.451 14016
0.000103203 1.57501e+06 162.546 17344
0.000101554 1.99054e+06 202.147 21504
0.000101388 2.51509e+06 255 26912
9.7313e-05 3.27808e+06 319 33568
0.000110703 3.59209e+06 397.655 41888
0.000110406 4.51057e+06 497.994 52288
0.000109425 5.7122e+06 625.057 65600
0.000113092 6.94238e+06 785.128 82240
0.000108758 9.08934e+06 988.539 103456
0.000132832 9.35035e+06 1242.03 130080
0.000127461 1.22697e+07 1563.9 163360
0.000125406 1.56735e+07 1965.55 205376
0.000167461 1.47322e+07 2467.07 258208
0.000157332 1.97938e+07 3114.2 324768
0.000189442 2.06469e+07 3911.39 408384
0.000304737 1.61217e+07 4912.88 514048
0.000409661 1.51531e+07 6207.63 646752
0.000630177 1.2376e+07 7799.08 813984
0.000835581 1.1718e+07 9791.33 1024480
0.00114876 1.07801e+07 12383.7 1289472
0.00147629 1.05359e+07 15554.1 1623104
0.00193047 1.01148e+07 19526.4 2043264
0.00251158 9.83878e+06 24710.8 2572000
0.00323712 9.58491e+06 31027.5 3237600
0.00417086 9.33608e+06 38939.5 4075424
0.00547505 9.00588e+06 49307.6 5130400
0.00695866 8.89497e+06 61897.1 6458688
0.00868 8.94813e+06 77669.8 8130592
0.01104 8.91308e+06 98400.6 10235552
0.014371 8.59272e+06 123486 12885472
0.0180879 8.56511e+06 154925 16221376
0.0229866 8.54016e+06 196309 20421312
0.028564 8.62501e+06 246365 25708672
0.0367939 8.39905e+06 309034 32365088
0.0455855 8.589e+06 391534 40744992
0.0588597 8.35072e+06 491521 51294752
0.0737285 8.36078e+06 616428 64575968
0.0917467 8.51126e+06 780880 81295840
0.116519 8.41565e+06 980581 102345024
0.146169 8.41156e+06 1.22951e+06 128844640
0.183585 8.4826e+06 1.55728e+06 162205344
0.231255 8.45848e+06 1.95606e+06 204204288
0.290527 8.43995e+06 2.45204e+06 257077888
0.364282 8.52392e+06 3.10511e+06 323641632
0.465711 8.37668e+06 3.90112e+06 407440256
0.588362 8.30919e+06 4.88881e+06 512936608
0.739442 8.37011e+06 6.18922e+06 645748768
0.921855 8.43607e+06 7.77683e+06 812949152
1.19087 8.18042e+06 9.7418e+06 1023442240
