# filename: ./acpphint-RPi4B-3072MiB-threads_4-LP64-FreeBSD_13_r365932M_64bit-g++_10_O3lto-libc++-cpulockdown-DSIZE_us-ISIZE_us-using_2_threads-cpus_0_1.txt
# acpphint_main version: 0.1.23

5.7148e-05 119283 6.81679 352
5.4667e-05 158838 8.68322 404
5.4907e-05 191925 10.538 456
5.7481e-05 215473 12.3856 508
5.3796e-05 263409 14.1704 560
5.7667e-05 306251 17.6606 664
5.9018e-05 357194 21.0809 768
5.8277e-05 446768 26.0363 924
6.0555e-05 504804 30.5684 1080
5.8203e-05 628455 36.578 1288
5.6389e-05 778302 43.8877 1548
