# filename: ./acpphint-RPi4B-3072MiB-threads_4-LP64-FreeBSD_13_r363590M_64bit-g++_10_O3lto-libc++-cpulockdown-DSIZE_us-ISIZE_us-using_2_threads-cpus_2_3.txt
# acpphint_main version: 0.1.23

6.3795e-05 106855 6.81679 352
6.4332e-05 134975 8.68322 404
6.2518e-05 168560 10.538 456
6.3944e-05 193695 12.3856 508
6.2629e-05 226259 14.1704 560
6.3889e-05 276426 17.6606 664
6.1184e-05 344549 21.0809 768
6.4129e-05 405999 26.0363 924
6.2999e-05 485220 30.5684 1080
6.3814e-05 573197 36.578 1288
6.4092e-05 684761 43.8877 1548
