# filename: ./acpphint-RPi4B-3072MiB-threads_4-LP64-FreeBSD_13_r365932M_64bit-g++_10_O3lto-libc++-DSIZE_f-ISIZE_ui-using_2_threads-cpus_1_2.txt
# acpphint_main version: 0.1.23

5.1185e-05 136797 7.00195 560
5.5259e-05 162897 9.00153 664
5.7018e-05 192922 11 768
5.9185e-05 219650 13 872
5.4889e-05 273279 15 976
5.9611e-05 318682 18.997 1184
5.7537e-05 399743 23 1392
5.7889e-05 499690 28.9266 1704
5.7e-05 609892 34.7639 2016
5.5388e-05 772670 42.7966 2432
5.5814e-05 946487 52.8272 2952
6.0592e-05 1.06845e+06 64.7398 3576
5.9611e-05 1.35388e+06 80.7064 4408
6.6444e-05 1.51311e+06 100.537 5448
6.1203e-05 2.07098e+06 126.75 6800
5.9981e-05 2.64314e+06 158.538 8464
6.0129e-05 3.29261e+06 197.981 10544
6.0481e-05 4.09578e+06 247.717 13144
6.3351e-05 4.9078e+06 310.914 16472
6.2703e-05 6.219e+06 389.95 20632
7.0278e-05 6.96893e+06 489.763 25936
7.4926e-05 8.18995e+06 613.64 32592
7.0684e-05 1.08632e+07 767.856 40912
7.9703e-05 1.20506e+07 960.473 51416
