# filename: ./acpphint-RPi4B-3072MiB-threads_4-LP64-FreeBSD_13_r365932M_64bit-g++_10_O3lto-libc++-DSIZE_ld-ISIZE_ul-using_2_threads-cpus_0_1.txt
# acpphint_main version: 0.1.23

6.2722e-05 111604 7 1680
6.5129e-05 138187 9 2064
5.9888e-05 183676 11 2448
6.424e-05 202366 13 2832
6.7019e-05 223817 15 3216
6.887e-05 275882 19 3984
6.6574e-05 345480 23 4752
7.8277e-05 369628 28.9334 5904
8.0166e-05 433831 34.7785 7056
8.9295e-05 479518 42.8186 8592
9.0685e-05 583145 52.8825 10512
0.000101832 636479 64.8139 12816
0.000117517 687956 80.8465 15888
0.00012785 787757 100.715 19728
0.000149647 848664 127 24720
0.000170239 933981 159 30864
0.00019509 1.01772e+06 198.548 38544
0.000236719 1.05048e+06 248.668 48144
0.000280589 1.11326e+06 312.369 60432
0.000345755 1.13482e+06 392.369 75792
0.000410088 1.20508e+06 494.187 95376
0.000507289 1.22491e+06 621.382 119952
0.000620658 1.25988e+06 781.955 150672
0.000766563 1.2826e+06 983.196 189456
0.000960708 1.28563e+06 1235.11 238224
0.00118178 1.31783e+06 1557.38 299664
0.00148187 1.32073e+06 1957.15 376848
0.00186049 1.32249e+06 2460.48 474384
0.00237052 1.30963e+06 3104.51 596880
0.00302042 1.29223e+06 3903.08 751248
0.00384824 1.27456e+06 4904.82 945552
0.00482687 1.28307e+06 6193.2 1190160
0.00602704 1.29164e+06 7784.79 1498128
0.00747972 1.30792e+06 9782.89 1885968
0.00931686 1.32637e+06 12357.6 2374032
0.0116308 1.33525e+06 15530 2988432
0.014546 1.34136e+06 19511.5 3761808
0.0181707 1.35694e+06 24656.6 4735632
0.0229271 1.35134e+06 30982.2 5961744
0.0286454 1.35875e+06 38922 7505040
0.0360246 1.36581e+06 49202.8 9448080
0.045613 1.35514e+06 61812.1 11894160
0.057383 1.35308e+06 77643.9 14973456
0.0710138 1.38234e+06 98164.9 18850320
0.0890729 1.38454e+06 123325 23730960
0.111893 1.38432e+06 154896 29875344
0.140152 1.39719e+06 195819 37610640
0.176173 1.3967e+06 246061 47348880
0.221657 1.3941e+06 309013 59608464
0.278118 1.40452e+06 390623 75042192
0.349281 1.40559e+06 490944 94472208
0.439869 1.40149e+06 616472 118933392
0.553686 1.40734e+06 779224 149727888
0.699419 1.40052e+06 979547 188496144
0.877424 1.40166e+06 1.22985e+06 237302544
1.10392 1.40809e+06 1.55442e+06 298746000
