# filename: ./acpphint-RPi4B-3072MiB-threads_4-LP64-FreeBSD_13_r363590M_64bit-g++_10_O3lto-libc++-DSIZE_ld-ISIZE_ull-using_1_threads.txt
# acpphint_main version: 0.1.23

2.186e-06 457457 1 456
3.593e-06 556638 2 648
5.019e-06 597729 3 840
6.482e-06 617093 4 1032
8.019e-06 623519 5 1224
9.538e-06 629063 6 1416
1.0871e-05 643915 7 1608
1.4037e-05 641163 9 1992
1.6964e-05 648432 11 2376
2.1371e-05 655093 14 2952
2.5759e-05 659964 17 3528
3.1482e-05 667048 21 4296
3.8741e-05 671124 26 5256
4.7537e-05 673160 32 6408
5.8852e-05 679671 40 7944
7.3036e-05 684594 50 9864
9.198e-05 684932 63 12360
0.000115128 686193 79 15432
0.000143868 688131 99 19272
0.000179813 689605 124 24072
0.000224386 695231 156 30216
0.000281293 696782 196 37896
0.000354218 697311 247 47688
0.000446012 697291 311 59976
0.000559807 698455 391 75336
0.000706953 695944 492 94728
0.000886542 698218 619 119112
0.00111421 699153 779 149832
0.00140194 699030 980 188424
0.00176557 698926 1234 237192
0.00221722 700425 1553 298440
0.00278538 701878 1955 375624
0.0035218 698791 2461 472776
0.00440975 702534 3098 595080
0.00555173 702484 3900 749064
0.00701047 700381 4910 942984
0.0088084 701716 6181 1187016
0.0111045 700705 7781 1494216
0.0140865 695347 9795 1880904
0.0176706 697826 12331 2367816
0.0222691 697109 15524 2980872
0.0281922 693205 19543 3752520
0.0354496 694027 24603 4724040
0.0446043 694395 30973 5947080
0.0564054 691281 38992 7486728
0.0706508 694797 49087.9 9425160
0.0891508 693184 61797.9 11865480
0.111577 697267 77798.9 14937672
0.140865 695294 97942.8 18805320
0.177135 696096 123303 23674440
0.222741 696902 155228 29804232
0.279806 698412 195420 37521096
0.350986 700935 246019 47236104
0.441529 701469 309719 59466696
0.554615 703031 389912 74863944
0.69862 702626 490869 94248072
0.880497 701837 617965 118651272
1.10468 704250 777969 149373000
