# filename: ./acpphint-RPi4B-3072MiB-threads_4-LP64-FreeBSD_13_r363590M_64bit-g++_10_O3lto-libc++-DSIZE_d-ISIZE_ui-using_2_threads-cpus_1_3.txt
# acpphint_main version: 0.1.23

5.4667e-05 128050 7.00012 912
5.9852e-05 150373 9.0001 1104
5.9833e-05 183847 11.0001 1296
6.8092e-05 190918 13 1488
5.7278e-05 261881 15 1680
5.4555e-05 348262 18.9994 2064
6.1129e-05 376236 22.9989 2448
5.4759e-05 528354 28.9321 3024
5.5259e-05 629333 34.7763 3600
5.9111e-05 724344 42.8167 4368
6.4203e-05 823634 52.8798 5328
5.9425e-05 1.09059e+06 64.8082 6480
6.7573e-05 1.19631e+06 80.8385 8016
5.3408e-05 1.88558e+06 100.705 9936
6.3259e-05 2.00737e+06 126.984 12432
6.0425e-05 2.63088e+06 158.971 15504
6.3074e-05 3.14714e+06 198.503 19344
6.4944e-05 3.82782e+06 248.594 24144
6.6555e-05 4.69164e+06 312.252 30288
6.3647e-05 6.16172e+06 392.175 37968
6.7185e-05 7.35127e+06 493.895 47760
7.2407e-05 8.5755e+06 620.926 60048
7.95e-05 9.82707e+06 781.252 75408
8.5963e-05 1.14225e+07 981.913 94800
9.0648e-05 1.36031e+07 1233.09 119184
9.2925e-05 1.67232e+07 1554 149904
0.000115887 1.68425e+07 1951.83 188496
0.000130221 1.8829e+07 2451.93 237264
0.000149351 2.06954e+07 3090.88 298512
0.000198369 1.95651e+07 3881.11 375696
0.000287423 1.69432e+07 4869.88 472848
0.000381496 1.60903e+07 6138.38 595152
0.000601734 1.27929e+07 7697.93 749136
0.000887638 1.08658e+07 9644.9 943056
0.00133428 9.09699e+06 12137.9 1187088
0.00189338 8.02024e+06 15185.4 1494288
