# filename: ./acpphint-RPi4B-3072MiB-threads_4-LP64-FreeBSD_13_r365932M_64bit-g++_10_O3lto-libc++-cpulockdown-DSIZE_d-ISIZE_ul-using_2_threads-cpus_1_3.txt
# acpphint_main version: 0.1.23

6.3814e-05 109694 7 976
6.2982e-05 142898 9 1184
5.963e-05 184471 11 1392
5.9981e-05 216735 13 1600
5.6111e-05 267327 15 1808
5.8314e-05 325822 19 2224
5.9704e-05 385234 23 2640
5.9815e-05 483715 28.9334 3264
5.376e-05 646921 34.7785 3888
5.2722e-05 812157 42.8186 4720
5.4722e-05 966385 52.8825 5760
5.3444e-05 1.21274e+06 64.8139 7008
5.1463e-05 1.57096e+06 80.8465 8672
5.0722e-05 1.98562e+06 100.715 10752
5.0722e-05 2.50384e+06 127 13456
5.1778e-05 3.0708e+06 159 16784
5.1055e-05 3.8889e+06 198.548 20944
5.3278e-05 4.66737e+06 248.668 26144
5.5814e-05 5.59661e+06 312.369 32800
5.7092e-05 6.87257e+06 392.368 41120
5.9e-05 8.37605e+06 494.187 51728
6.4296e-05 9.66439e+06 621.381 65040
6.7333e-05 1.16132e+07 781.954 81680
7.3963e-05 1.32931e+07 983.195 102688
8.3684e-05 1.47592e+07 1235.11 129104
9.2055e-05 1.69179e+07 1557.38 162384
0.000101869 1.92124e+07 1957.15 204192
0.000121592 2.02355e+07 2460.47 257024
0.000138165 2.24695e+07 3104.5 323376
0.000164739 2.36924e+07 3903.06 406992
0.000205442 2.38744e+07 4904.8 512240
0.000310144 1.99687e+07 6193.17 644736
0.000519104 1.49965e+07 7784.73 811552
0.000906433 1.07926e+07 9782.8 1021632
0.0013483 9.16521e+06 12357.4 1286000
0.00201153 7.7204e+06 15529.8 1618800
0.00276296 7.06165e+06 19511.1 2037712
0.00370645 6.65219e+06 24656 2565200
0.00478738 6.47144e+06 30981.3 3229344
0.00620414 6.27332e+06 38920.5 4065296
0.00819946 6.00045e+06 49200.5 5117776
0.0102258 6.04436e+06 61808.3 6442736
0.0131147 5.9199e+06 77637.9 8110688
0.0167351 5.86526e+06 98155.5 10210656
0.0213513 5.77531e+06 123310 12854336
0.0269987 5.73629e+06 154872 16182544
0.0340893 5.7432e+06 195782 20372496
0.0427023 5.76084e+06 246001 25647376
0.0543766 5.68111e+06 308919 32287984
0.0686296 5.68959e+06 390474 40647920
0.0861071 5.69883e+06 490710 51172512
0.109515 5.62571e+06 616102 64422320
0.137891 5.64673e+06 778634 81102672
0.174584 5.6054e+06 978613 102102144
0.216033 5.68606e+06 1.22838e+06 128538944
0.273037 5.68446e+06 1.55207e+06 161820816
0.341674 5.70926e+06 1.95071e+06 203720128
0.429845 5.6943e+06 2.44767e+06 256468304
0.54915 5.62948e+06 3.09143e+06 322874384
0.684704 5.6735e+06 3.88467e+06 406474576
0.870666 5.59497e+06 4.87135e+06 511721120
1.09997 5.5894e+06 6.14818e+06 644218576
