# filename: ./acpphint-RPi4B-8192MiB-threads_4-LP64-FreeBSD_13_r365932M_64bit-g++_10_O3lto-libc++-cpulockdown-DSIZE_d-ISIZE_ull-using_1_threads.txt
# acpphint_main version: 0.1.23

8.67632e-08 1.15256e+07 1 280
1.42462e-07 1.40389e+07 2 384
1.91333e-07 1.56794e+07 3 488
2.39429e-07 1.67064e+07 4 592
2.88583e-07 1.7326e+07 5 696
3.37e-07 1.78042e+07 6 800
3.86625e-07 1.81054e+07 7 904
4.96833e-07 1.81147e+07 9 1112
5.92667e-07 1.85602e+07 11 1320
7.3625e-07 1.90153e+07 14 1632
8.8425e-07 1.92253e+07 17 1944
1.074e-06 1.95531e+07 21 2360
1.315e-06 1.97719e+07 26 2880
1.602e-06 1.9975e+07 32 3504
2e-06 2e+07 40 4336
2.481e-06 2.01532e+07 50 5376
3.111e-06 2.02507e+07 63 6728
3.889e-06 2.03137e+07 79 8392
4.852e-06 2.0404e+07 99 10472
6.074e-06 2.04149e+07 124 13072
7.63e-06 2.04456e+07 156 16400
9.574e-06 2.04721e+07 196 20560
1.2037e-05 2.05201e+07 247 25864
1.5315e-05 2.03069e+07 311 32520
1.9259e-05 2.03022e+07 391 40840
2.437e-05 2.01887e+07 492 51344
3.1888e-05 1.94117e+07 619 64552
4.2148e-05 1.84825e+07 778.999 81192
5.1388e-05 1.90706e+07 979.999 102096
6.6277e-05 1.86188e+07 1234 128512
8.2147e-05 1.89051e+07 1553 161688
0.000108517 1.80156e+07 1955 203496
0.000132536 1.85685e+07 2460.99 256120
0.000166775 1.85759e+07 3097.99 322368
0.000215719 1.8079e+07 3899.99 405776
0.000278256 1.76455e+07 4909.98 510816
0.000349755 1.76723e+07 6180.96 643000
0.000438087 1.77612e+07 7780.94 809400
0.000570863 1.71581e+07 9794.91 1018856
0.000940729 1.31078e+07 12330.9 1282600
0.00166566 9.31987e+06 15523.8 1614672
0.00242008 8.0752e+06 19542.6 2032648
0.00282685 8.70311e+06 24602.4 2558888
0.00372776 8.30848e+06 30972 3221368
0.00594024 6.56379e+06 38990.5 4055344
0.00636856 7.70748e+06 49085.6 5105328
0.0077156 8.00899e+06 61794.2 6427168
0.00906205 8.58447e+06 77792.9 8091272
0.011575 8.4608e+06 97933.4 10186248
0.0144607 8.5257e+06 123288 12823688
0.0195153 7.95298e+06 155205 16143992
0.0252381 7.74159e+06 195383 20323960
0.0315459 7.79688e+06 245959 25586256
0.0411061 7.53235e+06 309625 32211160
0.0481803 8.08967e+06 389763 40551336
0.0606795 8.08566e+06 490634 51051072
0.081535 7.57458e+06 617593 64269472
0.102942 7.55161e+06 777381 80910408
0.12131 8.06587e+06 978467 101860064
0.164992 7.46404e+06 1.2315e+06 128234152
0.196168 7.90079e+06 1.54988e+06 161437192
0.240858 8.09774e+06 1.9504e+06 203237288
0.326602 7.5143e+06 2.45418e+06 255860560
0.3837 8.0471e+06 3.08767e+06 322109288
0.481351 8.06904e+06 3.88404e+06 405511464
0.624885 7.81716e+06 4.88483e+06 510508616
0.77807 7.89372e+06 6.14187e+06 642692200
1.00288 7.69768e+06 7.71989e+06 809101456
