# filename: ./acpphint-RPi4B-8192MiB-threads_4-LP64-FreeBSD_main_n247756_348c41d1815d_64bit-g++_11_O3lto-libc++-DSIZE_ul-ISIZE_ul-using_2_threads-cpus_1_2.txt
# acpphint_main version: 0.1.24

4.4592e-05 156979 7 976
4.1222e-05 218330 9 1184
3.9204e-05 280584 11 1392
3.9167e-05 331912 13 1600
4.2537e-05 352634 15 1808
4.4426e-05 427677 19 2224
3.9574e-05 581190 23 2640
3.963e-05 730088 28.9334 3264
4.1352e-05 841035 34.7785 3888
4.3e-05 995780 42.8186 4720
4.0908e-05 1.29272e+06 52.8825 5760
4.3482e-05 1.49059e+06 64.8139 7008
4.1926e-05 1.92831e+06 80.8465 8672
4.2074e-05 2.39375e+06 100.715 10752
4.1852e-05 3.0345e+06 127 13456
4.5315e-05 3.50877e+06 159 16784
4.1852e-05 4.74405e+06 198.548 20944
4.8778e-05 5.09796e+06 248.668 26144
5.4296e-05 5.75308e+06 312.369 32800
5.3018e-05 7.40067e+06 392.369 41120
5.5203e-05 8.95218e+06 494.187 51728
5.6296e-05 1.10378e+07 621.382 65040
5.6926e-05 1.37363e+07 781.955 81680
6.3611e-05 1.54564e+07 983.196 102688
7.0147e-05 1.76075e+07 1235.11 129104
8.0166e-05 1.94269e+07 1557.38 162384
8.5907e-05 2.27822e+07 1957.15 204192
9.6278e-05 2.55559e+07 2460.47 257024
0.000112481 2.76003e+07 3104.51 323376
0.000134258 2.90714e+07 3903.07 406992
0.00016524 2.9683e+07 4904.82 512240
0.000234905 2.63647e+07 6193.19 644736
0.00034194 2.27665e+07 7784.78 811552
0.000610957 1.60124e+07 9782.87 1021632
0.00102242 1.20866e+07 12357.5 1286000
0.00155845 9.96504e+06 15530 1618800
0.0022114 8.82308e+06 19511.4 2037712
0.00303387 8.12706e+06 24656.5 2565200
0.00400244 7.74079e+06 30982 3229344
0.00530416 7.33796e+06 38921.7 4065296
0.00680607 7.22918e+06 49202.3 5117776
0.00872008 7.08838e+06 61811.3 6442736
0.0111451 6.96652e+06 77642.6 8110688
0.0141056 6.95916e+06 98162.9 10210656
0.0179165 6.88314e+06 123322 12854336
0.0228157 6.78879e+06 154891 16182544
0.0287836 6.80287e+06 195811 20372496
0.0286672 8.58292e+06 246048 25647376
0.0361645 8.54408e+06 308992 32287984
0.0445595 8.7656e+06 390591 40647920
0.0559479 8.77412e+06 490894 51172512
0.0778117 7.92159e+06 616392 64422320
0.0971871 8.01647e+06 779097 81102672
0.122247 8.0112e+06 979346 102102144
0.170444 7.21368e+06 1.22953e+06 128538944
0.218818 7.10139e+06 1.55391e+06 161820816
0.280905 6.95472e+06 1.95361e+06 203720128
0.357599 6.85753e+06 2.45225e+06 256468304
0.456513 6.78785e+06 3.09874e+06 322874384
0.57585 6.76607e+06 3.89624e+06 406474576
0.722243 6.76994e+06 4.88954e+06 511721120
0.925775 6.67247e+06 6.17721e+06 644218576
1.16512 6.66635e+06 7.76712e+06 811022928
