# filename: ./acpphint-ThreadRipper1950X-131072MiB-threads_32-LP64-FreeBSD_13_r363590M_64bit-g++_10_O3lto-libc++-DSIZE_d-ISIZE_ul-using_16_threads.txt
# acpphint_main version: 0.1.23

0.000490849 128349 63 7808
0.000490027 161216 79 9472
0.000489406 194113 95 11136
0.000489396 226810 111 12800
0.00049141 258440 127 14464
0.000490449 324193 159 17792
0.000490468 389424 191 21120
0.000490398 485320 238 26112
0.000491731 576874 283.667 31104
0.000489487 711506 348.273 37760
0.000488695 878266 429.204 46080
0.000491771 1.06614e+06 524.295 56064
0.000490128 1.33181e+06 652.757 69376
0.000488996 1.65799e+06 810.749 86016
0.00049109 2.08312e+06 1023 107648
0.000490288 2.60867e+06 1279 134272
0.000489396 3.25363e+06 1592.32 167552
0.000487282 4.09193e+06 1993.92 209152
0.000486721 5.13866e+06 2501.09 262400
0.000494216 6.35697e+06 3141.72 328960
0.000509375 7.76363e+06 3954.6 413824
0.000493755 1.00569e+07 4965.67 520320
0.00049139 1.27305e+07 6255.64 653440
0.000492652 1.59535e+07 7859.53 821504
0.000494606 1.99317e+07 9858.32 1032832
0.000495848 2.51189e+07 12455.1 1299072
0.000499436 3.13082e+07 15636.5 1633536
0.000508994 3.85585e+07 19626 2056192
0.000507271 4.89404e+07 24826 2587008
0.000515437 6.04808e+07 31174.1 3255936
0.000534423 7.31765e+07 39107.2 4097920
0.000564039 8.78044e+07 49525.1 5157888
0.000601591 1.03336e+08 62166 6492416
0.000612833 1.27242e+08 77978 8173056
0.000677106 1.45948e+08 98822.1 10288000
0.000787828 1.57392e+08 123998 12950400
0.000919509 1.69089e+08 155479 16301696
0.00102658 1.92073e+08 197179 20521600
0.00116674 2.11984e+08 247330 25834752
0.00131847 2.35163e+08 310056 32522368
0.00177511 2.21648e+08 393448 40942208
0.00227897 2.16461e+08 493308 51541888
0.00305446 2.02405e+08 618238 64885504
0.00447907 1.75176e+08 784624 81685248
0.00608517 1.6166e+08 983730 102834688
0.00789856 1.56034e+08 1.23244e+06 129460352
0.0100254 1.55966e+08 1.56362e+06 162979968
0.0129143 1.51834e+08 1.96083e+06 205179008
0.0166014 1.47904e+08 2.4554e+06 258303872
0.0212284 1.46675e+08 3.11368e+06 325183360
0.0270386 1.44411e+08 3.90468e+06 409380096
0.0343462 1.42258e+08 4.88603e+06 515378560
0.0435839 1.42047e+08 6.19094e+06 648821376
0.0552406 1.40489e+08 7.76071e+06 816817152
0.0698616 1.3884e+08 9.69956e+06 1028311552
0.0882948 1.38992e+08 1.22723e+07 1294566528
0.111545 1.3776e+08 1.53664e+07 1629761024
