# filename: ./acpphint-ThreadRipper1950X-131072MiB-threads_32-LP64-FreeBSD_main_n247756_348c41d1815d_64bit-g++_11_O3lto-libc++-cpulockdown-DSIZE_ull-ISIZE_ull-using_4_threads-cpus_kx4_kx4p1_0_5.txt
# acpphint_main version: 0.1.24

3.8954e-05 385070 15 1952
4.0258e-05 471956 19 2368
4.0428e-05 568913 23 2784
4.0187e-05 671859 27 3200
3.8945e-05 795994 31 3616
3.9085e-05 997825 39 4448
3.9035e-05 1.20405e+06 47 5280
3.9746e-05 1.4794e+06 58.8001 6528
3.8634e-05 1.82052e+06 70.3339 7776
4.0037e-05 2.15937e+06 86.4548 9440
3.9034e-05 2.73207e+06 106.644 11520
4.0929e-05 3.18726e+06 130.451 14016
4.1078e-05 3.95701e+06 162.546 17344
4.2141e-05 4.79693e+06 202.147 21504
4.175e-05 6.10778e+06 255 26912
4.3363e-05 7.3565e+06 319 33568
4.5076e-05 8.82187e+06 397.655 41888
4.3593e-05 1.14237e+07 497.994 52288
4.709e-05 1.32737e+07 625.057 65600
4.5707e-05 1.71774e+07 785.128 82240
4.6759e-05 2.11411e+07 988.539 103456
4.9705e-05 2.49879e+07 1242.03 130080
5.2751e-05 2.96469e+07 1563.9 163360
5.4234e-05 3.6242e+07 1965.55 205376
5.6599e-05 4.35887e+07 2467.07 258208
6.3722e-05 4.88717e+07 3114.2 324768
6.9333e-05 5.64145e+07 3911.39 408384
7.8059e-05 6.2938e+07 4912.88 514048
8.6956e-05 7.13882e+07 6207.63 646752
9.898e-05 7.87945e+07 7799.08 813984
0.000114489 8.5522e+07 9791.33 1024480
0.000133326 9.28832e+07 12383.7 1289472
0.000158193 9.83235e+07 15554.1 1623104
0.000186056 1.04949e+08 19526.4 2043264
0.000224881 1.09884e+08 24710.8 2572000
0.000273053 1.13632e+08 31027.5 3237600
0.000332837 1.16993e+08 38939.5 4075424
0.000407491 1.21003e+08 49307.6 5130400
0.000505528 1.2244e+08 61897.1 6458688
0.000643051 1.20783e+08 77669.8 8130592
0.000825441 1.1921e+08 98400.6 10235552
0.0010399 1.18747e+08 123486 12885472
0.00140003 1.10658e+08 154925 16221376
0.00181606 1.08096e+08 196309 20421312
0.00236212 1.04298e+08 246365 25708672
0.00308387 1.0021e+08 309034 32365088
0.00394212 9.93207e+07 391534 40744992
0.00502896 9.77381e+07 491521 51294752
0.00642495 9.59428e+07 616428 64575968
0.00818814 9.53672e+07 780880 81295840
0.0103813 9.44561e+07 980581 102345024
0.013157 9.34491e+07 1.22951e+06 128844640
0.0166012 9.3805e+07 1.55728e+06 162205344
0.0210015 9.31391e+07 1.95606e+06 204204288
0.0265437 9.23773e+07 2.45204e+06 257077888
0.0334795 9.27466e+07 3.10511e+06 323641632
0.0422275 9.23834e+07 3.90112e+06 407440256
0.0532842 9.17498e+07 4.88881e+06 512936608
0.067072 9.22771e+07 6.18922e+06 645748768
0.0845228 9.20087e+07 7.77683e+06 812949152
0.106426 9.15356e+07 9.7418e+06 1023442240
0.134118 9.19187e+07 1.23279e+07 1288437152
0.168787 9.17681e+07 1.54893e+07 1622045856
0.212952 9.10562e+07 1.93906e+07 2042034464
0.268156 9.14416e+07 2.45206e+07 2570768800
0.337266 9.13095e+07 3.07956e+07 3236405824
0.424692 9.06789e+07 3.85106e+07 4074393312
0.535442 9.08331e+07 4.86359e+07 5129356832
0.673114 9.06419e+07 6.10123e+07 6457477184
0.846544 8.99526e+07 7.61488e+07 8129481856
1.06604 8.9993e+07 9.59359e+07 10234411072
