# filename: ./acpphint-ThreadRipper1950X-131072MiB-threads_32-LP64-FreeBSD_13_r363590M_64bit-g++_10_O3lto-libc++-DSIZE_ull-ISIZE_ull-using_8_threads-cpus_kx4_kx4p1_0_5_16_21.txt
# acpphint_main version: 0.1.23

0.00024559 126227 31 3904
0.000246331 158324 39 4736
0.000245269 191626 47 5568
0.000246682 222959 55 6400
0.00024558 256536 63 7232
0.000245369 321964 79 8896
0.00024547 387013 95 10560
0.000246191 481469 118.533 13056
0.000246221 574463 141.445 15552
0.000252443 688185 173.727 18880
0.000247954 863726 214.164 23040
0.000246121 1.06343e+06 261.732 28032
0.000248806 1.31005e+06 325.949 34688
0.000248085 1.63256e+06 405.014 43008
0.000247203 2.06713e+06 511 53824
0.000247113 2.58586e+06 639 67136
0.000248626 3.20109e+06 795.875 83776
0.000248976 4.00295e+06 996.639 104576
0.000249948 5.00268e+06 1250.41 131200
0.000249077 6.30591e+06 1570.66 164480
0.000251661 7.85672e+06 1977.23 206912
0.00025109 9.8899e+06 2483.26 260160
0.000252784 1.23735e+07 3127.82 326720
0.000254467 1.54449e+07 3930.23 410752
0.000299383 1.64701e+07 4930.87 516416
0.000297269 2.09503e+07 6227.89 649536
0.000300796 2.59971e+07 7819.82 816768
0.000309663 3.17035e+07 9817.41 1028096
0.000317408 3.91103e+07 12413.9 1293504
0.000334409 4.66226e+07 15591 1627968
0.000348937 5.60669e+07 19563.8 2048960
0.000366241 6.76191e+07 24764.9 2578944
0.000408903 7.60388e+07 31092.5 3246208
0.000422819 9.22668e+07 39012.1 4086528
0.000462245 1.06907e+08 49417.3 5144000
0.000487192 1.27305e+08 62022 6475200
0.000536086 1.45113e+08 77793.3 8150848
0.000735116 1.34141e+08 98609.2 10260800
0.000677336 1.82665e+08 123726 12917376
0.00078904 1.96644e+08 155160 16261184
0.000988401 1.99103e+08 196794 20471104
0.00124848 1.97704e+08 246829 25770944
0.00169731 1.82331e+08 309472 32442752
0.00229378 1.71154e+08 392589 40842624
0.00305838 1.61009e+08 492428 51417344
0.00395679 1.56003e+08 617270 64730176
0.00511355 1.53107e+08 782923 81489984
0.0065899 1.49074e+08 982382 102589504
0.00841464 1.46309e+08 1.23114e+06 129151936
0.0106674 1.46356e+08 1.56124e+06 162591680
0.0135912 1.44183e+08 1.95962e+06 204690048
0.017199 1.42751e+08 2.45516e+06 257689280
0.0217785 1.42929e+08 3.11277e+06 324410688
0.0275774 1.41717e+08 3.90817e+06 408408576
0.0348529 1.40443e+08 4.89484e+06 514155776
0.0439814 1.41062e+08 6.20409e+06 647283264
0.0555679 1.40204e+08 7.79083e+06 814880512
0.0700346 1.39266e+08 9.75343e+06 1025873216
0.088442 1.39715e+08 1.23567e+07 1291497536
0.111429 1.39255e+08 1.5517e+07 1625898304
0.140192 1.38475e+08 1.9413e+07 2046884480
0.176909 1.38921e+08 2.45763e+07 2576874304
0.222671 1.38547e+08 3.08505e+07 3244091712
0.280612 1.37391e+08 3.85537e+07 4084068928
0.353147 1.38024e+08 4.87428e+07 5141537600
0.444767 1.37421e+08 6.11202e+07 6472811648
0.559724 1.36193e+08 7.62307e+07 8148786624
0.705117 1.36345e+08 9.61392e+07 10258713664
0.88779 1.35452e+08 1.20253e+08 12914954368
1.11661 1.33831e+08 1.49437e+08 16258963712
