# filename: ./acpphint-ThreadRipper1950X-131072MiB-threads_32-LP64-FreeBSD_13_r363590M_64bit-g++_10_O3lto-libc++-DSIZE_ul-ISIZE_ul-using_16_threads-cpus_kx2s_0_30.txt
# acpphint_main version: 0.1.23

0.000505878 124536 63 7808
0.000503854 156791 79 9472
0.000493574 192474 95 11136
0.000494566 224439 111 12800
0.000499336 254338 127 14464
0.00049652 320229 159 17792
0.000498283 383316 191 21120
0.000495879 479956 238 26112
0.000494396 573764 283.667 31104
0.000494557 704212 348.273 37760
0.000494126 868613 429.204 46080
0.000495228 1.05869e+06 524.295 56064
0.000489266 1.33416e+06 652.757 69376
0.000503723 1.60951e+06 810.75 86016
0.000492422 2.07749e+06 1023 107648
0.000489436 2.61321e+06 1279 134272
0.000492613 3.23239e+06 1592.32 167552
0.000489657 4.07209e+06 1993.93 209152
0.000491541 5.08828e+06 2501.1 262400
0.000495308 6.34297e+06 3141.72 328960
0.000500198 7.90609e+06 3954.61 413824
0.000495738 1.00168e+07 4965.68 520320
0.00049686 1.25904e+07 6255.67 653440
0.000498364 1.57707e+07 7859.57 821504
0.000502262 1.9628e+07 9858.39 1032832
0.000501921 2.48152e+07 12455.3 1299072
0.000547808 2.8544e+07 15636.6 1633536
0.000513192 3.82436e+07 19626.3 2056192
0.000510818 4.86014e+07 24826.5 2587008
0.000533631 5.84201e+07 31174.8 3255936
0.000539182 7.25328e+07 39108.4 4097920
0.000565191 8.76288e+07 49527 5157888
0.00059596 1.04317e+08 62169 6492416
0.000630838 1.23618e+08 77982.7 8173056
0.000673519 1.46736e+08 98829.6 10288000
0.000739485 1.67697e+08 124010 12950400
0.000834407 1.86357e+08 155498 16301696
0.000901345 2.18794e+08 197209 20521600
0.00104262 2.37266e+08 247377 25834752
0.00117863 2.63128e+08 310129 32522368
0.00128924 3.05271e+08 393567 40942208
0.00193244 2.55374e+08 493494 51541888
0.00285476 2.16666e+08 618531 64885504
0.00420785 1.86578e+08 785093 81685248
0.00568529 1.73161e+08 984470 102834688
0.00756869 1.62988e+08 1.2336e+06 129460352
0.00985673 1.58824e+08 1.56549e+06 162979968
0.0128541 1.52774e+08 1.96377e+06 205179008
0.0165545 1.48601e+08 2.46001e+06 258303872
0.0211437 1.47614e+08 3.1211e+06 325183360
0.026971 1.45206e+08 3.91636e+06 409380096
0.0343212 1.42896e+08 4.90434e+06 515378560
0.0435572 1.42809e+08 6.22038e+06 648821376
0.0551635 1.41526e+08 7.80707e+06 816817152
0.0699131 1.39775e+08 9.77207e+06 1028311552
0.0882961 1.40308e+08 1.23886e+07 1294566528
0.111505 1.39448e+08 1.55492e+07 1629761024
0.140708 1.38226e+08 1.94495e+07 2051746432
0.177588 1.3874e+08 2.46386e+07 2582995072
0.223819 1.3812e+08 3.09139e+07 3251796608
0.282339 1.36804e+08 3.86249e+07 4093768960
0.355271 1.3754e+08 4.88639e+07 5153748608
0.447939 1.36725e+08 6.12444e+07 6488183424
0.564159 1.35367e+08 7.63686e+07 8168137856
0.711264 1.35494e+08 9.63719e+07 10283075200
0.894599 1.3469e+08 1.20494e+08 12945623296
1.12671 1.32864e+08 1.497e+08 16297573248
