# filename: ./acpphint-ThreadRipper1950X-131072MiB-threads_32-LP64-FreeBSD_13_r363590M_64bit-g++_10_O3lto-libc++-DSIZE_d-ISIZE_ui-using_4_threads-cpus_kx4s_0_12.txt
# acpphint_main version: 0.1.23

0.000128125 117073 15 1824
0.000128196 148206 18.9994 2208
0.000128356 179181 22.9989 2592
0.000128266 210491 26.9989 2976
0.000129097 240118 30.9985 3360
0.000128446 303615 38.9981 4128
0.000128586 365497 46.9978 4896
0.000128686 456893 58.7958 6048
0.000128496 547306 70.3266 7200
0.000128206 674272 86.4457 8736
0.000128446 830175 106.633 10656
0.000127834 1.02033e+06 130.433 12960
0.000128015 1.26948e+06 162.513 16032
0.000128326 1.5749e+06 202.101 19872
0.000128095 1.9901e+06 254.922 24864
0.000128737 2.47702e+06 318.884 31008
0.000128075 3.10338e+06 397.465 38688
0.000128446 3.87476e+06 497.697 48288
0.000129368 4.82806e+06 624.596 60576
0.000130119 6.02862e+06 784.438 75936
0.000131181 7.5258e+06 987.242 95520
0.000131391 9.43681e+06 1239.91 120096
0.000132574 1.17712e+07 1560.55 150816
0.000134367 1.45882e+07 1960.17 189600
0.000138755 1.77198e+07 2458.71 238368
0.000167771 1.84812e+07 3100.6 299808
0.000168723 2.30516e+07 3889.33 376992
0.000173522 2.81125e+07 4878.14 474528
0.000175786 3.49979e+07 6152.14 597024
0.000173973 4.43276e+07 7711.8 751392
0.000184112 5.24288e+07 9652.77 945696
0.000192548 6.31726e+07 12163.8 1190304
0.000207557 7.32735e+07 15208.4 1498272
