# filename: ./acpphint-ThreadRipper1950X-131072MiB-threads_32-LP64-FreeBSD_13_r363590M_64bit-g++_10_O3lto-libc++-cpulockdown-DSIZE_d-ISIZE_ul-using_32_threads.txt
# acpphint_main version: 0.1.23

0.00119446 106325 127 15616
0.00118345 134354 159 18944
0.00118424 161285 191 22272
0.00118604 188021 223 25600
0.00118649 214920 255 28928
0.00119043 267971 319 35584
0.00118612 322902 383 42240
0.00119279 399846 476.933 52224
0.00118304 480211 568.111 62208
0.00118599 588001 697.363 75520
0.00117936 728604 859.284 92160
0.0011943 878695 1049.42 112128
0.00118205 1.10517e+06 1306.37 138752
0.00119793 1.35418e+06 1622.22 172032
0.00119248 1.71658e+06 2047 215296
0.0011967 2.13838e+06 2558.99 268544
0.00119487 2.66574e+06 3185.2 335104
0.00120448 3.31136e+06 3988.49 418304
0.001202 4.16177e+06 5002.45 524800
0.00121727 5.16223e+06 6283.82 657920
0.00120233 6.57832e+06 7909.31 827648
0.00120961 8.2096e+06 9930.45 1040640
0.00118073 1.05962e+07 12511.2 1306880
0.00120224 1.3074e+07 15718.1 1643008
0.00120292 1.63877e+07 19713.1 2065664
0.00122386 2.03532e+07 24909.5 2598144
0.00124151 2.51867e+07 31269.4 3267072
0.00122672 3.19901e+07 39242.8 4112384
0.00122179 4.06368e+07 49649.5 5174016
0.00123402 5.0517e+07 62339 6511872
0.0012533 6.23891e+07 78192.1 8195840
0.00125868 7.8688e+07 99042.8 10315776
0.00127885 9.72037e+07 124309 12984832
0.00130089 1.19843e+08 155903 16346112
0.00133908 1.47579e+08 197621 20576000
0.00139907 1.77213e+08 247932 25900800
0.00143022 2.17326e+08 310824 32603392
0.00157883 2.49726e+08 394276 41043200
0.00207359 2.38462e+08 494472 51669504
0.00318484 1.94591e+08 619740 65044736
0.00454531 1.73055e+08 786587 81884416
0.00615741 1.60132e+08 985996 103083776
0.00807064 1.53066e+08 1.23534e+06 129771008
0.0104343 1.50274e+08 1.56801e+06 163370496
0.0134506 1.4611e+08 1.96526e+06 205669376
0.0172096 1.43008e+08 2.46111e+06 258920704
0.0218997 1.42572e+08 3.1223e+06 325959936
0.0279144 1.40195e+08 3.91345e+06 410358016
0.0354029 1.38329e+08 4.89726e+06 516607744
0.0448291 1.38477e+08 6.20781e+06 650366720
0.0566957 1.37188e+08 7.77795e+06 818760192
0.0716502 1.35679e+08 9.72147e+06 1030757120
0.0905803 1.35848e+08 1.23051e+07 1297642752
0.114312 1.34719e+08 1.54001e+07 1633634304
