# filename: ./acpphint-ThreadRipper1950X-131072MiB-threads_32-LP64-FreeBSD_main_n247756_348c41d1815d_64bit-g++_11_O3lto-libc++-cpulockdown-DSIZE_ul-ISIZE_ul-using_4_threads-cpus_kx4_kx4p1_0_5.txt
# acpphint_main version: 0.1.24

5.9605e-05 251657 15 1952
5.5616e-05 341628 19 2368
5.8802e-05 391143 23 2784
6.3211e-05 427141 27 3200
6.0977e-05 508388 31 3616
5.9594e-05 654428 39 4448
5.9033e-05 796165 47 5280
5.5867e-05 1.0525e+06 58.8001 6528
5.7199e-05 1.22963e+06 70.3339 7776
5.4234e-05 1.59411e+06 86.4548 9440
5.5206e-05 1.93174e+06 106.644 11520
5.5716e-05 2.34136e+06 130.451 14016
5.4975e-05 2.95673e+06 162.546 17344
5.9213e-05 3.4139e+06 202.147 21504
6.1247e-05 4.16347e+06 255 26912
5.6959e-05 5.60052e+06 319 33568
5.8753e-05 6.76824e+06 397.655 41888
5.7971e-05 8.59039e+06 497.994 52288
5.8222e-05 1.07358e+07 625.057 65600
6.0606e-05 1.29546e+07 785.128 82240
6.0546e-05 1.63271e+07 988.539 103456
6.3411e-05 1.95869e+07 1242.03 130080
6.5204e-05 2.39848e+07 1563.9 163360
6.7499e-05 2.91196e+07 1965.55 205376
7.1707e-05 3.44049e+07 2467.07 258208
7.7048e-05 4.0419e+07 3114.2 324768
8.3029e-05 4.71087e+07 3911.39 408384
9.0002e-05 5.45863e+07 4912.88 514048
0.000101884 6.09285e+07 6207.63 646752
0.000112035 6.96129e+07 7799.08 813984
0.000125209 7.81999e+07 9791.33 1024480
0.000145708 8.49901e+07 12383.7 1289472
0.000169925 9.1535e+07 15554.1 1623104
0.00019859 9.8325e+07 19526.4 2043264
0.000236212 1.04613e+08 24710.8 2572000
0.000286007 1.08485e+08 31027.5 3237600
0.000346373 1.12421e+08 38939.5 4075424
0.000420965 1.1713e+08 49307.6 5130400
0.000527619 1.17314e+08 61897.1 6458688
0.000660603 1.17574e+08 77669.8 8130592
0.000843864 1.16607e+08 98400.6 10235552
0.00106174 1.16305e+08 123486 12885472
0.00141554 1.09446e+08 154925 16221376
0.00185044 1.06088e+08 196309 20421312
0.00238275 1.03395e+08 246365 25708672
0.00309228 9.99371e+07 309034 32365088
0.0039516 9.90823e+07 391534 40744992
0.00502765 9.77635e+07 491521 51294752
0.0064237 9.59615e+07 616428 64575968
0.00814959 9.58183e+07 780880 81295840
0.010339 9.48432e+07 980581 102345024
0.0131082 9.37974e+07 1.22951e+06 128844640
0.0165783 9.3935e+07 1.55728e+06 162205344
0.0209503 9.33669e+07 1.95606e+06 204204288
0.0264096 9.28466e+07 2.45204e+06 257077888
0.0333739 9.30399e+07 3.10511e+06 323641632
0.0419883 9.29096e+07 3.90112e+06 407440256
0.0529585 9.23141e+07 4.88881e+06 512936608
0.066747 9.27266e+07 6.18922e+06 645748768
0.0841102 9.246e+07 7.77683e+06 812949152
0.105962 9.19363e+07 9.7418e+06 1023442240
0.133371 9.24333e+07 1.23279e+07 1288437152
0.168152 9.21148e+07 1.54893e+07 1622045856
0.211666 9.16097e+07 1.93906e+07 2042034464
0.266705 9.19391e+07 2.45206e+07 2570768800
0.335774 9.17152e+07 3.07956e+07 3236405824
0.422905 9.10621e+07 3.85106e+07 4074393312
0.532008 9.14195e+07 4.86359e+07 5129356832
0.669869 9.10809e+07 6.10123e+07 6457477184
0.843655 9.02606e+07 7.61488e+07 8129481856
1.06222 9.03165e+07 9.59359e+07 10234411072
