# filename: ./acpphint-ThreadRipper1950X-131072MiB-threads_32-LP64-FreeBSD_main_n247756_348c41d1815d_64bit-g++_11_O3lto-libc++-cpulockdown-DSIZE_ul-ISIZE_ul-using_8_threads-cpus_kx2s_0_6_16_22.txt
# acpphint_main version: 0.1.24

0.000124458 249080 31 3904
0.000117405 332183 39 4736
0.000113798 413013 47 5568
0.000121993 450846 55 6400
0.000117796 534823 63 7232
0.000118928 664267 79 8896
0.000113457 837322 95 10560
0.000120801 981228 118.533 13056
0.000122294 1.1566e+06 141.445 15552
0.000113778 1.5269e+06 173.727 18880
0.000121092 1.76861e+06 214.164 23040
0.000116052 2.2553e+06 261.732 28032
0.000113667 2.86758e+06 325.949 34688
0.000124168 3.26183e+06 405.014 43008
0.000115762 4.41423e+06 511 53824
0.000113197 5.64503e+06 639 67136
0.000116713 6.81907e+06 795.875 83776
0.00012033 8.28255e+06 996.639 104576
0.000113277 1.10385e+07 1250.41 131200
0.000118778 1.32235e+07 1570.66 164480
0.000121002 1.63405e+07 1977.23 206912
0.000116282 2.13555e+07 2483.26 260160
0.000125119 2.49988e+07 3127.82 326720
0.000131962 2.9783e+07 3930.23 410752
0.0001252 3.93839e+07 4930.87 516416
0.000132473 4.70125e+07 6227.89 649536
0.000133616 5.85246e+07 7819.82 816768
0.000137944 7.11696e+07 9817.41 1028096
0.000142312 8.72304e+07 12413.9 1293504
0.000150588 1.03534e+08 15591 1627968
0.000156199 1.25249e+08 19563.8 2048960
0.000166288 1.48928e+08 24764.9 2578944
0.00018777 1.65588e+08 31092.5 3246208
0.000202117 1.93018e+08 39012.1 4086528
0.000225251 2.19388e+08 49417.3 5144000
0.000254768 2.43445e+08 62022 6475200
0.000295466 2.6329e+08 77793.3 8150848
0.000346423 2.8465e+08 98609.2 10260800
0.000406849 3.04107e+08 123726 12917376
0.000489438 3.17016e+08 155160 16261184
0.000630066 3.12339e+08 196794 20471104
0.000928588 2.65811e+08 246829 25770944
0.00139121 2.22448e+08 309472 32442752
0.00205638 1.90913e+08 392589 40842624
0.00283675 1.73589e+08 492428 51417344
0.00379785 1.62531e+08 617270 64730176
0.00496734 1.57614e+08 782923 81489984
0.00645578 1.52171e+08 982382 102589504
0.00835782 1.47303e+08 1.23114e+06 129151936
0.0106499 1.46597e+08 1.56124e+06 162591680
0.0136416 1.43651e+08 1.95962e+06 204690048
0.0174684 1.40549e+08 2.45516e+06 257689280
0.0221509 1.40526e+08 3.11277e+06 324410688
0.0280437 1.3936e+08 3.90817e+06 408408576
0.0356434 1.37328e+08 4.89484e+06 514155776
0.0449508 1.3802e+08 6.20409e+06 647283264
0.0568776 1.36976e+08 7.79083e+06 814880512
0.0718086 1.35825e+08 9.75343e+06 1025873216
0.0904241 1.36653e+08 1.23567e+07 1291497536
0.11477 1.35201e+08 1.5517e+07 1625898304
0.143897 1.34909e+08 1.9413e+07 2046884480
0.181456 1.35439e+08 2.45763e+07 2576874304
0.228995 1.34721e+08 3.08505e+07 3244091712
0.287853 1.33935e+08 3.85537e+07 4084068928
0.363197 1.34205e+08 4.87428e+07 5141537600
0.457636 1.33556e+08 6.11202e+07 6472811648
0.577213 1.32067e+08 7.62307e+07 8148786624
0.728804 1.31914e+08 9.61392e+07 10258713664
0.914114 1.31552e+08 1.20253e+08 12914954368
1.15227 1.29689e+08 1.49437e+08 16258963712
