# filename: ./acpphint-ThreadRipper1950X-131072MiB-threads_32-LP64-FreeBSD_13_r363590M_64bit-g++_10_O3lto-libc++-DSIZE_ul-ISIZE_ul-using_4_threads-cpus_kx4_kx4p1_0_5.txt
# acpphint_main version: 0.1.23

0.000129278 116029 15 1952
0.000129027 147256 19 2368
0.000128666 178757 23 2784
0.000129478 208530 27 3200
0.000128897 240502 31 3616
0.000128366 303819 39 4448
0.000129097 364067 47 5280
0.000128666 456998 58.8001 6528
0.000128646 546724 70.3339 7776
0.000128666 671932 86.4548 9440
0.000128306 831167 106.644 11520
0.000128236 1.01728e+06 130.451 14016
0.000128345 1.26648e+06 162.546 17344
0.000129357 1.56271e+06 202.147 21504
0.000128776 1.98018e+06 255 26912
0.000129117 2.47063e+06 319 33568
0.000128215 3.10147e+06 397.655 41888
0.000128857 3.8647e+06 497.994 52288
0.000129427 4.82942e+06 625.057 65600
0.000129408 6.06707e+06 785.128 82240
0.000130941 7.5495e+06 988.539 103456
0.000131241 9.4637e+06 1242.03 130080
0.000132013 1.18466e+07 1563.9 163360
0.000134487 1.46151e+07 1965.55 205376
0.000137773 1.79068e+07 2467.07 258208
0.000145649 2.13816e+07 3114.2 324768
0.000146159 2.67612e+07 3911.39 408384
0.000152883 3.21349e+07 4912.88 514048
0.000160237 3.87403e+07 6207.63 646752
0.000175586 4.44174e+07 7799.08 813984
0.000192258 5.09281e+07 9791.33 1024480
0.000212176 5.83654e+07 12383.7 1289472
0.000228478 6.80769e+07 15554.1 1623104
0.000251552 7.76235e+07 19526.4 2043264
0.000282621 8.74345e+07 24710.8 2572000
0.000319592 9.70847e+07 31027.5 3237600
0.000370369 1.05137e+08 38939.5 4075424
0.000428209 1.15148e+08 49307.6 5130400
0.000509666 1.21446e+08 61897.1 6458688
0.000612843 1.26737e+08 77669.8 8130592
0.000761177 1.29274e+08 98400.6 10235552
0.000965778 1.27861e+08 123486 12885472
0.00131909 1.17448e+08 154925 16221376
0.00173509 1.13141e+08 196309 20421312
0.00228984 1.0759e+08 246365 25708672
0.0029866 1.03473e+08 309034 32365088
0.00382738 1.02298e+08 391534 40744992
0.00492008 9.99009e+07 491521 51294752
0.00629115 9.79834e+07 616428 64575968
0.0079947 9.76747e+07 780880 81295840
0.0101935 9.61972e+07 980581 102345024
0.0128946 9.53507e+07 1.22951e+06 128844640
0.0163439 9.52822e+07 1.55728e+06 162205344
0.0206648 9.4657e+07 1.95606e+06 204204288
0.0261316 9.38343e+07 2.45204e+06 257077888
0.0330183 9.40421e+07 3.10511e+06 323641632
0.0416925 9.35688e+07 3.90112e+06 407440256
0.0527026 9.27623e+07 4.88881e+06 512936608
0.0663176 9.3327e+07 6.18922e+06 645748768
0.0834394 9.32034e+07 7.77683e+06 812949152
0.104931 9.28404e+07 9.7418e+06 1023442240
0.131957 9.3424e+07 1.23279e+07 1288437152
0.16629 9.31463e+07 1.54893e+07 1622045856
0.209566 9.25275e+07 1.93906e+07 2042034464
0.265079 9.25031e+07 2.45206e+07 2570768800
0.333231 9.24151e+07 3.07956e+07 3236405824
0.420564 9.15691e+07 3.85106e+07 4074393312
0.530338 9.17073e+07 4.86359e+07 5129356832
0.665149 9.17273e+07 6.10123e+07 6457477184
0.836942 9.09846e+07 7.61488e+07 8129481856
1.05529 9.09092e+07 9.59359e+07 10234411072
