# filename: ./acpphint-ThreadRipper1950X-131072MiB-threads_32-LP64-FreeBSD_main_n247756_348c41d1815d_64bit-g++_11_O3lto-libc++-cpulockdown-DSIZE_ul-ISIZE_ul-using_2_threads.txt
# acpphint_main version: 0.1.24

3.2272e-05 216906 7 976
3.1791e-05 283099 9 1184
3.3615e-05 327235 11 1392
3.2983e-05 394142 13 1600
3.2422e-05 462649 15 1808
3.2181e-05 590410 19 2224
3.4096e-05 674566 23 2640
3.3985e-05 851358 28.9334 3264
3.3444e-05 1.0399e+06 34.7785 3888
3.4396e-05 1.24487e+06 42.8186 4720
3.3875e-05 1.56111e+06 52.8825 5760
3.3645e-05 1.92641e+06 64.8139 7008
3.5057e-05 2.30614e+06 80.8465 8672
3.6038e-05 2.79468e+06 100.715 10752
3.5128e-05 3.61535e+06 127 13456
3.7923e-05 4.19271e+06 159 16784
3.676e-05 5.40119e+06 198.548 20944
3.4436e-05 7.22118e+06 248.668 26144
3.8184e-05 8.18063e+06 312.369 32800
3.8574e-05 1.01718e+07 392.369 41120
3.639e-05 1.35803e+07 494.187 51728
3.7552e-05 1.65472e+07 621.382 65040
4.1379e-05 1.88974e+07 781.955 81680
4.0928e-05 2.40226e+07 983.196 102688
4.7261e-05 2.61339e+07 1235.11 129104
4.6399e-05 3.35649e+07 1557.38 162384
5.0818e-05 3.8513e+07 1957.15 204192
5.4966e-05 4.47636e+07 2460.47 257024
6.1238e-05 5.06958e+07 3104.51 323376
6.9363e-05 5.62702e+07 3903.07 406992
7.7579e-05 6.32235e+07 4904.82 512240
9.0774e-05 6.82265e+07 6193.19 644736
0.000107495 7.24199e+07 7784.78 811552
0.000126091 7.75858e+07 9782.87 1021632
0.000149817 8.24842e+07 12357.5 1286000
0.000182089 8.52879e+07 15530 1618800
0.00021922 8.90036e+07 19511.4 2037712
0.00026618 9.26308e+07 24656.5 2565200
0.000326906 9.47734e+07 30982 3229344
0.000404263 9.62782e+07 38921.7 4065296
0.000499697 9.84643e+07 49202.3 5117776
0.000619937 9.97057e+07 61811.3 6442736
0.000775224 1.00155e+08 77642.6 8110688
0.00096658 1.01557e+08 98162.9 10210656
0.00120812 1.02077e+08 123322 12854336
0.00152592 1.01506e+08 154891 16182544
0.0019224 1.01858e+08 195811 20372496
0.00243735 1.00949e+08 246048 25647376
0.00311943 9.90541e+07 308992 32287984
0.00396088 9.86121e+07 390591 40647920
0.00502296 9.773e+07 490894 51172512
0.00636479 9.68441e+07 616392 64422320
0.00817736 9.52748e+07 779097 81102672
0.01009 9.70614e+07 979346 102102144
0.0129151 9.52015e+07 1.22953e+06 128538944
0.0162794 9.54526e+07 1.55391e+06 161820816
0.0208244 9.38134e+07 1.95361e+06 203720128
0.0255477 9.5987e+07 2.45225e+06 256468304
0.0330426 9.37802e+07 3.09874e+06 322874384
0.0408934 9.52778e+07 3.89624e+06 406474576
0.0516056 9.47482e+07 4.88954e+06 511721120
0.0653664 9.45013e+07 6.17721e+06 644218576
0.0832538 9.32945e+07 7.76712e+06 811022928
0.103023 9.45791e+07 9.74384e+06 1021017232
0.144767 8.50007e+07 1.23053e+07 1285384400
0.170539 9.0712e+07 1.54699e+07 1618202912
0.20762 9.34198e+07 1.93958e+07 2037196656
0.262981 9.308e+07 2.44783e+07 2564678416
0.334589 9.19248e+07 3.0757e+07 3228738592
0.417062 9.23673e+07 3.85229e+07 4064740928
0.518597 9.36317e+07 4.85571e+07 5117205536
0.70961 8.58724e+07 6.09359e+07 6442179888
0.905291 8.41459e+07 7.61765e+07 8110223824
1.13409 8.44647e+07 9.57909e+07 10210166656
