# filename: ./acpphint-ThreadRipper1950X-131072MiB-threads_32-LP64-FreeBSD_main_n247756_348c41d1815d_64bit-g++_11_O3lto-libc++-cpulockdown-DSIZE_ull-ISIZE_ull-using_16_threads.txt
# acpphint_main version: 0.1.24

0.000320083 196824 63 7808
0.00032882 240253 79 9472
0.000320985 295964 95 11136
0.000337676 328717 111 12800
0.000331334 383299 127 14464
0.000331004 480357 159 17792
0.000322978 591372 191 21120
0.000329471 722370 238 26112
0.000326405 869064 283.667 31104
0.000317437 1.09714e+06 348.273 37760
0.000315244 1.3615e+06 429.204 46080
0.000319382 1.64159e+06 524.295 56064
0.000318089 2.05212e+06 652.757 69376
0.000320022 2.53342e+06 810.75 86016
0.000317287 3.22421e+06 1023 107648
0.000314161 4.07116e+06 1279 134272
0.000329701 4.82958e+06 1592.32 167552
0.000321125 6.20919e+06 1993.93 209152
0.00032916 7.59843e+06 2501.1 262400
0.000326595 9.61963e+06 3141.72 328960
0.000324882 1.21724e+07 3954.61 413824
0.000341744 1.45304e+07 4965.68 520320
0.000333879 1.87363e+07 6255.67 653440
0.000332216 2.3658e+07 7859.57 821504
0.000336363 2.93088e+07 9858.39 1032832
0.000348387 3.57512e+07 12455.3 1299072
0.000342937 4.55962e+07 15636.6 1633536
0.000359618 5.45755e+07 19626.3 2056192
0.000379827 6.53626e+07 24826.5 2587008
0.000381791 8.16541e+07 31174.8 3255936
0.000392071 9.97482e+07 39108.4 4097920
0.000406829 1.21739e+08 49527 5157888
0.000423401 1.46832e+08 62169 6492416
0.000431806 1.80597e+08 77982.7 8173056
0.000456493 2.16497e+08 98829.6 10288000
0.000481321 2.57644e+08 124010 12950400
0.000519605 2.99261e+08 155498 16301696
0.000560673 3.51736e+08 197209 20521600
0.000628042 3.93886e+08 247377 25834752
0.000735217 4.2182e+08 310129 32522368
0.00106187 3.70635e+08 393567 40942208
0.00175547 2.81118e+08 493494 51541888
0.00283275 2.1835e+08 618531 64885504
0.00416105 1.88677e+08 785093 81685248
0.00568414 1.73196e+08 984470 102834688
0.00759857 1.62347e+08 1.2336e+06 129460352
0.0098805 1.58442e+08 1.56549e+06 162979968
0.0128461 1.52869e+08 1.96377e+06 205179008
0.0164592 1.49461e+08 2.46001e+06 258303872
0.0210204 1.48479e+08 3.1211e+06 325183360
0.0268931 1.45627e+08 3.91636e+06 409380096
0.034214 1.43343e+08 4.90434e+06 515378560
0.0434056 1.43308e+08 6.22038e+06 648821376
0.0553522 1.41044e+08 7.80707e+06 816817152
0.0696687 1.40265e+08 9.77207e+06 1028311552
0.0880933 1.40631e+08 1.23886e+07 1294566528
0.111382 1.39602e+08 1.55492e+07 1629761024
0.140496 1.38435e+08 1.94495e+07 2051746432
0.177175 1.39064e+08 2.46386e+07 2582995072
0.223452 1.38347e+08 3.09139e+07 3251796608
0.281674 1.37126e+08 3.86249e+07 4093768960
0.355141 1.3759e+08 4.88639e+07 5153748608
0.447354 1.36904e+08 6.12444e+07 6488183424
0.563193 1.35599e+08 7.63686e+07 8168137856
0.709574 1.35817e+08 9.63719e+07 10283075200
0.89411 1.34764e+08 1.20494e+08 12945623296
1.12609 1.32937e+08 1.497e+08 16297573248
