# filename: ./acpphint-ThreadRipper1950X-131072MiB-threads_32-LP64-FreeBSD_main_n247756_348c41d1815d_64bit-g++_11_O3lto-libc++-cpulockdown-DSIZE_ul-ISIZE_ul-using_8_threads.txt
# acpphint_main version: 0.1.24

0.000160568 193065 31 3904
0.000156941 248501 39 4736
0.000153744 305703 47 5568
0.000155047 354731 55 6400
0.000154456 407883 63 7232
0.000155808 507034 79 8896
0.000159145 596940 95 10560
0.000158694 746930 118.533 13056
0.000160818 879533 141.445 15552
0.000159816 1.08705e+06 173.727 18880
0.000157642 1.35855e+06 214.164 23040
0.0001565 1.67241e+06 261.732 28032
0.000163663 1.99159e+06 325.949 34688
0.000158093 2.56187e+06 405.014 43008
0.000159706 3.19963e+06 511 53824
0.000159606 4.00361e+06 639 67136
0.000159525 4.98903e+06 795.875 83776
0.0001617 6.16351e+06 996.639 104576
0.000160127 7.80886e+06 1250.41 131200
0.000164094 9.57169e+06 1570.66 164480
0.000165718 1.19313e+07 1977.23 206912
0.000165607 1.49949e+07 2483.26 260160
0.000166408 1.87961e+07 3127.82 326720
0.000166489 2.36065e+07 3930.23 410752
0.000173612 2.84017e+07 4930.87 516416
0.000175005 3.55869e+07 6227.89 649536
0.000176928 4.41977e+07 7819.82 816768
0.000181627 5.40526e+07 9817.41 1028096
0.000181647 6.8341e+07 12413.9 1293504
0.000185516 8.40414e+07 15591 1627968
0.00019858 9.85185e+07 19563.8 2048960
0.000208169 1.18965e+08 24764.9 2578944
0.000222355 1.39833e+08 31092.5 3246208
0.000242254 1.61038e+08 39012.1 4086528
0.000266851 1.85187e+08 49417.3 5144000
0.00029755 2.08442e+08 62022 6475200
0.000337236 2.30679e+08 77793.3 8150848
0.000377983 2.60883e+08 98609.2 10260800
0.000432117 2.86324e+08 123726 12917376
0.00051192 3.03094e+08 155160 16261184
0.00061146 3.21843e+08 196794 20471104
0.00074191 3.32694e+08 246829 25770944
0.000897618 3.44771e+08 309472 32442752
0.00122387 3.20776e+08 392589 40842624
0.00171588 2.86982e+08 492428 51417344
0.00272754 2.2631e+08 617270 64730176
0.00391994 1.99728e+08 782923 81489984
0.00538928 1.82284e+08 982382 102589504
0.00718565 1.71333e+08 1.23114e+06 129151936
0.00937716 1.66494e+08 1.56124e+06 162591680
0.0121513 1.61269e+08 1.95962e+06 204690048
0.0156788 1.56591e+08 2.45516e+06 257689280
0.0201521 1.54464e+08 3.11277e+06 324410688
0.0257505 1.51771e+08 3.90817e+06 408408576
0.0326942 1.49716e+08 4.89484e+06 514155776
0.0414447 1.49696e+08 6.20409e+06 647283264
0.0526905 1.4786e+08 7.79083e+06 814880512
0.0666176 1.46409e+08 9.75343e+06 1025873216
0.0840931 1.46941e+08 1.23567e+07 1291497536
0.106206 1.46103e+08 1.5517e+07 1625898304
0.133859 1.45026e+08 1.9413e+07 2046884480
0.169242 1.45213e+08 2.45763e+07 2576874304
0.213212 1.44694e+08 3.08505e+07 3244091712
0.268735 1.43463e+08 3.85537e+07 4084068928
0.338801 1.43869e+08 4.87428e+07 5141537600
0.428887 1.42509e+08 6.11202e+07 6472811648
0.538345 1.41602e+08 7.62307e+07 8148786624
0.678305 1.41734e+08 9.61392e+07 10258713664
0.85379 1.40846e+08 1.20253e+08 12914954368
1.08209 1.381e+08 1.49437e+08 16258963712
