# filename: ./acpphint-ThreadRipper1950X-131072MiB-threads_32-LP64-FreeBSD_13_r363590M_64bit-g++_10_O3lto-libc++-cpulockdown-DSIZE_d-ISIZE_ull-using_16_threads-cpus_kx4_kx4p1_0_29.txt
# acpphint_main version: 0.1.23

0.000599207 105139 63 7808
0.000598135 132077 79 9472
0.000591893 160502 95 11136
0.000590831 187871 111 12800
0.000595149 213392 127 14464
0.000596852 266398 159 17792
0.000595921 320512 191 21120
0.000599918 396721 238 26112
0.000600178 472638 283.667 31104
0.000595901 584447 348.273 37760
0.000602112 712831 429.204 46080
0.000597544 877416 524.295 56064
0.000597093 1.09322e+06 652.757 69376
0.000604537 1.34111e+06 810.749 86016
0.000600179 1.70449e+06 1023 107648
0.000603395 2.11967e+06 1279 134272
0.000608665 2.61608e+06 1592.32 167552
0.000607233 3.28362e+06 1993.92 209152
0.000616239 4.05864e+06 2501.09 262400
0.000616479 5.09622e+06 3141.72 328960
0.000605599 6.53006e+06 3954.6 413824
0.000599057 8.28914e+06 4965.67 520320
0.000602143 1.0389e+07 6255.64 653440
0.000612262 1.28369e+07 7859.53 821504
0.000602102 1.63732e+07 9858.32 1032832
0.00061637 2.02073e+07 12455.1 1299072
0.000623553 2.50764e+07 15636.5 1633536
0.000624365 3.14336e+07 19626 2056192
0.000626229 3.96437e+07 24826 2587008
0.000630266 4.94617e+07 31174.1 3255936
0.000632471 6.18324e+07 39107.2 4097920
0.000641638 7.71854e+07 49525.1 5157888
0.000659041 9.4328e+07 62166 6492416
0.0006793 1.14792e+08 77978 8173056
0.00067892 1.45558e+08 98822.1 10288000
0.000700801 1.76937e+08 123998 12950400
0.000728825 2.13328e+08 155479 16301696
0.00076258 2.58568e+08 197179 20521600
0.000834718 2.96304e+08 247330 25834752
0.000907537 3.41645e+08 310056 32522368
0.00119221 3.30016e+08 393448 40942208
0.00190475 2.58989e+08 493308 51541888
0.00294841 2.09685e+08 618238 64885504
0.00419838 1.86887e+08 784624 81685248
0.00573718 1.71466e+08 983730 102834688
0.00762523 1.61627e+08 1.23244e+06 129460352
0.00996255 1.5695e+08 1.56362e+06 162979968
0.0129066 1.51924e+08 1.96083e+06 205179008
0.0166116 1.47813e+08 2.4554e+06 258303872
0.0212653 1.46421e+08 3.11368e+06 325183360
0.0270778 1.44202e+08 3.90468e+06 409380096
0.0344315 1.41906e+08 4.88603e+06 515378560
0.0437366 1.4155e+08 6.19094e+06 648821376
0.0552676 1.40421e+08 7.76071e+06 816817152
0.0698875 1.38788e+08 9.69956e+06 1028311552
0.0884521 1.38745e+08 1.22723e+07 1294566528
0.111589 1.37706e+08 1.53664e+07 1629761024
