# filename: ./acpphint-ThreadRipper1950X-131072MiB-threads_32-LP64-FreeBSD_13_r363590M_64bit-g++_10_O3lto-libc++-cpulockdown-DSIZE_d-ISIZE_ul-using_8_threads-cpus_kx2s_0_6_16_22.txt
# acpphint_main version: 0.1.23

0.000310354 99885.9 31 3904
0.000306176 127378 39 4736
0.000305265 153965 47 5568
0.00030819 178461 55 6400
0.000306738 205387 63 7232
0.000310333 254565 79 8896
0.000307268 309176 95 10560
0.000304332 389487 118.533 13056
0.000307478 460016 141.445 15552
0.000305385 568880 173.727 18880
0.000309523 691917 214.164 23040
0.000305485 856774 261.732 28032
0.000308641 1.05608e+06 325.949 34688
0.000310223 1.30556e+06 405.014 43008
0.000304793 1.67655e+06 511 53824
0.000309462 2.06487e+06 639 67136
0.000309502 2.57147e+06 795.874 83776
0.000311957 3.19479e+06 996.638 104576
0.000306347 4.08167e+06 1250.41 131200
0.000308841 5.08565e+06 1570.66 164480
0.000315063 6.27566e+06 1977.23 206912
0.000314241 7.90238e+06 2483.25 260160
0.000316004 9.89803e+06 3127.82 326720
0.000317327 1.23854e+07 3930.22 410752
0.000325933 1.51284e+07 4930.85 516416
0.000329922 1.88768e+07 6227.86 649536
0.000328509 2.38038e+07 7819.77 816768
0.000328829 2.98555e+07 9817.34 1028096
0.000330012 3.76163e+07 12413.8 1293504
0.00033998 4.58581e+07 15590.8 1627968
0.00034512 5.66861e+07 19563.5 2048960
0.000351563 7.04409e+07 24764.4 2578944
0.000387051 8.03299e+07 31091.8 3246208
0.000368004 1.06007e+08 39011 4086528
0.000391389 1.26257e+08 49415.5 5144000
0.000412129 1.50484e+08 62019 6475200
0.000445693 1.74534e+08 77788.6 8150848
0.00048604 2.02868e+08 98601.7 10260800
0.000540043 2.29081e+08 123714 12917376
0.000597143 2.59806e+08 155141 16261184
0.000682517 2.88292e+08 196764 20471104
0.000788459 3.12993e+08 246782 25770944
0.000914791 3.38218e+08 309399 32442752
0.0012715 3.08667e+08 392471 40842624
0.00176108 2.79512e+08 492243 51417344
0.00281263 2.1936e+08 616979 64730176
0.004056 1.92913e+08 782456 81489984
0.00549171 1.7875e+08 981645 102589504
0.00737408 1.66798e+08 1.22998e+06 129151936
0.00959674 1.62491e+08 1.55938e+06 162591680
0.0123613 1.58292e+08 1.9567e+06 204690048
0.0159668 1.53479e+08 2.45057e+06 257689280
0.0204076 1.52168e+08 3.10539e+06 324410688
0.025994 1.49901e+08 3.89653e+06 408408576
0.0330028 1.47763e+08 4.8766e+06 514155776
0.0419417 1.47224e+08 6.17482e+06 647283264
0.052945 1.46278e+08 7.7447e+06 814880512
0.06708 1.44323e+08 9.68119e+06 1025873216
0.0849887 1.4403e+08 1.22409e+07 1291497536
0.106883 1.43474e+08 1.53349e+07 1625898304
