# filename: ./acpphint-ThreadRipper1950X-131072MiB-threads_32-LP64-FreeBSD_13_r363590M_64bit-g++_10_O3lto-libc++-DSIZE_d-ISIZE_ull-using_16_threads-cpus_kx2s_0_30.txt
# acpphint_main version: 0.1.23

0.000495509 127142 63 7808
0.00049668 159056 79 9472
0.000495438 191750 95 11136
0.000536066 207064 111 12800
0.000494637 256754 127 14464
0.00052785 301222 159 17792
0.000492062 388162 191 21120
0.000510387 466313 238 26112
0.000493965 574265 283.667 31104
0.000497993 699353 348.273 37760
0.000502472 854186 429.204 46080
0.000494036 1.06125e+06 524.295 56064
0.000492332 1.32585e+06 652.757 69376
0.000494697 1.63888e+06 810.749 86016
0.000497412 2.05664e+06 1023 107648
0.000494817 2.58479e+06 1279 134272
0.000492082 3.23587e+06 1592.32 167552
0.00049108 4.06028e+06 1993.92 209152
0.000490649 5.09752e+06 2501.09 262400
0.000494736 6.35029e+06 3141.72 328960
0.000499015 7.92481e+06 3954.6 413824
0.000497062 9.99004e+06 4965.67 520320
0.000518993 1.20534e+07 6255.64 653440
0.000498324 1.57719e+07 7859.53 821504
0.000499045 1.97544e+07 9858.32 1032832
0.000499847 2.49179e+07 12455.1 1299072
0.000507912 3.07858e+07 15636.5 1633536
0.0005117 3.83546e+07 19626 2056192
0.000512601 4.84315e+07 24826 2587008
0.000519975 5.9953e+07 31174.1 3255936
0.00054835 7.1318e+07 39107.2 4097920
0.000569981 8.6889e+07 49525.1 5157888
0.000607292 1.02366e+08 62166 6492416
0.000635617 1.22681e+08 77978 8173056
0.000684931 1.4428e+08 98822.1 10288000
0.000737401 1.68155e+08 123998 12950400
0.000815931 1.90554e+08 155479 16301696
0.000892999 2.20805e+08 197179 20521600
0.00103788 2.38304e+08 247330 25834752
0.00112314 2.76062e+08 310056 32522368
0.00132421 2.97118e+08 393448 40942208
0.00190399 2.59091e+08 493308 51541888
0.00286277 2.15958e+08 618238 64885504
0.00418432 1.87515e+08 784624 81685248
0.00570327 1.72485e+08 983730 102834688
0.00757818 1.6263e+08 1.23244e+06 129460352
0.00986364 1.58524e+08 1.56362e+06 162979968
0.0128621 1.5245e+08 1.96083e+06 205179008
0.0165556 1.48312e+08 2.4554e+06 258303872
0.0211543 1.47189e+08 3.11368e+06 325183360
0.0269694 1.44782e+08 3.90468e+06 409380096
0.0343298 1.42326e+08 4.88603e+06 515378560
0.0435829 1.4205e+08 6.19094e+06 648821376
0.0551901 1.40618e+08 7.76071e+06 816817152
0.0699229 1.38718e+08 9.69956e+06 1028311552
0.0882778 1.39019e+08 1.22723e+07 1294566528
0.11141 1.37927e+08 1.53664e+07 1629761024
