# filename: ./acpphint-ThreadRipper1950X-131072MiB-threads_32-LP64-FreeBSD_13_r363590M_64bit-g++_10_O3lto-libc++-DSIZE_ull-ISIZE_ull-using_4_threads-cpus_kx16_kx16p4_0_4_16_20.txt
# acpphint_main version: 0.1.23

0.000128766 116490 15 1952
0.000128025 148409 19 2368
0.000128897 178437 23 2784
0.000128456 210189 27 3200
0.000128535 241179 31 3616
0.000128566 303346 39 4448
0.000128977 364406 47 5280
0.000128416 457887 58.8001 6528
0.000128075 549161 70.3339 7776
0.000129167 669326 86.4548 9440
0.000128186 831945 106.644 11520
0.000126752 1.02919e+06 130.451 14016
0.000128316 1.26676e+06 162.546 17344
0.000127705 1.58292e+06 202.147 21504
0.000128175 1.98947e+06 255 26912
0.000128806 2.47659e+06 319 33568
0.000128587 3.0925e+06 397.655 41888
0.000128557 3.87372e+06 497.994 52288
0.000129718 4.81859e+06 625.057 65600
0.00013101 5.99288e+06 785.128 82240
0.000131071 7.54201e+06 988.539 103456
0.000131752 9.427e+06 1242.03 130080
0.000132774 1.17787e+07 1563.9 163360
0.00013546 1.45102e+07 1965.55 205376
0.000147642 1.67098e+07 2467.07 258208
0.000175646 1.773e+07 3114.2 324768
0.000174374 2.2431e+07 3911.39 408384
0.000178211 2.75677e+07 4912.88 514048
0.000172811 3.59215e+07 6207.63 646752
0.000178281 4.3746e+07 7799.08 813984
0.000188601 5.19156e+07 9791.33 1024480
0.000193971 6.38433e+07 12383.7 1289472
0.000211475 7.35505e+07 15554.1 1623104
0.000225722 8.65062e+07 19526.4 2043264
0.000241793 1.02198e+08 24710.8 2572000
0.000265588 1.16826e+08 31027.5 3237600
0.000296487 1.31336e+08 38939.5 4075424
0.000331764 1.48623e+08 49307.6 5130400
0.000406738 1.52179e+08 61897.1 6458688
0.000478205 1.62419e+08 77669.8 8130592
0.000562246 1.75013e+08 98400.6 10235552
0.000670663 1.84125e+08 123486 12885472
0.000815801 1.89905e+08 154925 16221376
0.00103207 1.9021e+08 196309 20421312
0.0012849 1.91739e+08 246365 25708672
0.00170618 1.81127e+08 309034 32365088
0.00230631 1.69766e+08 391534 40744992
0.00302239 1.62626e+08 491521 51294752
0.00393736 1.56559e+08 616428 64575968
0.00508446 1.53582e+08 780880 81295840
0.00638374 1.53606e+08 980581 102345024
0.008132 1.51194e+08 1.22951e+06 128844640
0.0103571 1.50359e+08 1.55728e+06 162205344
0.0131496 1.48754e+08 1.95606e+06 204204288
0.016674 1.47058e+08 2.45204e+06 257077888
0.0211131 1.4707e+08 3.10511e+06 323641632
0.0267853 1.45644e+08 3.90112e+06 407440256
0.033824 1.44537e+08 4.88881e+06 512936608
0.0435754 1.42035e+08 6.18922e+06 645748768
0.0557606 1.39468e+08 7.77683e+06 812949152
0.0688321 1.4153e+08 9.7418e+06 1023442240
0.0873476 1.41136e+08 1.23279e+07 1288437152
0.10802 1.43392e+08 1.54893e+07 1622045856
0.135516 1.43087e+08 1.93906e+07 2042034464
0.172038 1.42531e+08 2.45206e+07 2570768800
0.218128 1.41182e+08 3.07956e+07 3236405824
0.275533 1.39768e+08 3.85106e+07 4074393312
0.341613 1.42371e+08 4.86359e+07 5129356832
0.437544 1.39443e+08 6.10123e+07 6457477184
0.556314 1.36881e+08 7.61488e+07 8129481856
0.694305 1.38175e+08 9.59359e+07 10234411072
0.876044 1.3703e+08 1.20044e+08 12884359776
1.10354 1.35277e+08 1.49284e+08 16220447648
