# filename: ./acpphint-ThreadRipper1950X-131072MiB-threads_32-LP64-FreeBSD_main_n247756_348c41d1815d_64bit-g++_11_O3lto-libc++-DSIZE_ull-ISIZE_ull-using_4_threads-cpus_kx8s_0_24.txt
# acpphint_main version: 0.1.24

9.959e-05 150618 15 1952
0.000101003 188113 19 2368
0.000102216 225014 23 2784
0.000102977 262194 27 3200
0.000100703 307836 31 3616
0.00010413 374532 39 4448
0.000101084 464960 47 5280
0.000103879 566044 58.8001 6528
9.9961e-05 703613 70.3339 7776
9.9189e-05 871617 86.4548 9440
0.000106063 1.00548e+06 106.644 11520
0.000101204 1.28899e+06 130.451 14016
0.000103168 1.57555e+06 162.546 17344
0.000105131 1.92281e+06 202.147 21504
0.000100843 2.52868e+06 255 26912
0.000105812 3.01478e+06 319 33568
0.000106685 3.72737e+06 397.655 41888
9.8278e-05 5.06719e+06 497.994 52288
0.000105492 5.92516e+06 625.057 65600
0.000106574 7.36697e+06 785.128 82240
0.000108357 9.12298e+06 988.539 103456
0.000113267 1.09655e+07 1242.03 130080
0.000111553 1.40194e+07 1563.9 163360
0.000108969 1.80377e+07 1965.55 205376
0.000116623 2.11543e+07 2467.07 258208
0.000113908 2.73397e+07 3114.2 324768
0.00012034 3.25028e+07 3911.39 408384
0.000121452 4.04512e+07 4912.88 514048
0.00012041 5.15541e+07 6207.63 646752
0.000124458 6.26644e+07 7799.08 813984
0.000132263 7.40292e+07 9791.33 1024480
0.000144507 8.56965e+07 12383.7 1289472
0.000158313 9.82489e+07 15554.1 1623104
0.000180104 1.08417e+08 19526.4 2043264
0.000208038 1.1878e+08 24710.8 2572000
0.000251601 1.2332e+08 31027.5 3237600
0.000336624 1.15677e+08 38939.5 4075424
0.000432417 1.14028e+08 49307.6 5130400
0.000534582 1.15786e+08 61897.1 6458688
0.000694358 1.11858e+08 77669.8 8130592
0.000894061 1.1006e+08 98400.6 10235552
0.00113135 1.09149e+08 123486 12885472
0.00146892 1.05468e+08 154925 16221376
0.00183145 1.07188e+08 196309 20421312
0.00233844 1.05354e+08 246365 25708672
0.00299898 1.03046e+08 309034 32365088
0.00326899 1.19772e+08 391534 40744992
0.00316972 1.55068e+08 491521 51294752
0.00362445 1.70075e+08 616428 64575968
0.00463306 1.68545e+08 780880 81295840
0.00606228 1.61751e+08 980581 102345024
0.00817707 1.50361e+08 1.22951e+06 128844640
0.0103995 1.49746e+08 1.55728e+06 162205344
0.0126659 1.54435e+08 1.95606e+06 204204288
0.0161916 1.51439e+08 2.45204e+06 257077888
0.0206608 1.5029e+08 3.10511e+06 323641632
0.0262598 1.48558e+08 3.90112e+06 407440256
0.0329817 1.48228e+08 4.88881e+06 512936608
0.0417224 1.48343e+08 6.18922e+06 645748768
0.0533531 1.45761e+08 7.77683e+06 812949152
0.0686166 1.41974e+08 9.7418e+06 1023442240
0.087943 1.40181e+08 1.23279e+07 1288437152
0.106787 1.45048e+08 1.54893e+07 1622045856
0.137637 1.40882e+08 1.93906e+07 2042034464
0.175725 1.3954e+08 2.45206e+07 2570768800
0.21545 1.42936e+08 3.07956e+07 3236405824
0.269402 1.42949e+08 3.85106e+07 4074393312
0.34014 1.42988e+08 4.86359e+07 5129356832
0.436561 1.39757e+08 6.10123e+07 6457477184
0.556822 1.36756e+08 7.61488e+07 8129481856
0.70148 1.36762e+08 9.59359e+07 10234411072
0.878403 1.36662e+08 1.20044e+08 12884359776
1.09325 1.3655e+08 1.49284e+08 16220447648
