# filename: ./acpphint-ThreadRipper1950X-131072MiB-threads_32-LP64-FreeBSD_13_r363590M_64bit-g++_10_O3lto-libc++-DSIZE_d-ISIZE_ul-using_4_threads-cpus_kx4_kx4p1_0_5.txt
# acpphint_main version: 0.1.23

0.000128456 116772 15 1952
0.000127845 148617 19 2368
0.000127955 179751 23 2784
0.000128065 210830 27 3200
0.000127825 242519 31 3616
0.000127685 305439 39 4448
0.000128156 366741 47 5280
0.000127845 459932 58.8001 6528
0.000127574 551318 70.3338 7776
0.000129016 670109 86.4548 9440
0.000128135 832276 106.644 11520
0.000127915 1.01983e+06 130.451 14016
0.000127363 1.27624e+06 162.546 17344
0.000131893 1.53266e+06 202.147 21504
0.000134717 1.89286e+06 255 26912
0.000128736 2.47794e+06 319 33568
0.000127794 3.11168e+06 397.655 41888
0.000128486 3.87586e+06 497.994 52288
0.000129358 4.83199e+06 625.057 65600
0.000129858 6.04605e+06 785.127 82240
0.000131702 7.50587e+06 988.538 103456
0.000131983 9.41049e+06 1242.02 130080
0.000133385 1.17247e+07 1563.9 163360
0.000135769 1.44771e+07 1965.54 205376
0.000142031 1.73699e+07 2467.07 258208
0.000145929 2.13405e+07 3114.2 324768
0.000147543 2.65101e+07 3911.38 408384
0.000155929 3.1507e+07 4912.86 514048
0.000163984 3.7855e+07 6207.61 646752
0.000173993 4.48239e+07 7799.04 813984
0.000188381 5.19758e+07 9791.26 1024480
0.000206014 6.01106e+07 12383.6 1289472
0.000222135 7.002e+07 15553.9 1623104
0.000243957 8.0039e+07 19526.1 2043264
0.000273984 9.01891e+07 24710.4 2572000
0.000310073 1.00063e+08 31026.7 3237600
0.000353917 1.10021e+08 38938.4 4075424
0.000418972 1.17683e+08 49305.7 5130400
0.000497682 1.24365e+08 61894.1 6458688
0.000598706 1.29722e+08 77665.1 8130592
0.000755175 1.30292e+08 98393.2 10235552
0.000939537 1.3142e+08 123474 12885472
0.00128957 1.20123e+08 154906 16221376
0.00172208 1.13979e+08 196280 20421312
0.00225301 1.09328e+08 246318 25708672
0.00294525 1.04902e+08 308961 32365088
0.00378606 1.03384e+08 391417 40744992
0.00485047 1.01297e+08 491336 51294752
0.00622304 9.90092e+07 616138 64575968
0.00793942 9.82962e+07 780415 81295840
0.0101132 9.68877e+07 979847 102345024
0.0127806 9.61109e+07 1.22836e+06 128844640
0.0161886 9.60816e+07 1.55543e+06 162205344
0.0204472 9.55214e+07 1.95315e+06 204204288
0.0258716 9.46005e+07 2.44746e+06 257077888
0.0326229 9.49566e+07 3.09776e+06 323641632
0.0411615 9.4494e+07 3.88952e+06 407440256
0.0519984 9.36686e+07 4.87062e+06 512936608
0.0659549 9.33984e+07 6.16009e+06 645748768
0.0830857 9.30466e+07 7.73084e+06 812949152
0.104401 9.26216e+07 9.66976e+06 1023442240
0.132237 9.23546e+07 1.22127e+07 1288437152
0.165925 9.22583e+07 1.53079e+07 1622045856
