# filename: ./acpphint-ThreadRipper1950X-131072MiB-threads_32-LP64-FreeBSD_13_r363590M_64bit-g++_10_O3lto-libc++-DSIZE_d-ISIZE_ul-using_8_threads.txt
# acpphint_main version: 0.1.23

0.000245811 126113 31 3904
0.000244758 159341 39 4736
0.000245229 191658 47 5568
0.000243626 225756 55 6400
0.000243907 258295 63 7232
0.000244367 323284 79 8896
0.000243697 389828 95 10560
0.000246412 481037 118.533 13056
0.000244818 577755 141.445 15552
0.000244718 709909 173.727 18880
0.000244368 876400 214.164 23040
0.000244338 1.07119e+06 261.732 28032
0.000245109 1.32981e+06 325.949 34688
0.000246492 1.64311e+06 405.014 43008
0.000246442 2.07351e+06 511 53824
0.000246061 2.59692e+06 639 67136
0.000247383 3.21717e+06 795.874 83776
0.000247644 4.02448e+06 996.638 104576
0.000246782 5.06685e+06 1250.41 131200
0.000248074 6.3314e+06 1570.66 164480
0.000249918 7.91151e+06 1977.23 206912
0.000249297 9.96102e+06 2483.25 260160
0.000251922 1.24158e+07 3127.82 326720
0.000253405 1.55096e+07 3930.22 410752
0.000255038 1.93338e+07 4930.85 516416
0.000255169 2.44068e+07 6227.86 649536
0.000259316 3.01554e+07 7819.77 816768
0.000264906 3.70597e+07 9817.34 1028096
0.000267552 4.63978e+07 12413.8 1293504
0.000272512 5.72116e+07 15590.8 1627968
0.000277852 7.04098e+07 19563.5 2048960
0.000293281 8.44392e+07 24764.4 2578944
0.000317036 9.80702e+07 31091.8 3246208
0.000338387 1.15285e+08 39011 4086528
0.000400386 1.2342e+08 49415.5 5144000
0.00041767 1.48488e+08 62019 6475200
0.000467925 1.66242e+08 77788.6 8150848
0.000559861 1.76118e+08 98601.7 10260800
0.000671004 1.84371e+08 123714 12917376
0.000926092 1.67523e+08 155141 16261184
0.00130064 1.51283e+08 196764 20471104
0.00143118 1.72433e+08 246782 25770944
0.00170607 1.81352e+08 309399 32442752
0.00193328 2.03008e+08 392471 40842624
0.00265041 1.85723e+08 492243 51417344
0.00347448 1.77575e+08 616979 64730176
0.00461376 1.69592e+08 782456 81489984
0.00628075 1.56294e+08 981645 102589504
0.00830893 1.48031e+08 1.22998e+06 129151936
0.0102289 1.52448e+08 1.55938e+06 162591680
0.0131996 1.48239e+08 1.9567e+06 204690048
0.0164842 1.48662e+08 2.45057e+06 257689280
0.0216148 1.4367e+08 3.10539e+06 324410688
0.0275442 1.41465e+08 3.89653e+06 408408576
0.0338676 1.4399e+08 4.8766e+06 514155776
0.0430365 1.43478e+08 6.17482e+06 647283264
0.0543501 1.42497e+08 7.7447e+06 814880512
0.0686971 1.40926e+08 9.68119e+06 1025873216
0.0866875 1.41208e+08 1.22409e+07 1291497536
0.112115 1.36779e+08 1.53349e+07 1625898304
