# filename: ./acpphint-ThreadRipper1950X-131072MiB-threads_32-LP64-FreeBSD_13_r363590M_64bit-g++_10_O3lto-libc++-DSIZE_d-ISIZE_ull-using_4_threads-cpus_kx2s_0_6.txt
# acpphint_main version: 0.1.23

0.000127213 117912 15 1952
0.000128065 148362 19 2368
0.000127364 180585 23 2784
0.000127294 212107 27 3200
0.000127434 243263 31 3616
0.000127354 306233 39 4448
0.000127524 368558 47 5280
0.000127905 459717 58.8001 6528
0.000127504 551621 70.3338 7776
0.000127875 676089 86.4548 9440
0.000127564 836001 106.644 11520
0.000127083 1.02651e+06 130.451 14016
0.000126983 1.28006e+06 162.546 17344
0.000127223 1.58892e+06 202.147 21504
0.000127414 2.00135e+06 255 26912
0.000127965 2.49287e+06 319 33568
0.000128947 3.08386e+06 397.655 41888
0.000128636 3.87134e+06 497.994 52288
0.000129548 4.82491e+06 625.057 65600
0.000130059 6.0367e+06 785.127 82240
0.000129939 7.60771e+06 988.538 103456
0.00013083 9.49343e+06 1242.02 130080
0.000131542 1.1889e+07 1563.9 163360
0.000133736 1.46972e+07 1965.54 205376
0.00013588 1.81562e+07 2467.07 258208
0.000137263 2.26878e+07 3114.2 324768
0.000142062 2.75329e+07 3911.38 408384
0.000144847 3.39176e+07 4912.86 514048
0.000148845 4.17052e+07 6207.61 646752
0.000155728 5.00812e+07 7799.04 813984
0.000165998 5.89842e+07 9791.26 1024480
0.000181467 6.82418e+07 12383.6 1289472
0.000190314 8.17276e+07 15553.9 1623104
0.000204151 9.56452e+07 19526.1 2043264
0.000226634 1.09032e+08 24710.4 2572000
0.000247895 1.25161e+08 31026.7 3237600
0.000278062 1.40035e+08 38938.4 4075424
0.000322227 1.53016e+08 49305.7 5130400
0.000374788 1.65144e+08 61894.1 6458688
0.000441856 1.7577e+08 77665.1 8130592
0.000561314 1.75291e+08 98393.2 10235552
0.000734656 1.6807e+08 123474 12885472
0.00108076 1.43331e+08 154906 16221376
0.00153711 1.27694e+08 196280 20421312
0.00210727 1.1689e+08 246318 25708672
0.00279912 1.10378e+08 308961 32365088
0.00365588 1.07065e+08 391417 40744992
0.00475657 1.03296e+08 491336 51294752
0.00612413 1.00608e+08 616138 64575968
0.00781183 9.99018e+07 780415 81295840
0.00994942 9.84829e+07 979847 102345024
0.0126978 9.67374e+07 1.22836e+06 128844640
0.0161811 9.61263e+07 1.55543e+06 162205344
0.0204469 9.5523e+07 1.95315e+06 204204288
0.0257288 9.51254e+07 2.44746e+06 257077888
0.0325637 9.51291e+07 3.09776e+06 323641632
0.041066 9.47139e+07 3.88952e+06 407440256
0.0520285 9.36143e+07 4.87062e+06 512936608
0.0654783 9.40783e+07 6.16009e+06 645748768
0.0826248 9.35656e+07 7.73084e+06 812949152
0.103996 9.29824e+07 9.66976e+06 1023442240
0.131205 9.30811e+07 1.22127e+07 1288437152
0.164877 9.28444e+07 1.53079e+07 1622045856
