# filename: ./acpphint-ThreadRipper1950X-131072MiB-threads_32-LP64-FreeBSD_main_n247756_348c41d1815d_64bit-g++_11_O3lto-libc++-DSIZE_ul-ISIZE_ul-using_8_threads-cpus_kx4_kx4p1_0_13.txt
# acpphint_main version: 0.1.24

0.000147592 210038 31 3904
0.000147231 264890 39 4736
0.00014101 333310 47 5568
0.000148064 371461 55 6400
0.00014122 446112 63 7232
0.000141822 557036 79 8896
0.000146791 647179 95 10560
0.000143284 827262 118.533 13056
0.000142172 994885 141.445 15552
0.000146962 1.18212e+06 173.727 18880
0.000143715 1.4902e+06 214.164 23040
0.000150148 1.74316e+06 261.732 28032
0.000142363 2.28956e+06 325.949 34688
0.000146139 2.77143e+06 405.014 43008
0.000142743 3.57986e+06 511 53824
0.000155287 4.11496e+06 639 67136
0.000148263 5.36799e+06 795.875 83776
0.000152091 6.55291e+06 996.639 104576
0.000153183 8.16284e+06 1250.41 131200
0.000161208 9.74305e+06 1570.66 164480
0.000158793 1.24516e+07 1977.23 206912
0.000163302 1.52065e+07 2483.26 260160
0.000170286 1.83681e+07 3127.82 326720
0.000173822 2.26106e+07 3930.23 410752
0.000174434 2.82678e+07 4930.87 516416
0.000188551 3.30303e+07 6227.89 649536
0.000184904 4.22912e+07 7819.82 816768
0.000194913 5.03682e+07 9817.41 1028096
0.000196946 6.30321e+07 12413.9 1293504
0.000208258 7.4864e+07 15591 1627968
0.000218769 8.94268e+07 19563.8 2048960
0.000237424 1.04307e+08 24764.9 2578944
0.000259176 1.19967e+08 31092.5 3246208
0.000287059 1.35903e+08 39012.1 4086528
0.000328278 1.50535e+08 49417.3 5144000
0.000374807 1.65477e+08 62022 6475200
0.000441825 1.76073e+08 77793.3 8150848
0.000527309 1.87005e+08 98609.2 10260800
0.000625887 1.9768e+08 123726 12917376
0.000760504 2.04022e+08 155160 16261184
0.000989292 1.98924e+08 196794 20471104
0.00127122 1.94167e+08 246829 25770944
0.00176743 1.75097e+08 309472 32442752
0.0023612 1.66267e+08 392589 40842624
0.00314922 1.56365e+08 492428 51417344
0.00409634 1.50688e+08 617270 64730176
0.00529874 1.47756e+08 782923 81489984
0.00684369 1.43546e+08 982382 102589504
0.00877498 1.40301e+08 1.23114e+06 129151936
0.0111798 1.39648e+08 1.56124e+06 162591680
0.0142222 1.37786e+08 1.95962e+06 204690048
0.0180602 1.35943e+08 2.45516e+06 257689280
0.022892 1.35976e+08 3.11277e+06 324410688
0.0289858 1.34831e+08 3.90817e+06 408408576
0.0366755 1.33464e+08 4.89484e+06 514155776
0.0463691 1.33798e+08 6.20409e+06 647283264
0.0584903 1.33199e+08 7.79083e+06 814880512
0.0738729 1.3203e+08 9.75343e+06 1025873216
0.0931937 1.32592e+08 1.23567e+07 1291497536
0.1175 1.32059e+08 1.5517e+07 1625898304
0.148002 1.31168e+08 1.9413e+07 2046884480
0.186484 1.31788e+08 2.45763e+07 2576874304
0.235114 1.31215e+08 3.08505e+07 3244091712
0.295941 1.30275e+08 3.85537e+07 4084068928
0.373 1.30678e+08 4.87428e+07 5141537600
0.469376 1.30216e+08 6.11202e+07 6472811648
0.59089 1.2901e+08 7.62307e+07 8148786624
0.744203 1.29184e+08 9.61392e+07 10258713664
0.936529 1.28403e+08 1.20253e+08 12914954368
1.17855 1.26797e+08 1.49437e+08 16258963712
