# filename: ./acpphint-ThreadRipper1950X-131072MiB-threads_32-LP64-FreeBSD_13_r363590M_64bit-g++_10_O3lto-libc++-DSIZE_d-ISIZE_ui-using_8_threads-cpus_kx2s_0_6_16_22.txt
# acpphint_main version: 0.1.23

0.000247564 125214 30.9985 3648
0.000248455 156962 38.9981 4416
0.000248756 188931 46.9978 5184
0.000248857 220998 54.997 5952
0.000248195 253813 62.9951 6720
0.000247333 319377 78.9924 8256
0.000247002 384572 94.9901 9792
0.000248706 476539 118.518 12096
0.000248937 568122 141.427 14400
0.000249508 696134 173.691 17472
0.000248676 860985 214.106 21312
0.000249337 1.04938e+06 261.649 25920
0.000252253 1.29167e+06 325.828 32064
0.000250349 1.61699e+06 404.813 39744
0.000249688 2.0453e+06 510.688 49728
0.000249297 2.5613e+06 638.524 62016
0.000249498 3.18699e+06 795.147 77376
0.000250649 3.97103e+06 995.336 96576
0.000250349 4.98623e+06 1248.3 121152
0.000250249 6.26294e+06 1567.29 151872
0.000250449 7.87292e+06 1971.77 191040
0.000253395 9.76514e+06 2474.44 240192
0.000254477 1.22364e+07 3113.88 301632
0.00025587 1.52734e+07 3908.02 379200
0.000258144 1.89652e+07 4895.74 476736
0.000264055 2.33726e+07 6171.66 599616
0.000264586 2.9225e+07 7732.52 753984
0.000272672 3.55007e+07 9680.04 949056
0.000274886 4.43555e+07 12192.7 1194048
0.000276519 5.51351e+07 15245.9 1502784
