# filename: ./acpphint-ThreadRipper1950X-131072MiB-threads_32-LP64-FreeBSD_13_r363590M_64bit-g++_10_O3lto-libc++-DSIZE_d-ISIZE_ul-using_16_threads-cpus_kx4_kx4p1_0_29.txt
# acpphint_main version: 0.1.23

0.000493103 127762 63 7808
0.000507021 155812 79 9472
0.000491942 193112 95 11136
0.000504506 220017 111 12800
0.000492403 257919 127 14464
0.000491331 323611 159 17792
0.000492753 387618 191 21120
0.000489918 485796 238 26112
0.000490629 578170 283.667 31104
0.000496641 701256 348.273 37760
0.000490729 874626 429.204 46080
0.000489777 1.07048e+06 524.295 56064
0.000494687 1.31953e+06 652.757 69376
0.00049101 1.65119e+06 810.749 86016
0.000494767 2.06764e+06 1023 107648
0.000488254 2.61954e+06 1279 134272
0.000494045 3.22302e+06 1592.32 167552
0.000492052 4.05226e+06 1993.92 209152
0.000487513 5.13031e+06 2501.09 262400
0.000492112 6.38415e+06 3141.72 328960
0.000494166 8.00257e+06 3954.6 413824
0.000490889 1.01157e+07 4965.67 520320
0.00049669 1.25947e+07 6255.64 653440
0.00051723 1.51954e+07 7859.53 821504
0.000534493 1.84442e+07 9858.32 1032832
0.00056469 2.20566e+07 12455.1 1299072
0.000563689 2.77395e+07 15636.5 1633536
0.00056412 3.47905e+07 19626 2056192
0.000581873 4.26657e+07 24826 2587008
0.000598004 5.21302e+07 31174.1 3255936
0.000631879 6.18903e+07 39107.2 4097920
0.000650185 7.61708e+07 49525.1 5157888
0.000686644 9.0536e+07 62166 6492416
0.000710119 1.0981e+08 77978 8173056
0.000753772 1.31103e+08 98822.1 10288000
0.000832033 1.4903e+08 123998 12950400
0.000916223 1.69696e+08 155479 16301696
0.000955428 2.06378e+08 197179 20521600
0.00111019 2.22781e+08 247330 25834752
0.00129554 2.39326e+08 310056 32522368
0.0015373 2.55934e+08 393448 40942208
0.00210755 2.34067e+08 493308 51541888
0.00315174 1.96158e+08 618238 64885504
0.00434881 1.80423e+08 784624 81685248
0.00584576 1.68281e+08 983730 102834688
0.00765529 1.60992e+08 1.23244e+06 129460352
0.00994116 1.57287e+08 1.56362e+06 162979968
0.0128463 1.52638e+08 1.96083e+06 205179008
0.0165067 1.48752e+08 2.4554e+06 258303872
0.0210412 1.4798e+08 3.11368e+06 325183360
0.026765 1.45887e+08 3.90468e+06 409380096
0.0339967 1.43721e+08 4.88603e+06 515378560
0.0430677 1.43749e+08 6.19094e+06 648821376
0.0545228 1.42339e+08 7.76071e+06 816817152
0.0689595 1.40656e+08 9.69956e+06 1028311552
0.0872097 1.40721e+08 1.22723e+07 1294566528
0.110079 1.39594e+08 1.53664e+07 1629761024
