# filename: ./acpphint-ThreadRipper1950X-131072MiB-threads_32-LP64-FreeBSD_main_n247756_348c41d1815d_64bit-g++_11_O3lto-libc++-DSIZE_ull-ISIZE_ull-using_2_threads-cpus_0_16.txt
# acpphint_main version: 0.1.24

5.2731e-05 132749 7 976
4.9395e-05 182205 9 1184
5.1548e-05 213393 11 1392
5.5145e-05 235742 13 1600
5.2751e-05 284355 15 1808
5.0747e-05 374406 19 2224
5.1708e-05 444805 23 2640
4.9454e-05 585057 28.9334 3264
5.1949e-05 669473 34.7785 3888
5.0727e-05 844098 42.8186 4720
5.1779e-05 1.02131e+06 52.8825 5760
5.3152e-05 1.21941e+06 64.8139 7008
5.3201e-05 1.51964e+06 80.8465 8672
5.2911e-05 1.90347e+06 100.715 10752
5.1679e-05 2.45748e+06 127 13456
5.1869e-05 3.06541e+06 159 16784
5.4374e-05 3.65152e+06 198.548 20944
5.6788e-05 4.37889e+06 248.668 26144
5.214e-05 5.99097e+06 312.369 32800
5.5566e-05 7.06131e+06 392.369 41120
5.4224e-05 9.11381e+06 494.187 51728
5.5436e-05 1.1209e+07 621.382 65040
5.8943e-05 1.32663e+07 781.955 81680
6.1648e-05 1.59485e+07 983.196 102688
5.9554e-05 2.07394e+07 1235.11 129104
6.6737e-05 2.33361e+07 1557.38 162384
6.9423e-05 2.81917e+07 1957.15 204192
7.3371e-05 3.35347e+07 2460.47 257024
7.7809e-05 3.98991e+07 3104.51 323376
8.6906e-05 4.49114e+07 3903.07 406992
9.6405e-05 5.08772e+07 4904.82 512240
0.000108187 5.72453e+07 6193.19 644736
0.000123386 6.30929e+07 7784.78 811552
0.000146691 6.66903e+07 9782.87 1021632
0.000175596 7.03748e+07 12357.5 1286000
0.000233036 6.6642e+07 15530 1618800
0.000300876 6.48485e+07 19511.4 2037712
0.000405456 6.08117e+07 24656.5 2565200
0.000526988 5.87907e+07 30982 3229344
0.000687856 5.65841e+07 38921.7 4065296
0.000885504 5.55642e+07 49202.3 5117776
0.0011335 5.45314e+07 61811.3 6442736
0.00145204 5.34715e+07 77642.6 8110688
0.00183984 5.33541e+07 98162.9 10210656
0.00233398 5.28376e+07 123322 12854336
0.00296479 5.22434e+07 154891 16182544
0.00325696 6.01209e+07 195811 20372496
0.00309817 7.94173e+07 246048 25647376
0.00333488 9.26548e+07 308992 32287984
0.00403018 9.69165e+07 390591 40647920
0.00509239 9.63975e+07 490894 51172512
0.00643821 9.57396e+07 616392 64422320
0.00815016 9.55928e+07 779097 81102672
0.0111327 8.79702e+07 979346 102102144
0.0129 9.53129e+07 1.22953e+06 128538944
0.0163941 9.4785e+07 1.55391e+06 161820816
0.0206442 9.46326e+07 1.95361e+06 203720128
0.0257598 9.51968e+07 2.45225e+06 256468304
0.0327071 9.47423e+07 3.09874e+06 322874384
0.0412411 9.44746e+07 3.89624e+06 406474576
0.0516564 9.46551e+07 4.88954e+06 511721120
0.0720961 8.56802e+07 6.17721e+06 644218576
0.0825077 9.41381e+07 7.76712e+06 811022928
0.102786 9.47972e+07 9.74384e+06 1021017232
0.130539 9.42659e+07 1.23053e+07 1285384400
0.164196 9.42159e+07 1.54699e+07 1618202912
0.209881 9.24133e+07 1.93958e+07 2037196656
0.263818 9.27846e+07 2.44783e+07 2564678416
0.33205 9.26276e+07 3.0757e+07 3228738592
0.457359 8.42289e+07 3.85229e+07 4064740928
0.573985 8.45964e+07 4.85571e+07 5117205536
0.719395 8.47044e+07 6.09359e+07 6442179888
0.897873 8.48411e+07 7.61765e+07 8110223824
1.05866 9.04834e+07 9.57909e+07 10210166656
