# filename: ./acpphint-ThreadRipper1950X-131072MiB-threads_32-LP64-FreeBSD_13_r363590M_64bit-g++_10_O3lto-libc++-cpulockdown-DSIZE_ui-ISIZE_ui-using_1_threads.txt
# acpphint_main version: 0.1.23

3.64e-08 2.74725e+07 1 176
5.815e-08 3.43928e+07 1.99994 228
7.01333e-08 4.27739e+07 2.99988 280
8.76667e-08 4.56244e+07 3.99974 332
1.032e-07 4.84458e+07 4.99961 384
1.24e-07 4.83828e+07 5.99947 436
1.36e-07 5.14652e+07 6.99927 488
1.68667e-07 5.33521e+07 8.99872 592
2.044e-07 5.38069e+07 10.9981 696
2.555e-07 5.47828e+07 13.997 852
3.07167e-07 5.53297e+07 16.9954 1008
3.7075e-07 5.66233e+07 20.9931 1216
4.535e-07 5.73091e+07 25.9897 1476
5.56e-07 5.75251e+07 31.9839 1788
6.815e-07 5.86577e+07 39.9752 2204
8.465e-07 5.90215e+07 49.9617 2724
1.062e-06 5.92651e+07 62.9395 3400
1.322e-06 5.96857e+07 78.9044 4232
1.653e-06 5.98004e+07 98.8501 5272
2.064e-06 5.99648e+07 123.767 6572
2.585e-06 6.02043e+07 155.628 8236
3.266e-06 5.98333e+07 195.415 10316
4.078e-06 6.03415e+07 246.073 12968
5.13e-06 6.03369e+07 309.528 16296
6.452e-06 6.02415e+07 388.678 20456
8.155e-06 5.98821e+07 488.339 25708
1.025e-05 5.98245e+07 613.201 32312
1.2935e-05 5.95163e+07 769.843 40632
1.6411e-05 5.88367e+07 965.569 51084
2.053e-05 5.89958e+07 1211.18 64292
2.5809e-05 5.87796e+07 1517.04 80880
3.2502e-05 5.84081e+07 1898.38 101784
4.0949e-05 5.7924e+07 2371.93 128096
5.1699e-05 5.72192e+07 2958.17 161220
6.4824e-05 5.67844e+07 3680.99 202924
8.1547e-05 5.60139e+07 4567.76 255444
0.000102797 5.49463e+07 5648.31 321536
0.000131852 5.27506e+07 6955.27 404736
0.000124508 6.84398e+07 8521.3 509464
0.000206084 5.03592e+07 10378.2 641336
0.00026119 4.80534e+07 12551.1 807372
0.000253976 5.92723e+07 15053.7 1016360
0.000320774 5.57642e+07 17887.7 1279480
0.000404093 5.20493e+07 21032.8 1610720
0.000521257 4.68995e+07 24446.7 2027708
0.00066905 4.19486e+07 28065.7 2552700
0.000858513 3.70478e+07 31806 3213620
