# filename: ./acpphint-ThreadRipper1950X-131072MiB-threads_32-LP64-FreeBSD_13_r363590M_64bit-g++_10_O3lto-libc++-DSIZE_ui-ISIZE_ui-using_4_threads-cpus_kx8s_0_24.txt
# acpphint_main version: 0.1.23

0.000174544 85918.6 14.9966 1120
0.000175185 108425 18.9944 1328
0.000173802 132288 22.9919 1536
0.000175817 153506 26.9889 1744
0.000173532 178557 30.9854 1952
0.000174705 223099 38.9766 2368
0.000174394 269311 46.9661 2784
0.000174023 337587 58.7479 3408
0.000175606 400084 70.2572 4032
0.000174704 494215 86.3413 4864
0.000175596 606338 106.47 5904
0.0001776 733057 130.191 7152
0.000175977 921392 162.144 8816
0.000176277 1.14323e+06 201.526 10896
0.000177079 1.43445e+06 254.012 13600
0.000176297 1.80067e+06 317.453 16928
0.000177179 2.23085e+06 395.259 21088
0.000178061 2.77571e+06 494.246 26288
0.000178802 3.46277e+06 619.15 32944
0.000177921 4.36064e+06 775.849 41264
0.000185054 5.26253e+06 973.853 51872
0.000190504 6.39832e+06 1218.91 65184
0.000184703 8.26985e+06 1527.47 81824
0.000190334 1.00265e+07 1908.38 102832
0.00018787 1.26553e+07 2377.55 129248
0.000187138 1.58865e+07 2972.96 162528
0.00018795 1.96399e+07 3691.32 204336
0.000194092 2.35472e+07 4570.33 257168
0.000195304 2.90352e+07 5670.69 323520
0.000199131 3.50016e+07 6969.9 407136
0.000208388 4.08792e+07 8518.73 512384
0.000224891 4.63153e+07 10415.9 644880
0.000231062 5.44062e+07 12571.2 811696
