# filename: ./acpphint-ThreadRipper1950X-131072MiB-threads_32-LP64-FreeBSD_13_r363590M_64bit-g++_10_O3lto-libc++-cpulockdown-DSIZE_ld-ISIZE_ul-using_4_threads-cpus_kx16_kx16p2_0_2_16_18.txt
# acpphint_main version: 0.1.23

0.000164956 90933.3 15 3360
0.000164425 115554 19 4128
0.000165537 138942 23 4896
0.000165597 163046 27 5664
0.000165867 186897 31 6432
0.000165907 235071 39 7968
0.000166679 281979 47 9504
0.00016704 352012 58.8001 11808
0.000167291 420428 70.3339 14112
0.000167922 514851 86.4548 17184
0.000170537 625341 106.644 21024
0.000168953 772116 130.451 25632
0.000172069 944657 162.546 31776
0.000175266 1.15337e+06 202.147 39456
0.000177751 1.43459e+06 255 49440
0.000179674 1.77544e+06 319 61728
0.000177981 2.23425e+06 397.655 77088
0.000178922 2.7833e+06 497.994 96288
0.000180605 3.46091e+06 625.057 120864
0.00018293 4.29196e+06 785.128 151584
0.000182089 5.42888e+06 988.539 190752
0.000188751 6.58024e+06 1242.03 239904
0.000194733 8.03102e+06 1563.9 301344
0.000200544 9.80108e+06 1965.55 378912
0.000216815 1.13787e+07 2467.08 476448
0.000218408 1.42587e+07 3114.21 599328
0.000232966 1.67895e+07 3911.39 753696
0.000248847 1.97426e+07 4912.88 948768
0.000268104 2.31539e+07 6207.64 1193760
0.000289684 2.69228e+07 7799.09 1502496
0.000320854 3.05165e+07 9791.35 1891104
0.000356763 3.47115e+07 12383.8 2380320
0.000403993 3.8501e+07 15554.1 2996256
0.00046484 4.20068e+07 19526.4 3771936
0.000541546 4.56304e+07 24711 4748064
0.000634775 4.88798e+07 31027.7 5976864
0.00075734 5.14166e+07 38939.8 7523616
0.000905884 5.44309e+07 49308.1 9471264
0.00109546 5.65041e+07 61897.9 11923488
0.00134335 5.78189e+07 77671 15010080
0.00163994 6.00038e+07 98402.6 18896160
0.00201814 6.11894e+07 123489 23788320
0.00251114 6.16971e+07 154930 29946912
0.00312424 6.28369e+07 196318 37700640
0.00399152 6.17252e+07 246377 47461920
0.00501667 6.16053e+07 309054 59750688
0.00646543 6.0563e+07 391566 75221280
0.00814309 6.03668e+07 491572 94697760
0.0104441 5.90292e+07 616508 119216928
0.013319 5.86388e+07 781008 150084384
0.0168103 5.83444e+07 980783 188944416
0.0213083 5.77159e+07 1.22983e+06 237866784
0.026782 5.81655e+07 1.55779e+06 299455776
0.0344293 5.68373e+07 1.95687e+06 376992288
0.0426754 5.74875e+07 2.4533e+06 474605088
0.0544271 5.70879e+07 3.10713e+06 597492000
0.067455 5.78803e+07 3.90432e+06 752197152
0.0848599 5.76696e+07 4.89384e+06 946959648
0.110301 5.61849e+07 6.19727e+06 1192151328
0.138208 5.63612e+07 7.78956e+06 1500828960
0.175791 5.55304e+07 9.76177e+06 1889431584
0.218811 5.64866e+07 1.23599e+07 2378652960
0.280015 5.54964e+07 1.55398e+07 2994545952
0.347863 5.59701e+07 1.94699e+07 3769909536
0.432093 5.70422e+07 2.46476e+07 4746034464
0.552969 5.6054e+07 3.09961e+07 5974902816
0.682821 5.68593e+07 3.88247e+07 7521956640
0.877953 5.59687e+07 4.91379e+07 9469581600
1.11364 5.54975e+07 6.18044e+07 11921496096
