# filename: ./acpphint-ThreadRipper1950X-131072MiB-threads_32-LP64-FreeBSD_13_r363590M_64bit-g++_10_O3lto-libc++-DSIZE_ld-ISIZE_ull-using_4_threads-cpus_kx8_kx8p2_0_2_8_10.txt
# acpphint_main version: 0.1.23

0.000126431 118642 15 3360
0.000126061 150721 19 4128
0.000126932 181199 23 4896
0.000126882 212796 27 5664
0.000127423 243284 31 6432
0.00012587 309843 39 7968
0.000126152 372566 47 9504
0.000125831 467294 58.8001 11808
0.000126111 557714 70.3339 14112
0.000126853 681536 86.4548 17184
0.00012572 848264 106.644 21024
0.000126372 1.03228e+06 130.451 25632
0.000128446 1.26548e+06 162.546 31776
0.000128766 1.56988e+06 202.147 39456
0.000129587 1.96779e+06 255 49440
0.000129979 2.45424e+06 319 61728
0.000130269 3.05257e+06 397.655 77088
0.000133355 3.73435e+06 497.994 96288
0.000165747 3.77115e+06 625.057 120864
0.000166087 4.72721e+06 785.128 151584
0.00016725 5.91055e+06 988.539 190752
0.000174644 7.11176e+06 1242.03 239904
0.000170205 9.18836e+06 1563.9 301344
0.000173341 1.13392e+07 1965.55 378912
0.000185445 1.33035e+07 2467.08 476448
0.000192979 1.61375e+07 3114.21 599328
0.000206775 1.89162e+07 3911.39 753696
0.000222045 2.21256e+07 4912.88 948768
0.000239999 2.58653e+07 6207.64 1193760
0.000263674 2.95785e+07 7799.09 1502496
0.000293842 3.33218e+07 9791.35 1891104
0.000332365 3.72596e+07 12383.8 2380320
0.000378734 4.10688e+07 15554.1 2996256
0.000441133 4.42643e+07 19526.4 3771936
0.000515405 4.79447e+07 24711 4748064
0.000610757 5.0802e+07 31027.7 5976864
0.000735216 5.29638e+07 38939.8 7523616
0.000886866 5.55982e+07 49308.1 9471264
0.00107761 5.744e+07 61897.9 11923488
0.00160254 4.84673e+07 77671 15010080
0.00195798 5.02571e+07 98402.6 18896160
0.00221776 5.56819e+07 123489 23788320
0.00263054 5.88966e+07 154930 29946912
0.00327372 5.99678e+07 196318 37700640
0.00427632 5.76144e+07 246377 47461920
0.00537949 5.74503e+07 309054 59750688
0.00667753 5.86394e+07 391566 75221280
0.00844703 5.81946e+07 491572 94697760
0.010776 5.72113e+07 616508 119216928
0.0135583 5.76036e+07 781008 150084384
0.0169799 5.77616e+07 980783 188944416
0.0215683 5.70201e+07 1.22983e+06 237866784
0.0275756 5.64914e+07 1.55779e+06 299455776
0.0345475 5.66429e+07 1.95687e+06 376992288
0.0440652 5.56744e+07 2.4533e+06 474605088
0.0552231 5.62652e+07 3.10713e+06 597492000
0.0702601 5.55695e+07 3.90432e+06 752197152
0.0881501 5.55171e+07 4.89384e+06 946959648
0.111182 5.57397e+07 6.19727e+06 1192151328
0.13714 5.68001e+07 7.78956e+06 1500828960
0.174432 5.59631e+07 9.76177e+06 1889431584
0.222051 5.56625e+07 1.23599e+07 2378652960
0.274662 5.6578e+07 1.55398e+07 2994545952
0.356541 5.46077e+07 1.94699e+07 3769909536
0.428081 5.75769e+07 2.46476e+07 4746034464
0.562142 5.51393e+07 3.09961e+07 5974902816
0.711098 5.45982e+07 3.88247e+07 7521956640
0.879561 5.58664e+07 4.91379e+07 9469581600
1.09827 5.62744e+07 6.18044e+07 11921496096
