# filename: ./acpphint-ThreadRipper1950X-131072MiB-threads_32-LP64-FreeBSD_13_r363590M_64bit-g++_10_O3lto-libc++-DSIZE_ull-ISIZE_ull-using_8_threads-cpus_kx2s_0_14.txt
# acpphint_main version: 0.1.23

0.00024556 126242 31 3904
0.00024552 158847 39 4736
0.000244839 191963 47 5568
0.00024556 223978 55 6400
0.000245671 256441 63 7232
0.00024563 321622 79 8896
0.000245259 387346 95 10560
0.00024591 482019 118.533 13056
0.0002457 575681 141.445 15552
0.000246963 703455 173.727 18880
0.000246111 870194 214.164 23040
0.000245861 1.06455e+06 261.732 28032
0.000245891 1.32558e+06 325.949 34688
0.000246943 1.64011e+06 405.014 43008
0.000247233 2.06688e+06 511 53824
0.000248545 2.57096e+06 639 67136
0.000248195 3.20665e+06 795.875 83776
0.000247373 4.02889e+06 996.639 104576
0.000249066 5.02039e+06 1250.41 131200
0.000248806 6.31278e+06 1570.66 164480
0.000249368 7.92897e+06 1977.23 206912
0.000250459 9.91482e+06 2483.26 260160
0.000252263 1.23991e+07 3127.82 326720
0.000254747 1.5428e+07 3930.23 410752
0.000254777 1.93537e+07 4930.87 516416
0.000258174 2.41228e+07 6227.89 649536
0.000260037 3.00719e+07 7819.82 816768
0.000266019 3.69049e+07 9817.41 1028096
0.000272571 4.55438e+07 12413.9 1293504
0.000274345 5.683e+07 15591 1627968
0.000283793 6.89369e+07 19563.8 2048960
0.000304202 8.14093e+07 24764.9 2578944
0.000332316 9.35631e+07 31092.5 3246208
0.000338819 1.15142e+08 39012.1 4086528
0.000360931 1.36916e+08 49417.3 5144000
0.000397431 1.56057e+08 62022 6475200
0.000427328 1.82046e+08 77793.3 8150848
0.00046549 2.1184e+08 98609.2 10260800
0.00051221 2.41552e+08 123726 12917376
0.000577255 2.68789e+08 155160 16261184
0.000706452 2.78567e+08 196794 20471104
0.00100943 2.44523e+08 246829 25770944
0.00153652 2.01411e+08 309472 32442752
0.00221725 1.77061e+08 392589 40842624
0.00303653 1.62168e+08 492428 51417344
0.00400165 1.54254e+08 617270 64730176
0.00519413 1.50732e+08 782923 81489984
0.00674021 1.4575e+08 982382 102589504
0.00866114 1.42145e+08 1.23114e+06 129151936
0.0111036 1.40607e+08 1.56124e+06 162591680
0.0141395 1.38592e+08 1.95962e+06 204690048
0.0179536 1.36751e+08 2.45516e+06 257689280
0.0228223 1.36392e+08 3.11277e+06 324410688
0.0289031 1.35217e+08 3.90817e+06 408408576
0.0365579 1.33893e+08 4.89484e+06 514155776
0.0462009 1.34285e+08 6.20409e+06 647283264
0.0583385 1.33545e+08 7.79083e+06 814880512
0.0737802 1.32196e+08 9.75343e+06 1025873216
0.0929091 1.32998e+08 1.23567e+07 1291497536
0.117244 1.32348e+08 1.5517e+07 1625898304
0.147806 1.31341e+08 1.9413e+07 2046884480
0.186377 1.31864e+08 2.45763e+07 2576874304
0.234812 1.31383e+08 3.08505e+07 3244091712
0.295718 1.30373e+08 3.85537e+07 4084068928
0.372873 1.30722e+08 4.87428e+07 5141537600
0.468754 1.30389e+08 6.11202e+07 6472811648
0.590324 1.29134e+08 7.62307e+07 8148786624
0.74408 1.29205e+08 9.61392e+07 10258713664
0.936686 1.28382e+08 1.20253e+08 12914954368
1.17753 1.26907e+08 1.49437e+08 16258963712
