# filename: ./acpphint-ThreadRipper1950X-131072MiB-threads_32-LP64-FreeBSD_main_n247756_348c41d1815d_64bit-g++_11_O3lto-libc++-cpulockdown-DSIZE_ul-ISIZE_ul-using_2_threads-cpus_0_8.txt
# acpphint_main version: 0.1.24

4.9795e-05 140576 7 976
5.0636e-05 177739 9 1184
5.1369e-05 214137 11 1392
5.1529e-05 252285 13 1600
5.0737e-05 295642 15 1808
4.9204e-05 386147 19 2224
5.0246e-05 457748 23 2640
5.0747e-05 570150 28.9334 3264
5.3172e-05 654075 34.7785 3888
4.6008e-05 930676 42.8186 4720
5.1228e-05 1.0323e+06 52.8825 5760
5.2029e-05 1.24573e+06 64.8139 7008
5.3032e-05 1.52448e+06 80.8465 8672
5.5997e-05 1.79857e+06 100.715 10752
5.2651e-05 2.41211e+06 127 13456
5.3883e-05 2.95084e+06 159 16784
5.4194e-05 3.66365e+06 198.548 20944
5.4224e-05 4.58595e+06 248.668 26144
6.1348e-05 5.09176e+06 312.369 32800
5.9063e-05 6.64322e+06 392.369 41120
6.0676e-05 8.14469e+06 494.187 51728
5.4895e-05 1.13195e+07 621.382 65040
6.6637e-05 1.17345e+07 781.955 81680
6.787e-05 1.44865e+07 983.196 102688
6.7599e-05 1.82712e+07 1235.11 129104
7.317e-05 2.12844e+07 1557.38 162384
6.799e-05 2.87859e+07 1957.15 204192
7.3821e-05 3.33303e+07 2460.47 257024
7.6928e-05 4.0356e+07 3104.51 323376
8.6235e-05 4.52609e+07 3903.07 406992
9.3339e-05 5.25484e+07 4904.82 512240
0.000108668 5.69919e+07 6193.19 644736
0.000124879 6.23386e+07 7784.78 811552
0.00015188 6.44119e+07 9782.87 1021632
0.000165918 7.44798e+07 12357.5 1286000
0.000199331 7.79105e+07 15530 1618800
0.000237995 8.19823e+07 19511.4 2037712
0.000281107 8.77121e+07 24656.5 2565200
0.000345481 8.96779e+07 30982 3229344
0.000415836 9.35987e+07 38921.7 4065296
0.000515075 9.55246e+07 49202.3 5117776
0.000644964 9.58368e+07 61811.3 6442736
0.000783469 9.91011e+07 77642.6 8110688
0.000973092 1.00877e+08 98162.9 10210656
0.00122502 1.00669e+08 123322 12854336
0.00155258 9.97635e+07 154891 16182544
0.00198085 9.88522e+07 195811 20372496
0.00248481 9.90207e+07 246048 25647376
0.00315097 9.80627e+07 308992 32287984
0.00399544 9.77591e+07 390591 40647920
0.0050649 9.69207e+07 490894 51172512
0.00636898 9.67803e+07 616392 64422320
0.00804667 9.68222e+07 779097 81102672
0.0101089 9.68792e+07 979346 102102144
0.0127122 9.6721e+07 1.22953e+06 128538944
0.0161974 9.59357e+07 1.55391e+06 161820816
0.0202785 9.6339e+07 1.95361e+06 203720128
0.0256039 9.57762e+07 2.45225e+06 256468304
0.0323128 9.58983e+07 3.09874e+06 322874384
0.0404794 9.62524e+07 3.89624e+06 406474576
0.0521921 9.36836e+07 4.88954e+06 511721120
0.0721135 8.56596e+07 6.17721e+06 644218576
0.0820095 9.471e+07 7.76712e+06 811022928
0.103754 9.39131e+07 9.74384e+06 1021017232
0.130907 9.40007e+07 1.23053e+07 1285384400
0.16151 9.57826e+07 1.54699e+07 1618202912
0.207256 9.35839e+07 1.93958e+07 2037196656
0.26128 9.36862e+07 2.44783e+07 2564678416
0.32427 9.48501e+07 3.0757e+07 3228738592
0.413564 9.31485e+07 3.85229e+07 4064740928
0.518238 9.36965e+07 4.85571e+07 5117205536
0.713334 8.54241e+07 6.09359e+07 6442179888
0.886032 8.5975e+07 7.61765e+07 8110223824
1.11446 8.59528e+07 9.57909e+07 10210166656
