# filename: ./acpphint-ThreadRipper1950X-131072MiB-threads_32-LP64-FreeBSD_13_r363590M_64bit-g++_10_O3lto-libc++-cpulockdown-DSIZE_ull-ISIZE_ull-using_8_threads-cpus_kx4s_0_28.txt
# acpphint_main version: 0.1.23

0.000326745 94875.2 31 3904
0.000333398 116977 39 4736
0.000334571 140478 47 5568
0.00032917 167087 55 6400
0.000325423 193594 63 7232
0.0003344 236244 79 8896
0.000332145 286020 95 10560
0.000327306 362148 118.533 13056
0.000329231 429622 141.445 15552
0.000332927 521818 173.727 18880
0.000331655 645744 214.164 23040
0.000338839 772437 261.732 28032
0.000332116 981432 325.949 34688
0.000332226 1.21909e+06 405.014 43008
0.000320905 1.59237e+06 511 53824
0.000332556 1.92148e+06 639 67136
0.000329671 2.41415e+06 795.875 83776
0.000337997 2.94866e+06 996.639 104576
0.000325363 3.84312e+06 1250.41 131200
0.000330963 4.74572e+06 1570.66 164480
0.000325713 6.07047e+06 1977.23 206912
0.000320143 7.75671e+06 2483.26 260160
0.000328559 9.51982e+06 3127.82 326720
0.000348487 1.1278e+07 3930.23 410752
0.00033436 1.47472e+07 4930.87 516416
0.000346794 1.79585e+07 6227.89 649536
0.000341735 2.28827e+07 7819.82 816768
0.00034979 2.80666e+07 9817.41 1028096
0.000352575 3.52093e+07 12413.9 1293504
0.000364638 4.27575e+07 15591 1627968
0.000365449 5.35336e+07 19563.8 2048960
0.000388423 6.37575e+07 24764.9 2578944
0.000396539 7.84097e+07 31092.5 3246208
0.000403823 9.66071e+07 39012.1 4086528
0.000415064 1.1906e+08 49417.3 5144000
0.000434672 1.42687e+08 62022 6475200
0.000473156 1.64414e+08 77793.3 8150848
0.000507942 1.94135e+08 98609.2 10260800
0.00055395 2.23352e+08 123726 12917376
0.000618103 2.51026e+08 155160 16261184
0.000689359 2.85474e+08 196794 20471104
0.000780644 3.16186e+08 246829 25770944
0.000910152 3.40023e+08 309472 32442752
0.00128284 3.06032e+08 392589 40842624
0.0017907 2.74992e+08 492428 51417344
0.00284643 2.16858e+08 617270 64730176
0.00405376 1.93135e+08 782923 81489984
0.00551597 1.78098e+08 982382 102589504
0.00733427 1.67861e+08 1.23114e+06 129151936
0.00960829 1.62489e+08 1.56124e+06 162591680
0.0123897 1.58166e+08 1.95962e+06 204690048
0.0158932 1.54479e+08 2.45516e+06 257689280
0.0203758 1.52768e+08 3.11277e+06 324410688
0.0259569 1.50564e+08 3.90817e+06 408408576
0.0330372 1.48162e+08 4.89484e+06 514155776
0.0418466 1.48258e+08 6.20409e+06 647283264
0.05296 1.47108e+08 7.79083e+06 814880512
0.0671125 1.4533e+08 9.75343e+06 1025873216
0.084695 1.45897e+08 1.23567e+07 1291497536
0.106913 1.45137e+08 1.5517e+07 1625898304
0.134838 1.43972e+08 1.9413e+07 2046884480
0.170444 1.44189e+08 2.45763e+07 2576874304
0.214906 1.43553e+08 3.08505e+07 3244091712
0.271618 1.41941e+08 3.85537e+07 4084068928
0.341525 1.42721e+08 4.87428e+07 5141537600
0.431225 1.41736e+08 6.11202e+07 6472811648
0.541291 1.40831e+08 7.62307e+07 8148786624
0.680929 1.41188e+08 9.61392e+07 10258713664
0.85949 1.39912e+08 1.20253e+08 12914954368
1.08008 1.38357e+08 1.49437e+08 16258963712
