# filename: ./acpphint-ThreadRipper1950X-131072MiB-threads_32-LP64-FreeBSD_13_r363590M_64bit-g++_10_O3lto-libc++-cpulockdown-DSIZE_d-ISIZE_ull-using_4_threads-cpus_kx4_kx4p1_0_9.txt
# acpphint_main version: 0.1.23

0.00017779 84369.2 15 1952
0.000179604 105788 19 2368
0.000177409 129644 23 2784
0.000179443 150466 27 3200
0.000178873 173307 31 3616
0.000180435 216144 39 4448
0.00017792 264164 47 5280
0.000178652 329132 58.8001 6528
0.000178972 392988 70.3338 7776
0.000179995 480318 86.4548 9440
0.000178081 598849 106.644 11520
0.000180585 722382 130.451 14016
0.000179774 904169 162.546 17344
0.000183431 1.10203e+06 202.147 21504
0.000181688 1.4035e+06 255 26912
0.000182429 1.74863e+06 319 33568
0.000181007 2.1969e+06 397.655 41888
0.000180386 2.76071e+06 497.994 52288
0.000182479 3.42536e+06 625.057 65600
0.000184403 4.25767e+06 785.127 82240
0.000186647 5.2963e+06 988.538 103456
0.000186888 6.64582e+06 1242.02 130080
0.000190244 8.22051e+06 1563.9 163360
0.00019355 1.01552e+07 1965.54 205376
0.000194222 1.27023e+07 2467.07 258208
0.00019337 1.61049e+07 3114.2 324768
0.000193611 2.02022e+07 3911.38 408384
0.000198069 2.48038e+07 4912.86 514048
0.000208039 2.98387e+07 6207.61 646752
0.000215633 3.61681e+07 7799.04 813984
0.000221614 4.41816e+07 9791.26 1024480
0.000228347 5.42316e+07 12383.6 1289472
0.000237715 6.54309e+07 15553.9 1623104
0.000254367 7.67634e+07 19526.1 2043264
0.000273935 9.02052e+07 24710.4 2572000
0.000298391 1.0398e+08 31026.7 3237600
0.000324721 1.19913e+08 38938.4 4075424
0.000374687 1.31592e+08 49305.7 5130400
0.000421136 1.46969e+08 61894.1 6458688
0.000479849 1.61853e+08 77665.1 8130592
0.000569289 1.72835e+08 98393.2 10235552
0.000675583 1.82767e+08 123474 12885472
0.000809029 1.91472e+08 154906 16221376
0.00100038 1.96204e+08 196280 20421312
0.00120641 2.04175e+08 246318 25708672
0.00148406 2.08186e+08 308961 32365088
0.00193095 2.02706e+08 391417 40744992
0.00245098 2.00465e+08 491336 51294752
0.0033429 1.84312e+08 616138 64575968
0.00447272 1.74483e+08 780415 81295840
0.00577319 1.69724e+08 979847 102345024
0.00753283 1.63067e+08 1.22836e+06 128844640
0.00966853 1.60875e+08 1.55543e+06 162205344
0.012456 1.56804e+08 1.95315e+06 204204288
0.0157657 1.5524e+08 2.44746e+06 257077888
0.0210023 1.47496e+08 3.09776e+06 323641632
0.0253502 1.53431e+08 3.88952e+06 407440256
0.032284 1.50868e+08 4.87062e+06 512936608
0.0407751 1.51075e+08 6.16009e+06 645748768
0.0513925 1.50427e+08 7.73084e+06 812949152
0.0649507 1.48878e+08 9.66976e+06 1023442240
0.0826326 1.47795e+08 1.22127e+07 1288437152
0.103408 1.48034e+08 1.53079e+07 1622045856
