# filename: ./acpphint-ThreadRipper1950X-131072MiB-threads_32-LP64-FreeBSD_13_r363590M_64bit-g++_10_O3lto-libc++-DSIZE_ull-ISIZE_ull-using_8_threads-cpus_kx4s_0_28.txt
# acpphint_main version: 0.1.23

0.000249267 124365 31 3904
0.000249087 156572 39 4736
0.000248636 189031 47 5568
0.000249658 220301 55 6400
0.000248475 253547 63 7232
0.000249087 317158 79 8896
0.000249718 380429 95 10560
0.000248996 476045 118.533 13056
0.000248115 570077 141.445 15552
0.000248566 698919 173.727 18880
0.000248636 861357 214.164 23040
0.000248245 1.05433e+06 261.732 28032
0.000248656 1.31084e+06 325.949 34688
0.000249909 1.62065e+06 405.014 43008
0.000249568 2.04754e+06 511 53824
0.000250831 2.54753e+06 639 67136
0.000250018 3.18327e+06 795.875 83776
0.000250759 3.97449e+06 996.639 104576
0.0002508 4.98568e+06 1250.41 131200
0.00030815 5.09705e+06 1570.66 164480
0.000299062 6.61144e+06 1977.23 206912
0.000254236 9.76752e+06 2483.26 260160
0.000297369 1.05183e+07 3127.82 326720
0.000295536 1.32986e+07 3930.23 410752
0.000315374 1.5635e+07 4930.87 516416
0.000316746 1.96621e+07 6227.89 649536
0.000322116 2.42764e+07 7819.82 816768
0.000320614 3.06207e+07 9817.41 1028096
0.000332386 3.73479e+07 12413.9 1293504
0.00035017 4.45241e+07 15591 1627968
0.000353096 5.54065e+07 19563.8 2048960
0.000351202 7.05146e+07 24764.9 2578944
0.000378564 8.21328e+07 31092.5 3246208
0.000396429 9.84089e+07 39012.1 4086528
0.000407941 1.21138e+08 49417.3 5144000
0.00044455 1.39516e+08 62022 6475200
0.000499596 1.55712e+08 77793.3 8150848
0.000504045 1.95636e+08 98609.2 10260800
0.000571925 2.16332e+08 123726 12917376
0.000775313 2.00125e+08 155160 16261184
0.000860838 2.28607e+08 196794 20471104
0.00109844 2.24708e+08 246829 25770944
0.00138246 2.23857e+08 309472 32442752
0.00177321 2.214e+08 392589 40842624
0.00196044 2.51182e+08 492428 51417344
0.00288365 2.14059e+08 617270 64730176
0.00408335 1.91735e+08 782923 81489984
0.00550774 1.78364e+08 982382 102589504
0.00732871 1.67988e+08 1.23114e+06 129151936
0.00953443 1.63747e+08 1.56124e+06 162591680
0.0123256 1.58988e+08 1.95962e+06 204690048
0.0158907 1.54503e+08 2.45516e+06 257689280
0.0203218 1.53174e+08 3.11277e+06 324410688
0.0260896 1.49798e+08 3.90817e+06 408408576
0.0329393 1.48602e+08 4.89484e+06 514155776
0.0417346 1.48656e+08 6.20409e+06 647283264
0.0529597 1.47109e+08 7.79083e+06 814880512
0.0669666 1.45646e+08 9.75343e+06 1025873216
0.0849305 1.45492e+08 1.23567e+07 1291497536
0.106863 1.45204e+08 1.5517e+07 1625898304
0.134879 1.4393e+08 1.9413e+07 2046884480
0.170574 1.4408e+08 2.45763e+07 2576874304
0.214904 1.43555e+08 3.08505e+07 3244091712
0.271995 1.41744e+08 3.85537e+07 4084068928
0.340579 1.43118e+08 4.87428e+07 5141537600
0.429287 1.42376e+08 6.11202e+07 6472811648
0.542364 1.40553e+08 7.62307e+07 8148786624
0.683931 1.40568e+08 9.61392e+07 10258713664
0.859496 1.39911e+08 1.20253e+08 12914954368
1.08157 1.38167e+08 1.49437e+08 16258963712
