# filename: ./acpphint-ThreadRipper1950X-131072MiB-threads_32-LP64-FreeBSD_13_r363590M_64bit-g++_10_O3lto-libc++-cpulockdown-DSIZE_d-ISIZE_ull-using_4_threads.txt
# acpphint_main version: 0.1.23

0.0001567 95724.3 15 1952
0.000152712 124417 19 2368
0.000157822 145734 23 2784
0.000158453 170398 27 3200
0.000154546 200588 31 3616
0.000158784 245617 39 4448
0.000155958 301363 47 5280
0.000155919 377119 58.8001 6528
0.000160898 437133 70.3338 7776
0.000160007 540319 86.4548 9440
0.000156359 682044 106.644 11520
0.000155819 837198 130.451 14016
0.000157682 1.03085e+06 162.546 17344
0.000160237 1.26155e+06 202.147 21504
0.000155357 1.64138e+06 255 26912
0.000155718 2.04857e+06 319 33568
0.000157702 2.52156e+06 397.655 41888
0.000155848 3.19538e+06 497.994 52288
0.000162049 3.85721e+06 625.057 65600
0.000158183 4.96341e+06 785.127 82240
0.000164916 5.99419e+06 988.538 103456
0.000168582 7.36748e+06 1242.02 130080
0.000163423 9.56966e+06 1563.9 163360
0.000170547 1.15249e+07 1965.54 205376
0.000173352 1.42316e+07 2467.07 258208
0.00016193 1.92318e+07 3114.2 324768
0.000162561 2.4061e+07 3911.38 408384
0.000168021 2.92396e+07 4912.86 514048
0.000174093 3.56568e+07 6207.61 646752
0.000187448 4.16064e+07 7799.04 813984
0.000181378 5.39826e+07 9791.26 1024480
0.000192859 6.42108e+07 12383.6 1289472
0.000208249 7.4689e+07 15553.9 1623104
0.000220131 8.8702e+07 19526.1 2043264
0.000250499 9.86446e+07 24710.4 2572000
0.000262442 1.18223e+08 31026.7 3237600
0.00029265 1.33054e+08 38938.4 4075424
0.000339159 1.45376e+08 49305.7 5130400
0.000392221 1.57804e+08 61894.1 6458688
0.000459159 1.69146e+08 77665.1 8130592
0.000548019 1.79543e+08 98393.2 10235552
0.000653881 1.88832e+08 123474 12885472
0.000786034 1.97073e+08 154906 16221376
0.00107804 1.8207e+08 196280 20421312
0.00118841 2.07266e+08 246318 25708672
0.00144983 2.13101e+08 308961 32365088
0.00188504 2.07644e+08 391417 40744992
0.00239319 2.05306e+08 491336 51294752
0.0033123 1.86015e+08 616138 64575968
0.00439108 1.77727e+08 780415 81295840
0.00573681 1.708e+08 979847 102345024
0.00756089 1.62462e+08 1.22836e+06 128844640
0.00970972 1.60193e+08 1.55543e+06 162205344
0.0123814 1.57749e+08 1.95315e+06 204204288
0.0158168 1.54738e+08 2.44746e+06 257077888
0.0200041 1.54857e+08 3.09776e+06 323641632
0.0254557 1.52796e+08 3.88952e+06 407440256
0.0321351 1.51567e+08 4.87062e+06 512936608
0.0407643 1.51115e+08 6.16009e+06 645748768
0.0515424 1.4999e+08 7.73084e+06 812949152
0.0649921 1.48784e+08 9.66976e+06 1023442240
0.0825405 1.4796e+08 1.22127e+07 1288437152
0.103313 1.4817e+08 1.53079e+07 1622045856
