# filename: ./acpphint-ThreadRipper1950X-131072MiB-threads_32-LP64-FreeBSD_13_r363590M_64bit-g++_10_O3lto-libc++-DSIZE_ull-ISIZE_ull-using_4_threads-cpus_kx4_kx4p1_0_5.txt
# acpphint_main version: 0.1.23

0.000128446 116781 15 1952
0.000129007 147279 19 2368
0.000128226 179371 23 2784
0.000129288 208836 27 3200
0.000128356 241516 31 3616
0.000128355 303845 39 4448
0.000128527 365682 47 5280
0.000128416 457887 58.8001 6528
0.000128105 549033 70.3339 7776
0.000127914 675882 86.4548 9440
0.000128065 832731 106.644 11520
0.000127484 1.02328e+06 130.451 14016
0.000127254 1.27734e+06 162.546 17344
0.000127615 1.58404e+06 202.147 21504
0.000127805 1.99523e+06 255 26912
0.000127604 2.49992e+06 319 33568
0.000126722 3.13801e+06 397.655 41888
0.000127825 3.8959e+06 497.994 52288
0.000129047 4.84364e+06 625.057 65600
0.000130389 6.02143e+06 785.128 82240
0.000132013 7.48819e+06 988.539 103456
0.000131011 9.48032e+06 1242.03 130080
0.000132083 1.18403e+07 1563.9 163360
0.000134477 1.46162e+07 1965.55 205376
0.000140329 1.75806e+07 2467.07 258208
0.000146641 2.12369e+07 3114.2 324768
0.00014599 2.67922e+07 3911.39 408384
0.000152241 3.22704e+07 4912.88 514048
0.000158163 3.92483e+07 6207.63 646752
0.000174634 4.46596e+07 7799.08 813984
0.000192228 5.0936e+07 9791.33 1024480
0.000211845 5.84566e+07 12383.7 1289472
0.000227545 6.83561e+07 15554.1 1623104
0.000251131 7.77537e+07 19526.4 2043264
0.000281759 8.7702e+07 24710.8 2572000
0.000320634 9.67691e+07 31027.5 3237600
0.000366771 1.06169e+08 38939.5 4075424
0.00042844 1.15086e+08 49307.6 5130400
0.000505638 1.22414e+08 61897.1 6458688
0.000612001 1.26911e+08 77669.8 8130592
0.000758772 1.29684e+08 98400.6 10235552
0.000951441 1.29788e+08 123486 12885472
0.0013114 1.18137e+08 154925 16221376
0.00172618 1.13725e+08 196309 20421312
0.00227577 1.08255e+08 246365 25708672
0.00296461 1.04241e+08 309034 32365088
0.00381586 1.02607e+08 391534 40744992
0.00490377 1.00233e+08 491521 51294752
0.00627623 9.82163e+07 616428 64575968
0.00797054 9.79707e+07 780880 81295840
0.0101844 9.62824e+07 980581 102345024
0.0129038 9.52827e+07 1.22951e+06 128844640
0.0163184 9.54307e+07 1.55728e+06 162205344
0.0206476 9.47359e+07 1.95606e+06 204204288
0.0261022 9.39397e+07 2.45204e+06 257077888
0.0329298 9.42948e+07 3.10511e+06 323641632
0.0414438 9.41303e+07 3.90112e+06 407440256
0.0523727 9.33465e+07 4.88881e+06 512936608
0.0659624 9.38295e+07 6.18922e+06 645748768
0.0833394 9.33152e+07 7.77683e+06 812949152
0.104457 9.32616e+07 9.7418e+06 1023442240
0.131555 9.37089e+07 1.23279e+07 1288437152
0.165769 9.34391e+07 1.54893e+07 1622045856
0.208566 9.2971e+07 1.93906e+07 2042034464
0.262986 9.32392e+07 2.45206e+07 2570768800
0.331103 9.30091e+07 3.07956e+07 3236405824
0.417414 9.22601e+07 3.85106e+07 4074393312
0.524816 9.26723e+07 4.86359e+07 5129356832
0.661043 9.2297e+07 6.10123e+07 6457477184
0.831179 9.16154e+07 7.61488e+07 8129481856
1.04642 9.16804e+07 9.59359e+07 10234411072
