# filename: ./acpphint-ThreadRipper1950X-131072MiB-threads_32-LP64-FreeBSD_main_n247756_348c41d1815d_64bit-g++_11_O3lto-libc++-DSIZE_ull-ISIZE_ull-using_8_threads-cpus_kx4_kx4p1_0_5_16_21.txt
# acpphint_main version: 0.1.24

0.000155818 198950 31 3904
0.000148254 263062 39 4736
0.000152241 308721 47 5568
0.000149646 367534 55 6400
0.000149446 421557 63 7232
0.000150548 524750 79 8896
0.000150568 630944 95 10560
0.000151911 780282 118.533 13056
0.000153062 924101 141.445 15552
0.000152682 1.13784e+06 173.727 18880
0.000153003 1.39974e+06 214.164 23040
0.000151239 1.73058e+06 261.732 28032
0.00015642 2.08381e+06 325.949 34688
0.000159104 2.54559e+06 405.014 43008
0.000146019 3.49954e+06 511 53824
0.000150839 4.2363e+06 639 67136
0.00014684 5.42001e+06 795.875 83776
0.000159235 6.25892e+06 996.639 104576
0.000158573 7.88538e+06 1250.41 131200
0.000159255 9.86253e+06 1570.66 164480
0.000165106 1.19755e+07 1977.23 206912
0.000166197 1.49416e+07 2483.26 260160
0.000181798 1.72049e+07 3127.82 326720
0.000183952 2.13655e+07 3930.23 410752
0.000185795 2.65393e+07 4930.87 516416
0.00018831 3.30725e+07 6227.89 649536
0.000196105 3.98757e+07 7819.82 816768
0.000204021 4.81196e+07 9817.41 1028096
0.000204261 6.07748e+07 12413.9 1293504
0.000211575 7.36903e+07 15591 1627968
0.000234649 8.33748e+07 19563.8 2048960
0.000243476 1.01714e+08 24764.9 2578944
0.000275086 1.13028e+08 31092.5 3246208
0.000308861 1.2631e+08 39012.1 4086528
0.000352003 1.40389e+08 49417.3 5144000
0.00038665 1.60409e+08 62022 6475200
0.000447285 1.73923e+08 77793.3 8150848
0.00052286 1.88596e+08 98609.2 10260800
0.000634433 1.95018e+08 123726 12917376
0.000774993 2.00208e+08 155160 16261184
0.000981718 2.00459e+08 196794 20471104
0.00125748 1.96288e+08 246829 25770944
0.00178336 1.73533e+08 309472 32442752
0.00233372 1.68224e+08 392589 40842624
0.00305603 1.61133e+08 492428 51417344
0.00398668 1.54833e+08 617270 64730176
0.0051352 1.52462e+08 782923 81489984
0.00661254 1.48564e+08 982382 102589504
0.00845311 1.45643e+08 1.23114e+06 129151936
0.0107927 1.44657e+08 1.56124e+06 162591680
0.0137566 1.4245e+08 1.95962e+06 204690048
0.0174977 1.40314e+08 2.45516e+06 257689280
0.0221431 1.40575e+08 3.11277e+06 324410688
0.02805 1.39329e+08 3.90817e+06 408408576
0.0354986 1.37889e+08 4.89484e+06 514155776
0.0447804 1.38545e+08 6.20409e+06 647283264
0.0566223 1.37593e+08 7.79083e+06 814880512
0.0713664 1.36667e+08 9.75343e+06 1025873216
0.0899902 1.37312e+08 1.23567e+07 1291497536
0.113481 1.36737e+08 1.5517e+07 1625898304
0.142897 1.35854e+08 1.9413e+07 2046884480
0.180033 1.3651e+08 2.45763e+07 2576874304
0.226822 1.36012e+08 3.08505e+07 3244091712
0.285534 1.35023e+08 3.85537e+07 4084068928
0.359825 1.35462e+08 4.87428e+07 5141537600
0.453348 1.34819e+08 6.11202e+07 6472811648
0.570449 1.33633e+08 7.62307e+07 8148786624
0.718375 1.33829e+08 9.61392e+07 10258713664
0.904899 1.32891e+08 1.20253e+08 12914954368
1.13916 1.31182e+08 1.49437e+08 16258963712
