# filename: ./acpphint-ThreadRipper1950X-131072MiB-threads_32-LP64-FreeBSD_13_r363590M_64bit-g++_10_O3lto-libc++-cpulockdown-DSIZE_ld-ISIZE_ul-using_4_threads.txt
# acpphint_main version: 0.1.23

0.00015684 95638.9 15 3360
0.000162121 117196 19 4128
0.000158804 144833 23 4896
0.000157872 171025 27 5664
0.000152943 202690 31 6432
0.000158082 246707 39 7968
0.000164855 285099 47 9504
0.00015695 374642 58.8001 11808
0.000154225 456047 70.3339 14112
0.000164014 527119 86.4548 17184
0.000167641 636143 106.644 21024
0.0001563 834622 130.451 25632
0.000159455 1.01939e+06 162.546 31776
0.000166859 1.21149e+06 202.147 39456
0.000170556 1.49511e+06 255 49440
0.000160518 1.98732e+06 319 61728
0.000165487 2.40294e+06 397.655 77088
0.000163022 3.05476e+06 497.994 96288
0.000170376 3.66869e+06 625.057 120864
0.00016194 4.84826e+06 785.128 151584
0.000163343 6.05192e+06 988.539 190752
0.000172801 7.18761e+06 1242.03 239904
0.000182729 8.5586e+06 1563.9 301344
0.000179132 1.09726e+07 1965.55 378912
0.000182269 1.35354e+07 2467.08 476448
0.000190554 1.63429e+07 3114.21 599328
0.000202428 1.93224e+07 3911.39 753696
0.000217286 2.26102e+07 4912.88 948768
0.000234468 2.64754e+07 6207.64 1193760
0.000258275 3.01969e+07 7799.09 1502496
0.000289715 3.37965e+07 9791.35 1891104
0.000326184 3.79656e+07 12383.8 2380320
0.000373164 4.16818e+07 15554.1 2996256
0.00043394 4.4998e+07 19526.4 3771936
0.000513433 4.81289e+07 24711 4748064
0.000602543 5.14945e+07 31027.7 5976864
0.000724737 5.37296e+07 38939.8 7523616
0.000875285 5.63338e+07 49308.1 9471264
0.00107558 5.75485e+07 61897.9 11923488
0.00131215 5.91937e+07 77671 15010080
0.00162803 6.04429e+07 98402.6 18896160
0.00200512 6.15869e+07 123489 23788320
0.00249898 6.19971e+07 154930 29946912
0.00313233 6.26747e+07 196318 37700640
0.00396427 6.21495e+07 246377 47461920
0.00501518 6.16237e+07 309054 59750688
0.00646776 6.05412e+07 391566 75221280
0.00816175 6.02287e+07 491572 94697760
0.0104044 5.92546e+07 616508 119216928
0.0130736 5.97391e+07 781008 150084384
0.017122 5.7282e+07 980783 188944416
0.020592 5.97237e+07 1.22983e+06 237866784
0.0264409 5.89158e+07 1.55779e+06 299455776
0.033713 5.80449e+07 1.95687e+06 376992288
0.0428642 5.72343e+07 2.4533e+06 474605088
0.0522027 5.95205e+07 3.10713e+06 597492000
0.0673067 5.80078e+07 3.90432e+06 752197152
0.0878049 5.57353e+07 4.89384e+06 946959648
0.107779 5.74997e+07 6.19727e+06 1192151328
0.136552 5.70447e+07 7.78956e+06 1500828960
0.174953 5.57964e+07 9.76177e+06 1889431584
0.219356 5.63465e+07 1.23599e+07 2378652960
0.278539 5.57904e+07 1.55398e+07 2994545952
0.353196 5.51249e+07 1.94699e+07 3769909536
0.442687 5.56772e+07 2.46476e+07 4746034464
0.555322 5.58164e+07 3.09961e+07 5974902816
0.702024 5.53039e+07 3.88247e+07 7521956640
0.885078 5.55181e+07 4.91379e+07 9469581600
1.11014 5.56726e+07 6.18044e+07 11921496096
