# filename: ./acpphint-RPi5-8192MiB-threads_4-LP64-FreeBSD_main_n273201_e4ac0183a1a8_64bit-clang++_19_O3lto-libc++-DSIZE_ul-ISIZE_ul-using_3_threads-cpus_0_1_2.txt
# acpphint_main version: 0.1.41

4.7556e-05 231306 11 1464
4.8741e-05 287233 14 1776
4.9334e-05 344590 17 2088
5.0075e-05 399401 20 2400
4.9649e-05 463252 23 2712
4.8241e-05 601148 29 3336
4.6278e-05 756299 35 3960
4.7315e-05 927121 43.8667 4896
4.7037e-05 1.11734e+06 52.5562 5832
4.7242e-05 1.3682e+06 64.6367 7080
4.7093e-05 1.69374e+06 79.7633 8640
4.5612e-05 2.14049e+06 97.6321 10512
4.5908e-05 2.65087e+06 121.696 13008
4.6519e-05 3.25525e+06 151.431 16128
4.6296e-05 4.12563e+06 191 20184
4.8112e-05 4.96758e+06 239 25176
5.0444e-05 5.90953e+06 298.101 31416
5.1055e-05 7.31234e+06 373.332 39216
5.2037e-05 9.00736e+06 468.716 49200
3.4074e-05 1.72785e+07 588.747 61680
3.4315e-05 2.16047e+07 741.364 77592
3.6204e-05 2.5735e+07 931.71 97560
3.7982e-05 3.08811e+07 1172.93 122520
4.0075e-05 3.67904e+07 1474.37 154032
4.5297e-05 4.0866e+07 1851.11 193656
4.7704e-05 4.89642e+07 2335.79 243576
5.3074e-05 5.52865e+07 2934.27 306288
6.9538e-05 5.30171e+07 3686.7 385536
7.8296e-05 5.94675e+07 4656.07 485064
8.5982e-05 6.80501e+07 5851.08 610488
9.8853e-05 7.43339e+07 7348.13 768360
0.000115352 8.05228e+07 9288.46 967104
0.000136334 8.55945e+07 11669.4 1217328
0.000167761 8.73549e+07 14654.7 1532448
0.00024426 7.58789e+07 18534.2 1929000
0.000439799 5.29305e+07 23278.8 2428200
0.000737226 3.96428e+07 29225.7 3056568
0.00130832 2.82668e+07 36982.1 3847800
0.00219481 2.11589e+07 46439.6 4844016
0.00337235 1.72865e+07 58296.3 6097944
0.00487423 1.51412e+07 73801.6 7676664
0.00682141 1.35821e+07 92648.8 9664104
0.00938977 1.23842e+07 116285 12166032
0.0124172 1.18575e+07 147237 15315984
0.0163249 1.13228e+07 184844 19281504
0.0213127 1.08839e+07 231965 24273816
0.0271468 1.0818e+07 293675 30558744
0.0349544 1.05506e+07 368788 38471064
0.044128 1.04858e+07 462719 48431976
0.0560942 1.04422e+07 585745 60971880
0.0708445 1.03854e+07 735751 76758768
0.0905413 1.0194e+07 922980 96633480
0.114244 1.02257e+07 1.16823e+06 121654008
0.143499 1.02284e+07 1.46776e+06 153153216
0.182126 1.01077e+07 1.84089e+06 192808416
0.228078 1.02143e+07 2.32966e+06 242731224
0.290452 1.00794e+07 2.92759e+06 305580192
0.364569 1.00692e+07 3.6709e+06 384702456
0.458447 1.01311e+07 4.64455e+06 484311576
0.579815 1.00677e+07 5.83741e+06 609711864
0.729375 1.0032e+07 7.31709e+06 767581680
0.926267 9.99151e+06 9.2548e+06 966327864
1.15719 1.00516e+07 1.16317e+07 1216534392
