# filename: ./acpphint-RPi5-8192MiB-threads_4-LP64-FreeBSD_main_n273201_e4ac0183a1a8_64bit-clang++_19_O3lto-libc++-cpulockdown-DSIZE_ul-ISIZE_ul-using_3_threads-cpus_0_1_3.txt
# acpphint_main version: 0.1.41

4.3797e-05 251159 11 1464
4.3556e-05 321425 14 1776
4.5852e-05 370758 17 2088
4.4594e-05 448491 20 2400
4.6094e-05 498980 23 2712
4.4908e-05 645765 29 3336
4.4945e-05 778730 35 3960
4.6315e-05 947139 43.8667 4896
4.5148e-05 1.16409e+06 52.5562 5832
4.6593e-05 1.38726e+06 64.6367 7080
4.663e-05 1.71056e+06 79.7633 8640
4.4797e-05 2.17943e+06 97.6321 10512
4.7315e-05 2.57204e+06 121.696 13008
4.4686e-05 3.38877e+06 151.431 16128
4.7167e-05 4.04944e+06 191 20184
4.5038e-05 5.30663e+06 239 25176
4.5315e-05 6.57841e+06 298.101 31416
4.576e-05 8.15847e+06 373.332 39216
4.7834e-05 9.79881e+06 468.716 49200
4.863e-05 1.21067e+07 588.747 61680
4.7704e-05 1.55409e+07 741.364 77592
5.0334e-05 1.85106e+07 931.71 97560
5.1445e-05 2.27996e+07 1172.93 122520
5.5075e-05 2.67703e+07 1474.37 154032
5.6149e-05 3.29678e+07 1851.11 193656
6.2223e-05 3.7539e+07 2335.79 243576
6.5741e-05 4.46339e+07 2934.27 306288
7.1908e-05 5.12697e+07 3686.7 385536
7.9631e-05 5.84705e+07 4656.07 485064
9.052e-05 6.46386e+07 5851.08 610488
0.000101353 7.25004e+07 7348.13 768360
0.000116853 7.94884e+07 9288.46 967104
0.000138057 8.45263e+07 11669.4 1217328
0.000170798 8.58016e+07 14654.7 1532448
0.000263189 7.04216e+07 18534.2 1929000
0.000471135 4.941e+07 23278.8 2428200
0.000768342 3.80374e+07 29225.7 3056568
0.00130074 2.84316e+07 36982.1 3847800
0.00219986 2.11103e+07 46439.6 4844016
0.00342617 1.7015e+07 58296.3 6097944
0.00490493 1.50464e+07 73801.6 7676664
0.00703039 1.31783e+07 92648.8 9664104
0.00938815 1.23864e+07 116285 12166032
0.0126006 1.16849e+07 147237 15315984
0.0162347 1.13857e+07 184844 19281504
0.021391 1.08441e+07 231965 24273816
0.0269077 1.09142e+07 293675 30558744
0.0351342 1.04965e+07 368788 38471064
0.0442075 1.0467e+07 462719 48431976
0.0565255 1.03625e+07 585745 60971880
0.0707086 1.04054e+07 735751 76758768
0.0908549 1.01588e+07 922980 96633480
0.113748 1.02703e+07 1.16823e+06 121654008
0.145181 1.01099e+07 1.46776e+06 153153216
0.181023 1.01693e+07 1.84089e+06 192808416
0.229203 1.01641e+07 2.32966e+06 242731224
0.288269 1.01558e+07 2.92759e+06 305580192
0.367101 9.99971e+06 3.6709e+06 384702456
0.458902 1.0121e+07 4.64455e+06 484311576
0.581286 1.00422e+07 5.83741e+06 609711864
0.730291 1.00194e+07 7.31709e+06 767581680
0.923527 1.00211e+07 9.2548e+06 966327864
1.14976 1.01166e+07 1.16317e+07 1216534392
