# filename: ./acpphint-RPi5-8192MiB-threads_4-LP64-FreeBSD_main_n273201_e4ac0183a1a8_64bit-clang++_19_O3lto-libc++-cpulockdown-DSIZE_ull-ISIZE_ull-using_2_threads_creation_untimed-cpus_0_3.txt
# acpphint_main version: 0.1.41

5.667e-06 1.23522e+06 7 976
5.778e-06 1.55763e+06 9 1184
4.501e-06 2.4439e+06 11 1392
4.797e-06 2.71003e+06 13 1600
5e-06 3e+06 15 1808
5.037e-06 3.77209e+06 19 2224
5.037e-06 4.56621e+06 23 2640
5.5e-06 5.26062e+06 28.9334 3264
5.574e-06 6.23941e+06 34.7785 3888
5.593e-06 7.65574e+06 42.8186 4720
5.407e-06 9.78038e+06 52.8825 5760
5.574e-06 1.16279e+07 64.8139 7008
5.723e-06 1.41266e+07 80.8465 8672
6e-06 1.67858e+07 100.715 10752
6.297e-06 2.01683e+07 127 13456
6.648e-06 2.3917e+07 159 16784
7.166e-06 2.77069e+07 198.548 20944
8.093e-06 3.07264e+07 248.668 26144
8.722e-06 3.58139e+07 312.369 32800
9.667e-06 4.05885e+07 392.369 41120
1.0852e-05 4.55388e+07 494.187 51728
1.2222e-05 5.08412e+07 621.382 65040
1.3815e-05 5.66019e+07 781.955 81680
1.65e-05 5.95876e+07 983.196 102688
1.9314e-05 6.39491e+07 1235.11 129104
2.3797e-05 6.54444e+07 1557.38 162384
2.7574e-05 7.09782e+07 1957.15 204192
3.3352e-05 7.37729e+07 2460.47 257024
4.0926e-05 7.58567e+07 3104.51 323376
5.0482e-05 7.73161e+07 3903.07 406992
6.2278e-05 7.87568e+07 4904.82 512240
7.7315e-05 8.01034e+07 6193.19 644736
9.6279e-05 8.08564e+07 7784.78 811552
0.000120297 8.13227e+07 9782.87 1021632
0.000150094 8.2332e+07 12357.5 1286000
0.000187686 8.27445e+07 15530 1618800
0.000235482 8.28572e+07 19511.4 2037712
0.000303742 8.11757e+07 24656.5 2565200
0.000717946 4.31537e+07 30982 3229344
0.00129406 3.00772e+07 38921.7 4065296
0.00270527 1.81876e+07 49202.3 5117776
0.00381031 1.62221e+07 61811.3 6442736
0.00568592 1.36552e+07 77642.6 8110688
0.00783058 1.25358e+07 98162.9 10210656
0.011025 1.11857e+07 123322 12854336
0.0140375 1.10341e+07 154891 16182544
0.0184214 1.06295e+07 195811 20372496
0.0234719 1.04827e+07 246048 25647376
0.0309749 9.97558e+06 308992 32287984
0.0384356 1.01622e+07 390591 40647920
0.0500697 9.8042e+06 490894 51172512
0.062548 9.8547e+06 616392 64422320
0.0811443 9.60137e+06 779097 81102672
0.100344 9.7599e+06 979346 102102144
0.127435 9.64831e+06 1.22953e+06 128538944
0.158555 9.80046e+06 1.55391e+06 161820816
0.207025 9.43662e+06 1.95361e+06 203720128
0.255673 9.59134e+06 2.45225e+06 256468304
0.321774 9.63018e+06 3.09874e+06 322874384
0.41064 9.4882e+06 3.89624e+06 406474576
0.515504 9.48499e+06 4.88954e+06 511721120
0.643488 9.59957e+06 6.17721e+06 644218576
0.813766 9.54465e+06 7.76712e+06 811022928
1.02304 9.52443e+06 9.74384e+06 1021017232
