# filename: ./acpphint-RPi5-8192MiB-threads_4-LP64-FreeBSD_main_n266876_e183039f0882_64bit-clang++_17_O3lto-libc++-cpulockdown-DSIZE_ul-ISIZE_ul-using_4_threads_creation_untimed.txt
# acpphint_main version: 0.1.38

1.8593e-05 806755 15 1952
1.9667e-05 966085 19 2368
2.0445e-05 1.12497e+06 23 2784
2.0501e-05 1.31701e+06 27 3200
2.1945e-05 1.41262e+06 31 3616
2.1519e-05 1.81235e+06 39 4448
1.9982e-05 2.35212e+06 47 5280
1.989e-05 2.95626e+06 58.8001 6528
2.1556e-05 3.26284e+06 70.3339 7776
2.2019e-05 3.92637e+06 86.4548 9440
2.0796e-05 5.12809e+06 106.644 11520
2.1611e-05 6.03634e+06 130.451 14016
2.1038e-05 7.72631e+06 162.546 17344
2.2278e-05 9.07385e+06 202.147 21504
2.3019e-05 1.10778e+07 255 26912
2.0296e-05 1.57174e+07 319 33568
2.1241e-05 1.87211e+07 397.655 41888
1.9871e-05 2.50613e+07 497.994 52288
2.3019e-05 2.7154e+07 625.057 65600
2.4371e-05 3.22157e+07 785.128 82240
2.626e-05 3.76443e+07 988.539 103456
2.8444e-05 4.36657e+07 1242.03 130080
2.9815e-05 5.24536e+07 1563.9 163360
3.2019e-05 6.13869e+07 1965.55 205376
3.6667e-05 6.72832e+07 2467.07 258208
4.0148e-05 7.75681e+07 3114.2 324768
4.4723e-05 8.74581e+07 3911.39 408384
5.2279e-05 9.39742e+07 4912.88 514048
5.839e-05 1.06313e+08 6207.63 646752
6.9482e-05 1.12246e+08 7799.08 813984
8.3686e-05 1.17001e+08 9791.33 1024480
0.000141614 8.74472e+07 12383.7 1289472
0.000341395 4.55604e+07 15554.1 1623104
0.000655621 2.9783e+07 19526.4 2043264
0.0010647 2.32092e+07 24710.8 2572000
0.00155767 1.99191e+07 31027.5 3237600
0.00225765 1.72478e+07 38939.5 4075424
0.0030031 1.64189e+07 49307.6 5130400
0.00410721 1.50703e+07 61897.1 6458688
0.00520762 1.49146e+07 77669.8 8130592
0.00601448 1.63606e+07 98400.6 10235552
0.00745677 1.65602e+07 123486 12885472
0.00994154 1.55836e+07 154925 16221376
0.0134912 1.45509e+07 196309 20421312
0.0171423 1.43717e+07 246365 25708672
0.0214488 1.44079e+07 309034 32365088
0.0277415 1.41136e+07 391534 40744992
0.0352641 1.39383e+07 491521 51294752
0.0452465 1.36238e+07 616428 64575968
0.0612779 1.27433e+07 780880 81295840
0.0740969 1.32338e+07 980581 102345024
0.0968185 1.26991e+07 1.22951e+06 128844640
0.124899 1.24683e+07 1.55728e+06 162205344
0.15626 1.25181e+07 1.95606e+06 204204288
0.206959 1.18479e+07 2.45204e+06 257077888
0.280209 1.10814e+07 3.10511e+06 323641632
0.364469 1.07036e+07 3.90112e+06 407440256
0.453477 1.07807e+07 4.88881e+06 512936608
0.570287 1.08528e+07 6.18922e+06 645748768
0.724961 1.07272e+07 7.77683e+06 812949152
0.871359 1.118e+07 9.7418e+06 1023442240
1.06887 1.15336e+07 1.23279e+07 1288437152
