# filename: ./acpphint-RPi5-8192MiB-threads_4-LP64-FreeBSD_main_n273201_e4ac0183a1a8_64bit-clang++_19_O3lto-libc++-DSIZE_ul-ISIZE_ul-using_2_threads-cpus_2_3.txt
# acpphint_main version: 0.1.41

3.6852e-05 189949 7 976
3.7907e-05 237423 9 1184
3.6908e-05 298038 11 1392
3.7111e-05 350300 13 1600
3.7019e-05 405197 15 1808
3.7055e-05 512751 19 2224
3.7056e-05 620682 23 2640
3.6833e-05 785529 28.9334 3264
3.6722e-05 947074 34.7785 3888
3.6778e-05 1.16424e+06 42.8186 4720
3.7704e-05 1.40257e+06 52.8825 5760
3.776e-05 1.71647e+06 64.8139 7008
4.0426e-05 1.99986e+06 80.8465 8672
4.063e-05 2.47883e+06 100.715 10752
2.3129e-05 5.49094e+06 127 13456
2.2482e-05 7.07232e+06 159 16784
2.2907e-05 8.66756e+06 198.548 20944
2.3574e-05 1.05484e+07 248.668 26144
2.4463e-05 1.2769e+07 312.369 32800
2.5408e-05 1.54427e+07 392.369 41120
2.6426e-05 1.87008e+07 494.187 51728
2.8093e-05 2.21187e+07 621.382 65040
3.0075e-05 2.60002e+07 781.955 81680
3.313e-05 2.96769e+07 983.196 102688
3.613e-05 3.41852e+07 1235.11 129104
4.0537e-05 3.84187e+07 1557.38 162384
4.4908e-05 4.35814e+07 1957.15 204192
5.263e-05 4.67504e+07 2460.47 257024
5.9668e-05 5.20297e+07 3104.51 323376
7.0019e-05 5.5743e+07 3903.07 406992
8.2797e-05 5.92391e+07 4904.82 512240
9.8464e-05 6.2898e+07 6193.19 644736
0.000117205 6.64202e+07 7784.78 811552
0.000142001 6.8893e+07 9782.87 1021632
0.000170501 7.24778e+07 12357.5 1286000
0.000210816 7.36661e+07 15530 1618800
0.000259835 7.50914e+07 19511.4 2037712
0.000339854 7.25502e+07 24656.5 2565200
0.000764671 4.05168e+07 30982 3229344
0.00138221 2.8159e+07 38921.7 4065296
0.00228583 2.15249e+07 49202.3 5117776
0.00361243 1.71107e+07 61811.3 6442736
0.00532074 1.45925e+07 77642.6 8110688
0.00697312 1.40773e+07 98162.9 10210656
0.00987803 1.24845e+07 123322 12854336
0.0143228 1.08143e+07 154891 16182544
0.0185167 1.05748e+07 195811 20372496
0.0237805 1.03466e+07 246048 25647376
0.0310445 9.95321e+06 308992 32287984
0.0391114 9.98663e+06 390591 40647920
0.0499201 9.83359e+06 490894 51172512
0.0618893 9.95958e+06 616392 64422320
0.080026 9.73555e+06 779097 81102672
0.100357 9.75859e+06 979346 102102144
0.128367 9.57829e+06 1.22953e+06 128538944
0.158723 9.79008e+06 1.55391e+06 161820816
0.200891 9.72474e+06 1.95361e+06 203720128
0.255482 9.59852e+06 2.45225e+06 256468304
0.325471 9.52078e+06 3.09874e+06 322874384
0.400152 9.73691e+06 3.89624e+06 406474576
0.509555 9.59571e+06 4.88954e+06 511721120
0.642397 9.61588e+06 6.17721e+06 644218576
0.814955 9.53073e+06 7.76712e+06 811022928
1.01016 9.6458e+06 9.74384e+06 1021017232
