# filename: ./acpphint-RPi5-8192MiB-threads_4-LP64-FreeBSD_main_n273201_e4ac0183a1a8_64bit-clang++_19_O3lto-libc++-cpulockdown-DSIZE_ul-ISIZE_ul-using_1_threads-cpus_2.txt
# acpphint_main version: 0.1.41

4.2825e-08 2.33508e+07 1 280
6.6217e-08 3.02037e+07 2 384
8.9125e-08 3.36606e+07 3 488
1.12859e-07 3.54423e+07 4 592
1.34615e-07 3.71429e+07 5 696
1.57841e-07 3.8013e+07 6 800
1.801e-07 3.88673e+07 7 904
2.25687e-07 3.98782e+07 9 1112
2.70654e-07 4.06423e+07 11 1320
3.4075e-07 4.10858e+07 14 1632
4.0975e-07 4.14887e+07 17 1944
5.07929e-07 4.13444e+07 21 2360
6.204e-07 4.19084e+07 26 2880
7.59375e-07 4.21399e+07 32 3504
9.415e-07 4.24854e+07 40 4336
1.17283e-06 4.26318e+07 50 5376
1.47675e-06 4.26612e+07 63 6728
1.852e-06 4.26566e+07 79 8392
2.315e-06 4.27646e+07 99 10472
2.889e-06 4.29214e+07 124 13072
3.703e-06 4.2128e+07 156 16400
4.63e-06 4.23326e+07 196 20560
5.871e-06 4.20712e+07 247 25864
7.352e-06 4.23014e+07 311 32520
9.241e-06 4.23114e+07 391 40840
1.1648e-05 4.2239e+07 492 51344
1.4723e-05 4.20431e+07 619 64552
1.8593e-05 4.18975e+07 779 81192
2.3353e-05 4.19646e+07 980 102096
2.95e-05 4.18305e+07 1234 128512
3.687e-05 4.2121e+07 1553 161688
4.6926e-05 4.16613e+07 1955 203496
5.8926e-05 4.17642e+07 2461 256120
7.426e-05 4.17183e+07 3098 322368
9.3463e-05 4.17277e+07 3900 405776
0.000115408 4.25447e+07 4909.99 510816
0.000148372 4.16587e+07 6180.99 643000
0.000186798 4.16545e+07 7780.99 809400
0.000235354 4.16181e+07 9794.98 1018856
0.000296354 4.16089e+07 12331 1282600
0.000373558 4.1557e+07 15523.9 1614672
0.000466578 4.18856e+07 19542.9 2032648
0.00059482 4.13619e+07 24602.9 2558888
0.000900211 3.44061e+07 30972.8 3221368
0.00153381 2.54214e+07 38991.6 4055344
0.00232254 2.11353e+07 49087.4 5105328
0.0036739 1.68206e+07 61797.1 6427168
0.00524899 1.48214e+07 77797.6 8091272
0.00762921 1.28376e+07 97940.8 10186248
0.0113222 1.089e+07 123299 12823688
0.0140356 1.10593e+07 155223 16143992
0.0178146 1.09692e+07 195412 20323960
0.0228793 1.07523e+07 246006 25586256
0.0305427 1.01399e+07 309699 32211160
0.0381524 1.0219e+07 389880 40551336
0.0510659 9.61145e+06 490818 51051072
0.0640317 9.64968e+06 617885 64269472
0.08118 9.5817e+06 777842 80910408
0.106552 9.18989e+06 979199 101860064
0.139218 8.85418e+06 1.23267e+06 128234152
0.173855 8.92538e+06 1.55172e+06 161437192
0.219418 8.90226e+06 1.95331e+06 203237288
0.254641 9.65591e+06 2.45879e+06 255860560
0.318726 9.71045e+06 3.09497e+06 322109288
0.401053 9.71345e+06 3.89561e+06 405511464
0.546833 8.96641e+06 4.90313e+06 510508616
0.701218 8.80019e+06 6.17085e+06 642692200
0.827835 9.3808e+06 7.76575e+06 809101456
1.04399 9.36017e+06 9.77193e+06 1018598328
