# filename: ./acpphint-RPi5-8192MiB-threads_4-LP64-FreeBSD_main_n266876_e183039f0882_64bit-clang++_17_O3lto-libc++-cpulockdown-DSIZE_ul-ISIZE_ul-using_2_threads-cpus_0_1.txt
# acpphint_main version: 0.1.38

3.3498e-05 208968 7 976
3.3498e-05 268673 9 1184
3.3517e-05 328192 11 1392
3.3368e-05 389595 13 1600
3.3536e-05 447281 15 1808
3.3536e-05 566555 19 2224
3.3592e-05 684687 23 2640
3.2424e-05 892345 28.9334 3264
3.2703e-05 1.06346e+06 34.7785 3888
3.2665e-05 1.31084e+06 42.8186 4720
3.3832e-05 1.56309e+06 52.8825 5760
3.3629e-05 1.92732e+06 64.8139 7008
3.4332e-05 2.35484e+06 80.8465 8672
3.4295e-05 2.93672e+06 100.715 10752
3.4609e-05 3.66957e+06 127 13456
3.5072e-05 4.53353e+06 159 16784
3.5814e-05 5.54386e+06 198.548 20944
3.5776e-05 6.95071e+06 248.668 26144
3.6202e-05 8.62851e+06 312.369 32800
3.6943e-05 1.06209e+07 392.369 41120
3.8887e-05 1.27083e+07 494.187 51728
4.035e-05 1.53998e+07 621.382 65040
4.1794e-05 1.87097e+07 781.955 81680
4.5238e-05 2.17339e+07 983.196 102688
4.7702e-05 2.58923e+07 1235.11 129104
5.2091e-05 2.98973e+07 1557.38 162384
5.7313e-05 3.41485e+07 1957.15 204192
6.4368e-05 3.82251e+07 2460.47 257024
7.2404e-05 4.28776e+07 3104.51 323376
8.2996e-05 4.70272e+07 3903.07 406992
9.5941e-05 5.11233e+07 4904.82 512240
0.000112495 5.5053e+07 6193.19 644736
0.000134365 5.79375e+07 7784.78 811552
0.00016079 6.08426e+07 9782.87 1021632
0.000196065 6.30278e+07 12357.5 1286000
0.000237063 6.55099e+07 15530 1618800
0.000293543 6.64685e+07 19511.4 2037712
0.000392983 6.27418e+07 24656.5 2565200
0.000813224 3.80977e+07 30982 3229344
0.00139409 2.79191e+07 38921.7 4065296
0.00202662 2.42781e+07 49202.3 5117776
0.00304833 2.02771e+07 61811.3 6442736
0.00444135 1.74818e+07 77642.6 8110688
0.00638304 1.53787e+07 98162.9 10210656
0.00884254 1.39464e+07 123322 12854336
0.0116526 1.32923e+07 154891 16182544
0.0150272 1.30304e+07 195811 20372496
0.0217719 1.13012e+07 246048 25647376
0.0274493 1.12569e+07 308992 32287984
0.0340087 1.1485e+07 390591 40647920
0.051088 9.60878e+06 490894 51172512
0.0621069 9.92469e+06 616392 64422320
0.0704297 1.10621e+07 779097 81102672
0.0993298 9.85954e+06 979346 102102144
0.106623 1.15316e+07 1.22953e+06 128538944
0.138207 1.12433e+07 1.55391e+06 161820816
0.189359 1.0317e+07 1.95361e+06 203720128
0.244516 1.0029e+07 2.45225e+06 256468304
0.315892 9.80949e+06 3.09874e+06 322874384
0.390129 9.98704e+06 3.89624e+06 406474576
0.50041 9.77109e+06 4.88954e+06 511721120
0.609122 1.01412e+07 6.17721e+06 644218576
0.805263 9.64544e+06 7.76712e+06 811022928
1.02168 9.5371e+06 9.74384e+06 1021017232
