# filename: ./acpphint-RPi5-8192MiB-threads_4-LP64-FreeBSD_main_n273201_e4ac0183a1a8_64bit-clang++_19_O3lto-libc++-cpulockdown-DSIZE_ull-ISIZE_ull-using_2_threads-cpus_1_2.txt
# acpphint_main version: 0.1.41

3.0778e-05 227435 7 976
3.0371e-05 296335 9 1184
3.1463e-05 349617 11 1392
3.0833e-05 421626 13 1600
3.1593e-05 474789 15 1808
3.2019e-05 593398 19 2224
3.2408e-05 709701 23 2640
3.2149e-05 899978 28.9334 3264
3.2537e-05 1.06889e+06 34.7785 3888
3.2241e-05 1.32808e+06 42.8186 4720
3.2538e-05 1.62525e+06 52.8825 5760
3.2556e-05 1.99084e+06 64.8139 7008
3.2408e-05 2.49465e+06 80.8465 8672
3.3537e-05 3.00309e+06 100.715 10752
3.3296e-05 3.81427e+06 127 13456
3.3797e-05 4.70456e+06 159 16784
3.3908e-05 5.85549e+06 198.548 20944
3.5111e-05 7.08235e+06 248.668 26144
3.4982e-05 8.92943e+06 312.369 32800
3.6038e-05 1.08876e+07 392.369 41120
3.7833e-05 1.30623e+07 494.187 51728
3.8667e-05 1.60701e+07 621.382 65040
4.0593e-05 1.92633e+07 781.955 81680
4.25e-05 2.3134e+07 983.196 102688
4.6186e-05 2.67421e+07 1235.11 129104
4.926e-05 3.16155e+07 1557.38 162384
5.4556e-05 3.58742e+07 1957.15 204192
6.0612e-05 4.05939e+07 2460.47 257024
6.8056e-05 4.5617e+07 3104.51 323376
7.7612e-05 5.02896e+07 3903.07 406992
8.9519e-05 5.47908e+07 4904.82 512240
0.000105038 5.89614e+07 6193.19 644736
0.000124779 6.23885e+07 7784.78 811552
0.000149113 6.56071e+07 9782.87 1021632
0.000179243 6.89429e+07 12357.5 1286000
0.000217872 7.12803e+07 15530 1618800
0.000271596 7.18397e+07 19511.4 2037712
0.000357615 6.8947e+07 24656.5 2565200
0.000817657 3.78912e+07 30982 3229344
0.00153611 2.53378e+07 38921.7 4065296
0.00257884 1.90792e+07 49202.3 5117776
0.00398076 1.55275e+07 61811.3 6442736
0.00585202 1.32676e+07 77642.6 8110688
0.00820314 1.19665e+07 98162.9 10210656
0.0108139 1.1404e+07 123322 12854336
0.0139928 1.10693e+07 154891 16182544
0.01847 1.06016e+07 195811 20372496
0.0240915 1.02131e+07 246048 25647376
0.0307461 1.00498e+07 308992 32287984
0.0386863 1.00964e+07 390591 40647920
0.0495559 9.90586e+06 490894 51172512
0.0633339 9.73241e+06 616392 64422320
0.0797176 9.77321e+06 779097 81102672
0.1 9.79345e+06 979346 102102144
0.127678 9.62991e+06 1.22953e+06 128538944
0.16084 9.66123e+06 1.55391e+06 161820816
0.203266 9.6111e+06 1.95361e+06 203720128
0.253679 9.66671e+06 2.45225e+06 256468304
0.322131 9.6195e+06 3.09874e+06 322874384
0.40589 9.59925e+06 3.89624e+06 406474576
0.517684 9.44503e+06 4.88954e+06 511721120
0.640731 9.64088e+06 6.17721e+06 644218576
0.814881 9.53159e+06 7.76712e+06 811022928
1.01766 9.57475e+06 9.74384e+06 1021017232
