# filename: ./acpphint-RPi5-8192MiB-threads_4-LP64-FreeBSD_main_n266876_e183039f0882_64bit-clang++_17_O3lto-libc++-cpulockdown-DSIZE_ull-ISIZE_ull-using_2_threads_creation_untimed-cpus_0_3.txt
# acpphint_main version: 0.1.38

4.685e-06 1.49413e+06 7 976
4.629e-06 1.94426e+06 9 1184
4.685e-06 2.34792e+06 11 1392
5.13e-06 2.53411e+06 13 1600
5.222e-06 2.87246e+06 15 1808
5.24e-06 3.62595e+06 19 2224
5.499e-06 4.18258e+06 23 2640
5.37e-06 5.38797e+06 28.9334 3264
5.426e-06 6.40959e+06 34.7785 3888
5.5e-06 7.78519e+06 42.8186 4720
6.056e-06 8.73225e+06 52.8825 5760
6.166e-06 1.05115e+07 64.8139 7008
6.093e-06 1.32687e+07 80.8465 8672
6.796e-06 1.48197e+07 100.715 10752
6.908e-06 1.83845e+07 127 13456
7.351e-06 2.16297e+07 159 16784
7.907e-06 2.51104e+07 198.548 20944
8.351e-06 2.97771e+07 248.668 26144
9.222e-06 3.38722e+07 312.369 32800
1.0278e-05 3.81756e+07 392.369 41120
1.1481e-05 4.30439e+07 494.187 51728
1.3222e-05 4.6996e+07 621.382 65040
1.5148e-05 5.1621e+07 781.955 81680
1.7944e-05 5.47925e+07 983.196 102688
2.0925e-05 5.90257e+07 1235.11 129104
2.5166e-05 6.18843e+07 1557.38 162384
2.9758e-05 6.5769e+07 1957.15 204192
3.6313e-05 6.77574e+07 2460.47 257024
4.4535e-05 6.97094e+07 3104.51 323376
5.4813e-05 7.12071e+07 3903.07 406992
6.8126e-05 7.19962e+07 4904.82 512240
8.4533e-05 7.32636e+07 6193.19 644736
0.000105255 7.39611e+07 7784.78 811552
0.000131179 7.45765e+07 9782.87 1021632
0.000163696 7.54908e+07 12357.5 1286000
0.000205176 7.5691e+07 15530 1618800
0.000258415 7.5504e+07 19511.4 2037712
0.000342799 7.19269e+07 24656.5 2565200
0.000720894 4.29772e+07 30982 3229344
0.00143606 2.7103e+07 38921.7 4065296
0.00223612 2.20034e+07 49202.3 5117776
0.00367819 1.68048e+07 61811.3 6442736
0.00556712 1.39466e+07 77642.6 8110688
0.00764297 1.28435e+07 98162.9 10210656
0.0110585 1.11517e+07 123322 12854336
0.0148463 1.04329e+07 154891 16182544
0.0170724 1.14694e+07 195811 20372496
0.024143 1.01913e+07 246048 25647376
0.0310502 9.95138e+06 308992 32287984
0.0396462 9.85192e+06 390591 40647920
0.0486811 1.00839e+07 490894 51172512
0.0581132 1.06067e+07 616392 64422320
0.0714484 1.09043e+07 779097 81102672
0.0864892 1.13233e+07 979346 102102144
0.096607 1.27272e+07 1.22953e+06 128538944
0.124449 1.24864e+07 1.55391e+06 161820816
0.155118 1.25944e+07 1.95361e+06 203720128
0.207881 1.17964e+07 2.45225e+06 256468304
0.274037 1.13077e+07 3.09874e+06 322874384
0.353751 1.10141e+07 3.89624e+06 406474576
0.481308 1.01589e+07 4.88954e+06 511721120
0.625831 9.87042e+06 6.17721e+06 644218576
0.659992 1.17685e+07 7.76712e+06 811022928
0.892891 1.09127e+07 9.74384e+06 1021017232
0.971963 1.26603e+07 1.23053e+07 1285384400
1.21207 1.27632e+07 1.54699e+07 1618202912
