# filename: ./acpphint-RPi5-8192MiB-threads_4-LP64-FreeBSD_main_n273201_e4ac0183a1a8_64bit-clang++_19_O3lto-libc++-cpulockdown-DSIZE_ul-ISIZE_ul-using_3_threads-cpus_1_2_3.txt
# acpphint_main version: 0.1.41

4.4407e-05 247709 11 1464
4.4167e-05 316979 14 1776
4.4149e-05 385060 17 2088
4.4982e-05 444622 20 2400
4.3426e-05 529637 23 2712
4.6075e-05 629409 29 3336
4.4463e-05 787171 35 3960
4.4e-05 996971 43.8667 4896
4.5741e-05 1.14899e+06 52.5562 5832
4.4593e-05 1.44948e+06 64.6367 7080
4.6149e-05 1.72839e+06 79.7633 8640
4.7e-05 2.07728e+06 97.6321 10512
4.5167e-05 2.69435e+06 121.696 13008
4.4704e-05 3.38741e+06 151.431 16128
4.6796e-05 4.08155e+06 191 20184
4.4834e-05 5.33078e+06 239 25176
4.5593e-05 6.5383e+06 298.101 31416
4.7816e-05 7.80767e+06 373.332 39216
4.7019e-05 9.96865e+06 468.716 49200
4.7705e-05 1.23414e+07 588.747 61680
4.8019e-05 1.5439e+07 741.364 77592
4.9815e-05 1.87034e+07 931.71 97560
5.1945e-05 2.25802e+07 1172.93 122520
5.3019e-05 2.78084e+07 1474.37 154032
5.6964e-05 3.24961e+07 1851.11 193656
5.9889e-05 3.9002e+07 2335.79 243576
6.4352e-05 4.55973e+07 2934.27 306288
7.0686e-05 5.21561e+07 3686.7 385536
7.8556e-05 5.92707e+07 4656.07 485064
8.852e-05 6.6099e+07 5851.08 610488
0.000100279 7.32769e+07 7348.13 768360
0.00011763 7.89634e+07 9288.46 967104
0.000137946 8.45943e+07 11669.4 1217328
0.000173502 8.44644e+07 14654.7 1532448
0.000240762 7.69813e+07 18534.2 1929000
0.000510709 4.55813e+07 23278.8 2428200
0.000717618 4.0726e+07 29225.7 3056568
0.00121051 3.05508e+07 36982.1 3847800
0.00220854 2.10273e+07 46439.6 4844016
0.00340775 1.7107e+07 58296.3 6097944
0.00493899 1.49426e+07 73801.6 7676664
0.00692706 1.33749e+07 92648.8 9664104
0.0094894 1.22542e+07 116285 12166032
0.0124509 1.18254e+07 147237 15315984
0.0162797 1.13543e+07 184844 19281504
0.0210601 1.10145e+07 231965 24273816
0.0270572 1.08539e+07 293675 30558744
0.0348839 1.05719e+07 368788 38471064
0.0441465 1.04814e+07 462719 48431976
0.0564207 1.03817e+07 585745 60971880
0.0710366 1.03574e+07 735751 76758768
0.0902934 1.0222e+07 922980 96633480
0.113711 1.02736e+07 1.16823e+06 121654008
0.145231 1.01064e+07 1.46776e+06 153153216
0.180928 1.01747e+07 1.84089e+06 192808416
0.229901 1.01333e+07 2.32966e+06 242731224
0.288654 1.01422e+07 2.92759e+06 305580192
0.3656 1.00407e+07 3.6709e+06 384702456
0.45782 1.01449e+07 4.64455e+06 484311576
0.584305 9.99035e+06 5.83741e+06 609711864
0.729333 1.00326e+07 7.31709e+06 767581680
0.919491 1.00651e+07 9.2548e+06 966327864
1.15814 1.00434e+07 1.16317e+07 1216534392
