# filename: ./acpphint-RPi5-8192MiB-threads_4-LP64-FreeBSD_main_n273201_e4ac0183a1a8_64bit-clang++_19_O3lto-libc++-cpulockdown-DSIZE_ul-ISIZE_ul-using_4_threads.txt
# acpphint_main version: 0.1.41

5.1907e-05 288978 15 1952
5.2111e-05 364606 19 2368
5.1316e-05 448203 23 2784
5.4612e-05 494397 27 3200
5.6445e-05 549207 31 3616
5.5668e-05 700582 39 4448
5.3241e-05 882778 47 5280
5.6371e-05 1.04309e+06 58.8001 6528
5.3001e-05 1.32703e+06 70.3339 7776
5.3408e-05 1.61876e+06 86.4548 9440
5.4019e-05 1.97419e+06 106.644 11520
5.4056e-05 2.41326e+06 130.451 14016
5.4019e-05 3.00906e+06 162.546 17344
5.4501e-05 3.70906e+06 202.147 21504
5.463e-05 4.66776e+06 255 26912
5.4648e-05 5.83736e+06 319 33568
5.5445e-05 7.17206e+06 397.655 41888
5.5612e-05 8.95479e+06 497.994 52288
5.5001e-05 1.13645e+07 625.057 65600
5.6797e-05 1.38234e+07 785.128 82240
5.9168e-05 1.67073e+07 988.539 103456
5.8426e-05 2.12581e+07 1242.03 130080
6.0612e-05 2.58019e+07 1563.9 163360
6.2612e-05 3.13925e+07 1965.55 205376
6.4889e-05 3.80199e+07 2467.07 258208
7.0148e-05 4.43948e+07 3114.2 324768
7.5871e-05 5.15531e+07 3911.39 408384
8.076e-05 6.0833e+07 4912.88 514048
8.8853e-05 6.98641e+07 6207.63 646752
0.00010052 7.75874e+07 7799.08 813984
0.000117465 8.33553e+07 9791.33 1024480
0.000187669 6.59872e+07 12383.7 1289472
0.000367022 4.23792e+07 15554.1 1623104
0.000641396 3.04435e+07 19526.4 2043264
0.00101429 2.43627e+07 24710.8 2572000
0.00147561 2.10269e+07 31027.5 3237600
0.00210565 1.84929e+07 38939.5 4075424
0.00284566 1.73273e+07 49307.6 5130400
0.00389865 1.58765e+07 61897.1 6458688
0.00532142 1.45957e+07 77669.8 8130592
0.00728922 1.34995e+07 98400.6 10235552
0.00988312 1.24946e+07 123486 12885472
0.0130149 1.19037e+07 154925 16221376
0.0168747 1.16334e+07 196309 20421312
0.0217005 1.13529e+07 246365 25708672
0.0280282 1.10258e+07 309034 32365088
0.0359584 1.08885e+07 391534 40744992
0.0456065 1.07774e+07 491521 51294752
0.0579428 1.06386e+07 616428 64575968
0.0734358 1.06335e+07 780880 81295840
0.0929138 1.05537e+07 980581 102345024
0.117868 1.04313e+07 1.22951e+06 128844640
0.148057 1.05181e+07 1.55728e+06 162205344
0.186634 1.04808e+07 1.95606e+06 204204288
0.236086 1.03862e+07 2.45204e+06 257077888
0.298834 1.03907e+07 3.10511e+06 323641632
0.374958 1.04042e+07 3.90112e+06 407440256
0.473412 1.03268e+07 4.88881e+06 512936608
0.596521 1.03755e+07 6.18922e+06 645748768
0.750174 1.03667e+07 7.77683e+06 812949152
0.946185 1.02959e+07 9.7418e+06 1023442240
1.19203 1.0342e+07 1.23279e+07 1288437152
