# filename: ./acpphint-RPi5-8192MiB-threads_4-LP64-FreeBSD_main_n266876_e183039f0882_64bit-clang++_17_O3lto-libc++-cpulockdown-DSIZE_ul-ISIZE_ul-using_2_threads_creation_untimed.txt
# acpphint_main version: 0.1.38

4.6945e-06 1.49111e+06 7 976
4.926e-06 1.82704e+06 9 1184
4.445e-06 2.47469e+06 11 1392
4.407e-06 2.94985e+06 13 1600
4.482e-06 3.34672e+06 15 1808
4.963e-06 3.82833e+06 19 2224
4.944e-06 4.6521e+06 23 2640
4.0555e-06 7.13436e+06 28.9334 3264
4.685e-06 7.42336e+06 34.7785 3888
4.852e-06 8.82493e+06 42.8186 4720
5.371e-06 9.84594e+06 52.8825 5760
5.575e-06 1.16258e+07 64.8139 7008
5.445e-06 1.48478e+07 80.8465 8672
4.426e-06 2.27552e+07 100.715 10752
5.87e-06 2.16354e+07 127 13456
7.222e-06 2.20161e+07 159 16784
7.555e-06 2.62803e+07 198.548 20944
7.389e-06 3.36539e+07 248.668 26144
8.13e-06 3.84218e+07 312.369 32800
8.944e-06 4.38695e+07 392.369 41120
1.026e-05 4.81664e+07 494.187 51728
1.1852e-05 5.24284e+07 621.382 65040
1.3834e-05 5.65241e+07 781.955 81680
1.637e-05 6.00608e+07 983.196 102688
1.9593e-05 6.30385e+07 1235.11 129104
2.3667e-05 6.58038e+07 1557.38 162384
2.8833e-05 6.7879e+07 1957.15 204192
3.5149e-05 7.00013e+07 2460.47 257024
4.339e-05 7.1549e+07 3104.51 323376
5.3575e-05 7.28525e+07 3903.07 406992
6.6186e-05 7.41065e+07 4904.82 512240
8.2519e-05 7.50517e+07 6193.19 644736
0.000103278 7.53769e+07 7784.78 811552
0.000129408 7.55971e+07 9782.87 1021632
0.000161241 7.66402e+07 12357.5 1286000
0.000202649 7.66349e+07 15530 1618800
0.000255613 7.63317e+07 19511.4 2037712
0.000323817 7.61433e+07 24656.5 2565200
0.000656874 4.71658e+07 30982 3229344
0.00154729 2.51548e+07 38921.7 4065296
0.00261274 1.88317e+07 49202.3 5117776
0.00415613 1.48723e+07 61811.3 6442736
0.00620138 1.25202e+07 77642.6 8110688
0.00885779 1.10821e+07 98162.9 10210656
0.00955623 1.29049e+07 123322 12854336
0.0125099 1.23815e+07 154891 16182544
0.016461 1.18954e+07 195811 20372496
0.021188 1.16126e+07 246048 25647376
0.0262568 1.17681e+07 308992 32287984
0.0331853 1.177e+07 390591 40647920
0.0412055 1.19133e+07 490894 51172512
0.0538095 1.14551e+07 616392 64422320
0.0667781 1.1667e+07 779097 81102672
0.0869097 1.12685e+07 979346 102102144
0.115241 1.06692e+07 1.22953e+06 128538944
0.142284 1.09212e+07 1.55391e+06 161820816
0.188086 1.03868e+07 1.95361e+06 203720128
0.234772 1.04452e+07 2.45225e+06 256468304
0.296044 1.04672e+07 3.09874e+06 322874384
0.406854 9.57651e+06 3.89624e+06 406474576
0.494454 9.88877e+06 4.88954e+06 511721120
0.624596 9.88993e+06 6.17721e+06 644218576
0.777666 9.98772e+06 7.76712e+06 811022928
0.970526 1.00398e+07 9.74384e+06 1021017232
1.1521 1.06808e+07 1.23053e+07 1285384400
