# filename: ./acpphint-RPi5-8192MiB-threads_4-LP64-FreeBSD_main_n266876_e183039f0882_64bit-clang++_17_O3lto-libc++-cpulockdown-DSIZE_ull-ISIZE_ull-using_1_threads-cpus_1.txt
# acpphint_main version: 0.1.38

4.54041e-08 2.20244e+07 1 280
7.06633e-08 2.83032e+07 2 384
9.59444e-08 3.12681e+07 3 488
1.21966e-07 3.27962e+07 4 592
1.45833e-07 3.42857e+07 5 696
1.7019e-07 3.52546e+07 6 800
1.96e-07 3.57143e+07 7 904
2.46714e-07 3.64794e+07 9 1112
2.96292e-07 3.71256e+07 11 1320
3.765e-07 3.71846e+07 14 1632
4.5025e-07 3.77568e+07 17 1944
5.50917e-07 3.81183e+07 21 2360
6.778e-07 3.83594e+07 26 2880
8.28625e-07 3.86182e+07 32 3504
1.02783e-06 3.89168e+07 40 4336
1.27775e-06 3.91313e+07 50 5376
1.602e-06 3.93258e+07 63 6728
2.009e-06 3.9323e+07 79 8392
2.5e-06 3.96e+07 99 10472
3.1295e-06 3.96229e+07 124 13072
3.945e-06 3.95437e+07 156 16400
4.944e-06 3.9644e+07 196 20560
6.185e-06 3.99353e+07 247 25864
7.815e-06 3.97953e+07 311 32520
9.815e-06 3.9837e+07 391 40840
1.2315e-05 3.99513e+07 492 51344
1.5555e-05 3.97943e+07 619 64552
1.9722e-05 3.9499e+07 779 81192
2.4722e-05 3.96408e+07 980 102096
3.124e-05 3.95006e+07 1234 128512
3.9425e-05 3.93912e+07 1553 161688
4.9629e-05 3.93923e+07 1955 203496
6.2499e-05 3.93766e+07 2461 256120
7.8573e-05 3.94283e+07 3098 322368
9.9202e-05 3.93137e+07 3900 405776
0.000124923 3.93042e+07 4909.99 510816
0.000157516 3.92404e+07 6180.99 643000
0.000198237 3.92509e+07 7780.99 809400
0.000249589 3.92444e+07 9794.98 1018856
0.000315569 3.90753e+07 12331 1282600
0.000398252 3.89802e+07 15523.9 1614672
0.000502157 3.89179e+07 19542.9 2032648
0.000638748 3.85173e+07 24602.9 2558888
0.00108952 2.8428e+07 30972.8 3221368
0.00163143 2.39002e+07 38991.6 4055344
0.00263353 1.86394e+07 49087.4 5105328
0.00443998 1.39183e+07 61797.1 6427168
0.00659908 1.17891e+07 77797.6 8091272
0.0073299 1.33618e+07 97940.8 10186248
0.0111721 1.10363e+07 123299 12823688
0.0148733 1.04364e+07 155223 16143992
0.0193691 1.00888e+07 195412 20323960
0.0248527 9.89857e+06 246006 25586256
0.0301186 1.02826e+07 309699 32211160
0.0400962 9.72361e+06 389880 40551336
0.0510209 9.61994e+06 490818 51051072
0.0548325 1.12686e+07 617885 64269472
0.0680023 1.14385e+07 777842 80910408
0.084816 1.1545e+07 979199 101860064
0.102791 1.19919e+07 1.23267e+06 128234152
0.135856 1.14218e+07 1.55172e+06 161437192
0.174247 1.12101e+07 1.95331e+06 203237288
0.203638 1.20743e+07 2.45879e+06 255860560
0.268891 1.15101e+07 3.09497e+06 322109288
0.401514 9.7023e+06 3.89561e+06 405511464
0.552644 8.87213e+06 4.90313e+06 510508616
0.710531 8.68485e+06 6.17085e+06 642692200
0.837974 9.2673e+06 7.76575e+06 809101456
1.04668 9.33613e+06 9.77193e+06 1018598328
