# filename: ./acpphint-RPi5-8192MiB-threads_4-LP64-FreeBSD_main_n266876_e183039f0882_64bit-clang++_17_O3lto-libc++-cpulockdown-DSIZE_ul-ISIZE_ul-using_3_threads_creation_untimed-cpus_0_1_2.txt
# acpphint_main version: 0.1.38

1.3648e-05 805979 11 1464
1.0944e-05 1.27924e+06 14 1776
1.1018e-05 1.54293e+06 17 2088
1.2295e-05 1.62668e+06 20 2400
1.0944e-05 2.10161e+06 23 2712
1.1037e-05 2.62753e+06 29 3336
1.1204e-05 3.12388e+06 35 3960
1.1611e-05 3.77803e+06 43.8667 4896
1.1351e-05 4.63009e+06 52.5562 5832
1.1795e-05 5.48001e+06 64.6367 7080
1.1463e-05 6.95833e+06 79.7633 8640
1.1647e-05 8.38259e+06 97.6321 10512
1.1852e-05 1.0268e+07 121.696 13008
1.2388e-05 1.2224e+07 151.431 16128
1.2833e-05 1.48835e+07 191 20184
1.4222e-05 1.68049e+07 239 25176
1.411e-05 2.11269e+07 298.101 31416
1.3926e-05 2.68083e+07 373.332 39216
1.5037e-05 3.11708e+07 468.716 49200
1.5869e-05 3.71004e+07 588.747 61680
1.7352e-05 4.2725e+07 741.364 77592
1.9796e-05 4.70656e+07 931.71 97560
2.1888e-05 5.35877e+07 1172.93 122520
2.348e-05 6.27927e+07 1474.37 154032
2.7443e-05 6.74528e+07 1851.11 193656
3.1776e-05 7.35079e+07 2335.79 243576
3.6924e-05 7.94679e+07 2934.27 306288
4.348e-05 8.47908e+07 3686.7 385536
5.0942e-05 9.13994e+07 4656.07 485064
6.096e-05 9.59824e+07 5851.08 610488
7.4274e-05 9.89328e+07 7348.13 768360
9.0126e-05 1.03061e+08 9288.46 967104
0.000111439 1.04716e+08 11669.4 1217328
0.000141975 1.03221e+08 14654.7 1532448
0.000186955 9.91371e+07 18534.2 1929000
0.000322763 7.21234e+07 23278.8 2428200
0.00056816 5.14392e+07 29225.7 3056568
0.000923792 4.00329e+07 36982.1 3847800
0.00175825 2.64123e+07 46439.6 4844016
0.0028353 2.05609e+07 58296.3 6097944
0.004213 1.75176e+07 73801.6 7676664
0.0061827 1.49852e+07 92648.8 9664104
0.00901454 1.28997e+07 116285 12166032
0.0124152 1.18594e+07 147237 15315984
0.016216 1.13989e+07 184844 19281504
0.0199963 1.16004e+07 231965 24273816
0.0243971 1.20373e+07 293675 30558744
0.0308255 1.19637e+07 368788 38471064
0.039323 1.17672e+07 462719 48431976
0.0499458 1.17276e+07 585745 60971880
0.0623067 1.18085e+07 735751 76758768
0.0707508 1.30455e+07 922980 96633480
0.0872447 1.33902e+07 1.16823e+06 121654008
0.116428 1.26066e+07 1.46776e+06 153153216
0.143561 1.2823e+07 1.84089e+06 192808416
0.179393 1.29863e+07 2.32966e+06 242731224
0.224105 1.30635e+07 2.92759e+06 305580192
0.292722 1.25406e+07 3.6709e+06 384702456
0.376759 1.23276e+07 4.64455e+06 484311576
0.502124 1.16254e+07 5.83741e+06 609711864
0.646476 1.13184e+07 7.31709e+06 767581680
0.835358 1.10788e+07 9.2548e+06 966327864
1.05811 1.09928e+07 1.16317e+07 1216534392
