# filename: ./acpphint-RPi5-8192MiB-threads_4-LP64-FreeBSD_main_n266876_e183039f0882_64bit-clang++_17_O3lto-libc++-cpulockdown-DSIZE_ul-ISIZE_ul-using_3_threads-cpus_0_1_2.txt
# acpphint_main version: 0.1.38

4.0609e-05 270876 11 1464
3.9628e-05 353286 14 1776
4.1905e-05 405680 17 2088
4.2332e-05 472456 20 2400
3.9721e-05 579039 23 2712
4.0906e-05 708942 29 3336
4.0202e-05 870603 35 3960
4.0146e-05 1.09268e+06 43.8667 4896
4.1628e-05 1.26252e+06 52.5562 5832
4.0239e-05 1.60632e+06 64.6367 7080
3.9962e-05 1.99598e+06 79.7633 8640
4.385e-05 2.2265e+06 97.6321 10512
4.472e-05 2.72129e+06 121.696 13008
4.4183e-05 3.42735e+06 151.431 16128
4.5424e-05 4.20483e+06 191 20184
4.4924e-05 5.3201e+06 239 25176
4.5998e-05 6.48073e+06 298.101 31416
4.6591e-05 8.01296e+06 373.332 39216
4.8202e-05 9.724e+06 468.716 49200
4.7886e-05 1.22948e+07 588.747 61680
5.0534e-05 1.46706e+07 741.364 77592
5.059e-05 1.84169e+07 931.71 97560
5.3664e-05 2.18569e+07 1172.93 122520
5.5146e-05 2.67358e+07 1474.37 154032
5.9905e-05 3.09007e+07 1851.11 193656
6.3312e-05 3.68933e+07 2335.79 243576
6.8275e-05 4.29773e+07 2934.27 306288
7.3997e-05 4.98224e+07 3686.7 385536
8.3441e-05 5.58007e+07 4656.07 485064
9.5495e-05 6.12711e+07 5851.08 610488
0.000107328 6.84643e+07 7348.13 768360
0.000124587 7.4554e+07 9288.46 967104
0.00014629 7.97693e+07 11669.4 1217328
0.000179751 8.1528e+07 14654.7 1532448
0.000260784 7.1071e+07 18534.2 1929000
0.000418425 5.56343e+07 23278.8 2428200
0.000545902 5.35365e+07 29225.7 3056568
0.000969012 3.81647e+07 36982.1 3847800
0.00176957 2.62435e+07 46439.6 4844016
0.00281699 2.06946e+07 58296.3 6097944
0.00430045 1.71613e+07 73801.6 7676664
0.00615313 1.50572e+07 92648.8 9664104
0.00861324 1.35007e+07 116285 12166032
0.0113465 1.29764e+07 147237 15315984
0.0143341 1.28954e+07 184844 19281504
0.0185757 1.24876e+07 231965 24273816
0.023474 1.25107e+07 293675 30558744
0.0308819 1.19419e+07 368788 38471064
0.0395768 1.16917e+07 462719 48431976
0.0501799 1.16729e+07 585745 60971880
0.0620496 1.18575e+07 735751 76758768
0.0700967 1.31672e+07 922980 96633480
0.0874175 1.33637e+07 1.16823e+06 121654008
0.122016 1.20292e+07 1.46776e+06 153153216
0.143568 1.28224e+07 1.84089e+06 192808416
0.17869 1.30374e+07 2.32966e+06 242731224
0.221272 1.32307e+07 2.92759e+06 305580192
0.292368 1.25557e+07 3.6709e+06 384702456
0.376374 1.23402e+07 4.64455e+06 484311576
0.497157 1.17416e+07 5.83741e+06 609711864
0.651394 1.1233e+07 7.31709e+06 767581680
0.832796 1.11129e+07 9.2548e+06 966327864
1.06123 1.09605e+07 1.16317e+07 1216534392
