# filename: ./acpphint-MacchDblShot-16384MiB-threads_4-LP64-FreeBSD_13_r363590M_64bit-g++_10_O3lto-libc++-DSIZE_ul-ISIZE_ul-using_2_threads-cpus_0_2.txt
# acpphint_main version: 0.1.23

5.5245e-05 126708 7 976
5.3564e-05 168023 9 1184
5.5004e-05 199985 11 1392
5.5004e-05 236346 13 1600
5.4285e-05 276319 15 1808
5.6604e-05 335665 19 2224
5.8485e-05 393263 23 2640
6.5525e-05 441563 28.9334 3264
6.1325e-05 567117 34.7785 3888
5.4524e-05 785316 42.8186 4720
5.5884e-05 946291 52.8825 5760
5.9684e-05 1.08595e+06 64.8139 7008
5.8204e-05 1.38902e+06 80.8465 8672
5.9685e-05 1.68744e+06 100.715 10752
6.4965e-05 1.9549e+06 127 13456
6.3445e-05 2.50611e+06 159 16784
6.6445e-05 2.98815e+06 198.548 20944
6.8285e-05 3.64163e+06 248.668 26144
6.0484e-05 5.16449e+06 312.369 32800
6.2925e-05 6.2355e+06 392.369 41120
6.4765e-05 7.63047e+06 494.187 51728
7.3005e-05 8.5115e+06 621.382 65040
7.4846e-05 1.04475e+07 781.955 81680
8.0086e-05 1.22768e+07 983.196 102688
8.4606e-05 1.45984e+07 1235.11 129104
9.0246e-05 1.7257e+07 1557.38 162384
9.9407e-05 1.96883e+07 1957.15 204192
0.000112408 2.18888e+07 2460.47 257024
0.000129889 2.39012e+07 3104.51 323376
0.00015049 2.59358e+07 3903.07 406992
0.000181092 2.70847e+07 4904.82 512240
0.000216174 2.86491e+07 6193.19 644736
0.000257456 3.02373e+07 7784.78 811552
0.000307459 3.18185e+07 9782.87 1021632
0.000373264 3.31067e+07 12357.5 1286000
0.000460989 3.36884e+07 15530 1618800
0.000575995 3.38742e+07 19511.4 2037712
0.000742486 3.3208e+07 24656.5 2565200
0.00101298 3.05849e+07 30982 3229344
0.00137912 2.82221e+07 38921.7 4065296
0.00182119 2.70166e+07 49202.3 5117776
0.00236862 2.60959e+07 61811.3 6442736
0.00307863 2.52199e+07 77642.6 8110688
0.00393136 2.49692e+07 98162.9 10210656
0.00512903 2.40439e+07 123322 12854336
0.00648331 2.38907e+07 154891 16182544
0.00820717 2.38586e+07 195811 20372496
0.00954165 2.57867e+07 246048 25647376
0.0121132 2.55088e+07 308992 32287984
0.0152876 2.55495e+07 390591 40647920
0.0193637 2.53513e+07 490894 51172512
0.0246892 2.49661e+07 616392 64422320
0.0314986 2.47343e+07 779097 81102672
0.039424 2.48414e+07 979346 102102144
0.0518289 2.37229e+07 1.22953e+06 128538944
0.065001 2.3906e+07 1.55391e+06 161820816
0.0821838 2.37713e+07 1.95361e+06 203720128
0.104138 2.3548e+07 2.45225e+06 256468304
0.131125 2.36319e+07 3.09874e+06 322874384
0.164851 2.36349e+07 3.89624e+06 406474576
0.208722 2.34261e+07 4.88954e+06 511721120
0.264398 2.33633e+07 6.17721e+06 644218576
0.332479 2.33612e+07 7.76712e+06 811022928
0.418786 2.32669e+07 9.74384e+06 1021017232
0.526798 2.33587e+07 1.23053e+07 1285384400
0.664283 2.32881e+07 1.54699e+07 1618202912
0.836803 2.31784e+07 1.93958e+07 2037196656
1.05383 2.3228e+07 2.44783e+07 2564678416
