# filename: ./acpphint-MacchDblShot-16384MiB-threads_4-LP64-FreeBSD_main_n247756_348c41d1815d_64bit-g++_11_O3lto-libc++-DSIZE_d-ISIZE_ul-using_1_threads-cpus_0.txt
# acpphint_main version: 0.1.24

1.18025e-07 8.47278e+06 1 280
1.72346e-07 1.16046e+07 2 384
2.201e-07 1.36302e+07 3 488
2.72625e-07 1.46722e+07 4 592
3.23231e-07 1.54688e+07 5 696
3.74636e-07 1.60155e+07 6 800
4.242e-07 1.65017e+07 7 904
5.30125e-07 1.69771e+07 9 1112
6.26833e-07 1.75485e+07 11 1320
7.802e-07 1.79441e+07 14 1632
9.3025e-07 1.82747e+07 17 1944
1.13367e-06 1.8524e+07 21 2360
1.3905e-06 1.86983e+07 26 2880
1.70025e-06 1.88208e+07 32 3504
2.1205e-06 1.88635e+07 40 4336
2.6205e-06 1.90803e+07 50 5376
3.2805e-06 1.92044e+07 63 6728
4.081e-06 1.9358e+07 79 8392
5.121e-06 1.93322e+07 99 10472
6.362e-06 1.94907e+07 124 13072
8.002e-06 1.94951e+07 156 16400
1.0002e-05 1.95961e+07 196 20560
1.2602e-05 1.96001e+07 247 25864
1.5882e-05 1.95819e+07 311 32520
2.0283e-05 1.92772e+07 391 40840
2.5643e-05 1.91865e+07 492 51344
3.2643e-05 1.89627e+07 619 64552
4.1284e-05 1.88693e+07 778.999 81192
5.1965e-05 1.88588e+07 979.999 102096
6.6846e-05 1.84603e+07 1234 128512
8.3767e-05 1.85395e+07 1553 161688
0.000106849 1.82968e+07 1955 203496
0.000133611 1.84191e+07 2460.99 256120
0.000169734 1.8252e+07 3097.99 322368
0.000213697 1.82501e+07 3899.99 405776
0.000272061 1.80473e+07 4909.98 510816
0.000344666 1.79332e+07 6180.96 643000
0.000433393 1.79535e+07 7780.94 809400
0.000578884 1.69203e+07 9794.91 1018856
0.000698892 1.76434e+07 12330.9 1282600
0.000884907 1.75428e+07 15523.8 1614672
0.00115221 1.6961e+07 19542.6 2032648
0.00144559 1.7019e+07 24602.4 2558888
0.00189166 1.63729e+07 30972 3221368
0.0024239 1.60858e+07 38990.5 4055344
0.00301894 1.62592e+07 49085.6 5105328
0.00385892 1.60133e+07 61794.2 6427168
0.00477987 1.62751e+07 77792.9 8091272
0.0061495 1.59254e+07 97933.4 10186248
0.00770577 1.59994e+07 123288 12823688
0.00973036 1.59506e+07 155205 16143992
0.0126351 1.54635e+07 195383 20323960
0.0158834 1.54853e+07 245959 25586256
0.0196474 1.57591e+07 309625 32211160
0.0252542 1.54336e+07 389763 40551336
0.0311895 1.57307e+07 490634 51051072
0.0397263 1.55462e+07 617593 64269472
0.0503644 1.54351e+07 777381 80910408
0.0618986 1.58076e+07 978467 101860064
0.0784032 1.57073e+07 1.2315e+06 128234152
0.0993622 1.55983e+07 1.54988e+06 161437192
0.12419 1.5705e+07 1.9504e+06 203237288
0.158047 1.55282e+07 2.45418e+06 255860560
0.198389 1.55638e+07 3.08767e+06 322109288
0.247388 1.57002e+07 3.88404e+06 405511464
0.315153 1.54999e+07 4.88483e+06 510508616
0.394867 1.55543e+07 6.14187e+06 642692200
0.496563 1.55466e+07 7.71989e+06 809101456
0.626899 1.54721e+07 9.69942e+06 1018598328
0.788515 1.54471e+07 1.21803e+07 1282339208
0.998933 1.53024e+07 1.5286e+07 1614369296
1.25309 1.52967e+07 1.91683e+07 2032370464
