# filename: ./acpphint-MacchDblShot-16384MiB-threads_4-LP64-FreeBSD_main_n247756_348c41d1815d_64bit-g++_11_O3lto-libc++-DSIZE_ull-ISIZE_ull-using_3_threads-cpus_0_1_3.txt
# acpphint_main version: 0.1.24

8.1046e-05 135725 11 1464
7.9046e-05 177112 14 1776
7.8366e-05 216931 17 2088
7.5846e-05 263692 20 2400
7.7966e-05 295000 23 2712
8.0926e-05 358352 29 3336
8.0166e-05 436594 35 3960
7.2726e-05 603178 43.8667 4896
8.4927e-05 618839 52.5562 5832
7.8006e-05 828612 64.6367 7080
7.9526e-05 1.00298e+06 79.7633 8640
7.7526e-05 1.25935e+06 97.6321 10512
8.1366e-05 1.49566e+06 121.696 13008
7.6526e-05 1.97881e+06 151.431 16128
8.4367e-05 2.26392e+06 191 20184
7.8006e-05 3.06387e+06 239 25176
8.4807e-05 3.51505e+06 298.101 31416
8.4727e-05 4.40629e+06 373.332 39216
8.4886e-05 5.52171e+06 468.716 49200
8.9247e-05 6.59683e+06 588.747 61680
8.1566e-05 9.08913e+06 741.364 77592
8.1606e-05 1.14172e+07 931.71 97560
8.6847e-05 1.35057e+07 1172.93 122520
9.1567e-05 1.61016e+07 1474.37 154032
0.000100368 1.84432e+07 1851.11 193656
0.000107048 2.182e+07 2335.79 243576
0.000128809 2.278e+07 2934.27 306288
0.00013673 2.69634e+07 3686.7 385536
0.000160252 2.90547e+07 4656.07 485064
0.000184133 3.17764e+07 5851.08 610488
0.000208735 3.52032e+07 7348.13 768360
0.000257377 3.60889e+07 9288.46 967104
0.00029674 3.93255e+07 11669.4 1217328
0.000367785 3.98459e+07 14654.7 1532448
0.000486513 3.8096e+07 18534.2 1929000
0.000642283 3.62438e+07 23278.8 2428200
0.000858817 3.40302e+07 29225.7 3056568
0.00118668 3.11644e+07 36982.1 3847800
0.00160927 2.88576e+07 46439.6 4844016
0.00212142 2.74799e+07 58296.3 6097944
0.00277746 2.65716e+07 73801.6 7676664
0.00351243 2.63774e+07 92648.8 9664104
0.0045415 2.5605e+07 116285 12166032
0.00590363 2.49401e+07 147237 15315984
0.00760678 2.42999e+07 184844 19281504
0.00967835 2.39674e+07 231965 24273816
0.0122158 2.40407e+07 293675 30558744
0.0147258 2.50437e+07 368788 38471064
0.0186777 2.47738e+07 462719 48431976
0.0234968 2.49287e+07 585745 60971880
0.0295007 2.49401e+07 735751 76758768
0.0378439 2.43891e+07 922980 96633480
0.0478603 2.44091e+07 1.16823e+06 121654008
0.0593451 2.47327e+07 1.46776e+06 153153216
0.076676 2.40086e+07 1.84089e+06 192808416
0.0963724 2.41735e+07 2.32966e+06 242731224
0.123686 2.36694e+07 2.92759e+06 305580192
0.156474 2.34602e+07 3.6709e+06 384702456
0.193774 2.39689e+07 4.64455e+06 484311576
0.236877 2.46432e+07 5.83741e+06 609711864
0.297715 2.45775e+07 7.31709e+06 767581680
0.373324 2.47903e+07 9.2548e+06 966327864
0.476729 2.43989e+07 1.16317e+07 1216534392
0.606208 2.40392e+07 1.45728e+07 1531525848
0.773904 2.38037e+07 1.84218e+07 1928076600
0.969431 2.38764e+07 2.31465e+07 2427304368
1.20951 2.39559e+07 2.89748e+07 3055794984
