# filename: ./acpphint-MacchDblShot-16384MiB-threads_4-LP64-FreeBSD_13_r363590M_64bit-g++_10_O3lto-libc++-cpulockdown-DSIZE_ul-ISIZE_ul-using_2_threads-cpus_0_2.txt
# acpphint_main version: 0.1.23

5.4724e-05 127915 7 976
5.4124e-05 166285 9 1184
5.6444e-05 194883 11 1392
5.5565e-05 233960 13 1600
5.6884e-05 263695 15 1808
5.5525e-05 342188 19 2224
5.6805e-05 404894 23 2640
5.8325e-05 496072 28.9334 3264
5.7085e-05 609240 34.7785 3888
5.6004e-05 764562 42.8186 4720
5.7805e-05 914843 52.8825 5760
5.7404e-05 1.12908e+06 64.8139 7008
5.8245e-05 1.38804e+06 80.8465 8672
5.9884e-05 1.68183e+06 100.715 10752
7.0245e-05 1.80796e+06 127 13456
8.8567e-05 1.79525e+06 159 16784
8.9566e-05 2.21678e+06 198.548 20944
9.0686e-05 2.74208e+06 248.668 26144
9.0047e-05 3.46896e+06 312.369 32800
9.2966e-05 4.22056e+06 392.369 41120
9.4166e-05 5.24804e+06 494.187 51728
9.7847e-05 6.35054e+06 621.382 65040
0.000100927 7.74773e+06 781.955 81680
9.9327e-05 9.89858e+06 983.196 102688
0.000104687 1.17981e+07 1235.11 129104
0.000100088 1.55601e+07 1557.38 162384
0.000117568 1.6647e+07 1957.15 204192
0.000132409 1.85824e+07 2460.47 257024
0.000158731 1.95583e+07 3104.51 323376
0.000178212 2.19013e+07 3903.07 406992
0.000205334 2.3887e+07 4904.82 512240
0.000238896 2.59242e+07 6193.19 644736
0.000277258 2.80777e+07 7784.78 811552
0.000331181 2.95394e+07 9782.87 1021632
0.000399265 3.09507e+07 12357.5 1286000
0.000451308 3.44111e+07 15530 1618800
0.000586676 3.32575e+07 19511.4 2037712
0.000771208 3.19712e+07 24656.5 2565200
0.000994261 3.11608e+07 30982 3229344
0.00134104 2.90235e+07 38921.7 4065296
0.00182907 2.69002e+07 49202.3 5117776
0.00238722 2.58925e+07 61811.3 6442736
0.00303307 2.55987e+07 77642.6 8110688
0.00390608 2.51308e+07 98162.9 10210656
0.00515579 2.39191e+07 123322 12854336
0.00643423 2.40729e+07 154891 16182544
0.00832947 2.35083e+07 195811 20372496
0.00958302 2.56754e+07 246048 25647376
0.0120845 2.55693e+07 308992 32287984
0.0153541 2.54388e+07 390591 40647920
0.0198363 2.47472e+07 490894 51172512
0.0247803 2.48743e+07 616392 64422320
0.0311158 2.50387e+07 779097 81102672
0.0391925 2.49881e+07 979346 102102144
0.0510504 2.40847e+07 1.22953e+06 128538944
0.064567 2.40666e+07 1.55391e+06 161820816
0.0815675 2.39509e+07 1.95361e+06 203720128
0.104249 2.3523e+07 2.45225e+06 256468304
0.132211 2.34378e+07 3.09874e+06 322874384
0.167157 2.33089e+07 3.89624e+06 406474576
0.208074 2.3499e+07 4.88954e+06 511721120
0.264675 2.33389e+07 6.17721e+06 644218576
0.325091 2.38921e+07 7.76712e+06 811022928
0.405579 2.40245e+07 9.74384e+06 1021017232
0.491949 2.50134e+07 1.23053e+07 1285384400
0.612558 2.52546e+07 1.54699e+07 1618202912
0.769336 2.5211e+07 1.93958e+07 2037196656
0.974338 2.5123e+07 2.44783e+07 2564678416
1.24294 2.47454e+07 3.0757e+07 3228738592
