# filename: ./acpphint-MacchDblShot-16384MiB-threads_4-LP64-FreeBSD_main_n247756_348c41d1815d_64bit-g++_11_O3lto-libc++-DSIZE_d-ISIZE_ui-using_2_threads-cpus_1_2.txt
# acpphint_main version: 0.1.24

6.2885e-05 111316 7.00012 912
5.7925e-05 155375 9.0001 1104
5.7284e-05 192028 11.0001 1296
5.8845e-05 220919 13 1488
6.3486e-05 236273 15 1680
6.0325e-05 314951 18.9994 2064
5.5644e-05 413322 22.9989 2448
6.6645e-05 434123 28.9321 3024
5.3804e-05 646352 34.7763 3600
6.6765e-05 641305 42.8167 4368
4.6324e-05 1.14152e+06 52.8798 5328
6.9606e-05 931072 64.8082 6480
6.9166e-05 1.16876e+06 80.8385 8016
6.0925e-05 1.65293e+06 100.705 9936
6.0566e-05 2.09663e+06 126.984 12432
5.7325e-05 2.77315e+06 158.971 15504
6.3486e-05 3.12672e+06 198.503 19344
6.6846e-05 3.71891e+06 248.594 24144
5.7085e-05 5.46995e+06 312.252 30288
6.1685e-05 6.3577e+06 392.175 37968
6.5646e-05 7.52361e+06 493.895 47760
7.8366e-05 7.92341e+06 620.926 60048
8.6927e-05 8.98745e+06 781.252 75408
9.3168e-05 1.05392e+07 981.913 94800
9.8128e-05 1.25661e+07 1233.09 119184
0.000107208 1.44952e+07 1554 149904
0.000114289 1.7078e+07 1951.83 188496
0.000128489 1.90828e+07 2451.93 237264
0.000148291 2.08434e+07 3090.88 298512
0.000173532 2.23654e+07 3881.11 375696
0.000202815 2.40114e+07 4869.88 472848
0.000242618 2.53006e+07 6138.38 595152
0.000297301 2.58927e+07 7697.93 749136
0.000350385 2.75266e+07 9644.9 943056
0.00043215 2.80873e+07 12137.9 1187088
0.000530276 2.86368e+07 15185.4 1494288
