# filename: ./acpphint-MacchDblShot-16384MiB-threads_4-LP64-FreeBSD_13_r363590M_64bit-g++_10_O3lto-libc++-DSIZE_ui-ISIZE_ui-using_2_threads-cpus_0_1.txt
# acpphint_main version: 0.1.23

4.3883e-05 159498 6.99927 560
4.8084e-05 187146 8.99872 664
4.8764e-05 225538 10.9981 768
5.1364e-05 253046 12.9974 872
4.9284e-05 304289 14.9966 976
5.2925e-05 358893 18.9944 1184
4.5284e-05 507726 22.9919 1392
4.6324e-05 624317 28.9208 1704
5.2444e-05 662799 34.7598 2016
4.2603e-05 1.0044e+06 42.7906 2432
4.6324e-05 1.14065e+06 52.8394 2952
5.0084e-05 1.29281e+06 64.7492 3576
5.2044e-05 1.55149e+06 80.746 4408
4.4964e-05 2.23644e+06 100.559 5448
4.6844e-05 2.70588e+06 126.754 6800
4.8604e-05 3.2634e+06 158.614 8464
5.8165e-05 3.4032e+06 197.947 10544
5.1924e-05 4.77105e+06 247.732 13144
5.0484e-05 6.15814e+06 310.888 16472
5.2924e-05 7.36966e+06 390.032 20632
5.6524e-05 8.67766e+06 490.496 25936
5.6484e-05 1.08977e+07 615.543 32592
6.1645e-05 1.25352e+07 772.732 40912
6.0965e-05 1.58892e+07 968.683 51416
6.4885e-05 1.86832e+07 1212.26 64624
7.1285e-05 2.13401e+07 1521.23 81264
7.8566e-05 2.41892e+07 1900.45 102168
8.8526e-05 2.67882e+07 2371.45 128584
0.000100928 2.93687e+07 2964.12 161760
0.000111968 3.29002e+07 3683.77 203568
0.000135769 3.36107e+07 4563.3 256192
0.00015217 3.71853e+07 5658.49 322440
0.000184212 3.77745e+07 6958.52 405848
0.000217855 3.9073e+07 8512.25 510888
0.000266577 3.90023e+07 10397.1 643072
0.000332062 3.78097e+07 12555.2 809472
