# filename: ./acpphint-MacchDblShot-16384MiB-threads_4-LP64-FreeBSD_main_n247756_348c41d1815d_64bit-g++_11_O3lto-libc++-DSIZE_ul-ISIZE_ul-using_3_threads-cpus_0_1_2.txt
# acpphint_main version: 0.1.24

6.7005e-05 164167 11 1464
7.3485e-05 190515 14 1776
8.1446e-05 208727 17 2088
7.8726e-05 254046 20 2400
7.8845e-05 291712 23 2712
7.3805e-05 392927 29 3336
8.1406e-05 429944 35 3960
7.9525e-05 551609 43.8667 4896
7.6766e-05 684628 52.5562 5832
8.1446e-05 793614 64.6367 7080
7.9046e-05 1.00907e+06 79.7633 8640
8.0166e-05 1.21787e+06 97.6321 10512
7.8646e-05 1.54739e+06 121.696 13008
7.5126e-05 2.01569e+06 151.431 16128
7.8366e-05 2.43728e+06 191 20184
7.2925e-05 3.27734e+06 239 25176
8.3446e-05 3.57238e+06 298.101 31416
7.9525e-05 4.69452e+06 373.332 39216
7.8286e-05 5.98723e+06 468.716 49200
8.2606e-05 7.12717e+06 588.747 61680
8.1207e-05 9.12932e+06 741.364 77592
7.9406e-05 1.17335e+07 931.71 97560
8.3606e-05 1.40292e+07 1172.93 122520
9.0367e-05 1.63154e+07 1474.37 154032
9.0327e-05 2.04934e+07 1851.11 193656
0.000109008 2.14277e+07 2335.79 243576
0.000124008 2.3662e+07 2934.27 306288
0.000135129 2.72829e+07 3686.7 385536
0.00015085 3.08655e+07 4656.07 485064
0.000182012 3.21467e+07 5851.08 610488
0.000211294 3.47768e+07 7348.13 768360
0.000247856 3.74752e+07 9288.46 967104
0.000297779 3.91883e+07 11669.4 1217328
0.000363383 4.03286e+07 14654.7 1532448
0.000454428 4.07857e+07 18534.2 1929000
0.000611237 3.80847e+07 23278.8 2428200
0.000902975 3.2366e+07 29225.7 3056568
0.00119675 3.0902e+07 36982.1 3847800
0.00151649 3.06231e+07 46439.6 4844016
0.00205085 2.84255e+07 58296.3 6097944
0.00258988 2.84962e+07 73801.6 7676664
0.00345385 2.68248e+07 92648.8 9664104
0.00449651 2.58611e+07 116285 12166032
0.00561434 2.62251e+07 147237 15315984
0.00712199 2.5954e+07 184844 19281504
0.00928764 2.49757e+07 231965 24273816
0.0114997 2.55376e+07 293675 30558744
0.0148289 2.48695e+07 368788 38471064
0.0191718 2.41355e+07 462719 48431976
0.0241022 2.43026e+07 585745 60971880
0.030843 2.38547e+07 735751 76758768
0.0393483 2.34566e+07 922980 96633480
0.04869 2.39931e+07 1.16823e+06 121654008
0.0616805 2.37962e+07 1.46776e+06 153153216
0.0790757 2.328e+07 1.84089e+06 192808416
0.0993259 2.34547e+07 2.32966e+06 242731224
0.125967 2.32408e+07 2.92759e+06 305580192
0.158055 2.32254e+07 3.6709e+06 384702456
0.197433 2.35247e+07 4.64455e+06 484311576
0.25199 2.31653e+07 5.83741e+06 609711864
0.318034 2.30073e+07 7.31709e+06 767581680
0.398295 2.3236e+07 9.2548e+06 966327864
0.486403 2.39136e+07 1.16317e+07 1216534392
0.614133 2.3729e+07 1.45728e+07 1531525848
0.761124 2.42034e+07 1.84218e+07 1928076600
0.948037 2.44152e+07 2.31465e+07 2427304368
1.20087 2.41281e+07 2.89748e+07 3055794984
