# filename: ./acpphint-MacchDblShot-16384MiB-threads_4-LP64-FreeBSD_main_n247756_348c41d1815d_64bit-g++_11_O3lto-libc++-DSIZE_ld-ISIZE_ul-using_3_threads-cpus_0_1_3.txt
# acpphint_main version: 0.1.24

8.6007e-05 127897 11 2520
8.2446e-05 169808 14 3096
8.2086e-05 207100 17 3672
8.1606e-05 245080 20 4248
8.6246e-05 266679 23 4824
8.8006e-05 329523 29 5976
8.3886e-05 417233 35 7128
9.3567e-05 468827 43.8667 8856
9.3566e-05 561702 52.5562 10584
9.8127e-05 658705 64.6367 12888
0.000118249 674537 79.7633 15768
0.000116248 839860 97.6321 19224
0.000133809 909475 121.696 23832
0.00014525 1.04255e+06 151.431 29592
0.000173051 1.10372e+06 191 37080
0.000197613 1.20943e+06 239 46296
0.000224775 1.32622e+06 298.101 57816
0.000268818 1.38879e+06 373.332 72216
0.00031478 1.48903e+06 468.716 90648
0.000374704 1.57123e+06 588.747 113688
0.000452909 1.63689e+06 741.364 143064
0.000553115 1.68448e+06 931.71 179928
0.000677362 1.73161e+06 1172.93 226008
0.000837292 1.76088e+06 1474.37 284184
0.0010265 1.80331e+06 1851.11 357336
0.00127012 1.83903e+06 2335.79 449496
0.0015883 1.84743e+06 2934.28 565272
0.00196856 1.87279e+06 3686.71 711576
0.00245891 1.89355e+06 4656.07 895320
0.00309311 1.89165e+06 5851.09 1126872
0.00388792 1.88999e+06 7348.14 1418328
0.00486862 1.90783e+06 9288.48 1785240
0.00608637 1.91731e+06 11669.5 2247192
0.00766951 1.91079e+06 14654.8 2828952
0.00965535 1.91958e+06 18534.3 3561048
0.0121127 1.92185e+06 23278.9 4482648
0.0152499 1.91647e+06 29225.9 5642712
0.0193374 1.91248e+06 36982.4 7103448
0.0242933 1.91164e+06 46440.1 8942616
0.0307036 1.8987e+06 58297 11257560
0.0382093 1.93154e+06 73802.8 14172120
0.0477308 1.94111e+06 92650.6 17841240
0.0599706 1.93908e+06 116288 22460184
0.0756395 1.94662e+06 147241 28275480
0.0945753 1.95454e+06 184852 35596440
0.119307 1.94437e+06 231977 44813016
0.150018 1.95772e+06 293694 56415960
0.187538 1.96663e+06 368817 71023320
0.238849 1.93748e+06 462765 89412696
0.298937 1.95967e+06 585819 112563288
0.372982 1.97293e+06 735868 141708312
0.470234 1.9632e+06 923163 178400088
0.593746 1.96804e+06 1.16852e+06 224591832
0.757522 1.93819e+06 1.46822e+06 282744216
0.944799 1.94921e+06 1.84161e+06 355953816
1.19181 1.95569e+06 2.33082e+06 448119000
