# filename: ./acpphint-MacchDblShot-16384MiB-threads_4-LP64-FreeBSD_13_r363590M_64bit-g++_10_O3lto-libc++-DSIZE_d-ISIZE_ull-using_2_threads-cpus_1_3.txt
# acpphint_main version: 0.1.23

6.5205e-05 107354 7 976
6.0285e-05 149291 9 1184
5.9125e-05 186047 11 1392
7.1165e-05 182674 13 1600
7.0845e-05 211730 15 1808
5.5045e-05 345172 19 2224
6.2765e-05 366446 23 2640
7.0525e-05 410257 28.9334 3264
6.5565e-05 530442 34.7785 3888
6.4965e-05 659102 42.8186 4720
7.3966e-05 714957 52.8825 5760
6.9765e-05 929032 64.8139 7008
7.5686e-05 1.06818e+06 80.8465 8672
6.7125e-05 1.50041e+06 100.715 10752
6.7525e-05 1.88078e+06 127 13456
6.5525e-05 2.42655e+06 159 16784
6.9165e-05 2.87064e+06 198.548 20944
6.5845e-05 3.77657e+06 248.668 26144
6.9126e-05 4.51884e+06 312.369 32800
6.7005e-05 5.85581e+06 392.368 41120
7.5446e-05 6.55021e+06 494.187 51728
7.4366e-05 8.35572e+06 621.381 65040
8.7846e-05 8.90142e+06 781.954 81680
8.8847e-05 1.10662e+07 983.195 102688
9.5687e-05 1.29078e+07 1235.11 129104
0.000106368 1.46414e+07 1557.38 162384
0.000121929 1.60516e+07 1957.15 204192
0.000132529 1.85655e+07 2460.47 257024
0.00015325 2.02578e+07 3104.5 323376
0.000178011 2.1926e+07 3903.06 406992
0.000210094 2.33457e+07 4904.8 512240
0.000248736 2.48985e+07 6193.17 644736
0.000298219 2.61041e+07 7784.73 811552
0.000357303 2.73796e+07 9782.8 1021632
0.000436547 2.83072e+07 12357.4 1286000
0.000544074 2.85435e+07 15529.8 1618800
0.000682002 2.86085e+07 19511.1 2037712
0.000873934 2.82127e+07 24656 2565200
0.00113291 2.73467e+07 30981.3 3229344
0.00149977 2.5951e+07 38920.5 4065296
0.00194432 2.53047e+07 49200.5 5117776
0.00256424 2.4104e+07 61808.3 6442736
0.00333772 2.32608e+07 77637.9 8110688
0.00417645 2.35021e+07 98155.5 10210656
0.00533056 2.31327e+07 123310 12854336
0.00681245 2.27337e+07 154872 16182544
0.00853252 2.29454e+07 195782 20372496
0.0108848 2.26005e+07 246001 25647376
0.0137494 2.24679e+07 308919 32287984
0.0170899 2.28483e+07 390474 40647920
0.0215978 2.27204e+07 490710 51172512
0.0272199 2.26342e+07 616102 64422320
0.0343462 2.26702e+07 778634 81102672
0.0431882 2.26593e+07 978613 102102144
0.0541385 2.26895e+07 1.22838e+06 128538944
0.0693115 2.23927e+07 1.55207e+06 161820816
0.0849953 2.29507e+07 1.95071e+06 203720128
0.107223 2.28278e+07 2.44767e+06 256468304
0.135156 2.28731e+07 3.09143e+06 322874384
0.170729 2.27535e+07 3.88467e+06 406474576
0.214072 2.27557e+07 4.87135e+06 511721120
0.26806 2.29358e+07 6.14818e+06 644218576
0.319604 2.41588e+07 7.72125e+06 811022928
0.39413 2.45395e+07 9.67175e+06 1021017232
0.490341 2.48613e+07 1.21905e+07 1285384400
0.624357 2.44875e+07 1.52889e+07 1618202912
