# filename: ./acpphint-MacchDblShot-16384MiB-threads_4-LP64-FreeBSD_13_r363590M_64bit-g++_10_O3lto-libc++-cpulockdown-DSIZE_f-ISIZE_ui-using_2_threads-cpus_0_1.txt
# acpphint_main version: 0.1.23

5.9164e-05 118348 7.00195 560
6.0125e-05 149714 9.00153 664
6.0565e-05 181623 11 768
5.8485e-05 222279 13 872
6.2765e-05 238987 15 976
5.8845e-05 322831 18.997 1184
6.1164e-05 376039 23 1392
5.8045e-05 498348 28.9266 1704
5.5604e-05 625204 34.7639 2016
5.6324e-05 759829 42.7966 2432
5.8005e-05 910736 52.8272 2952
5.7285e-05 1.13013e+06 64.7398 3576
5.6645e-05 1.42477e+06 80.7064 4408
5.9324e-05 1.69472e+06 100.537 5448
6.0764e-05 2.08595e+06 126.75 6800
6.0165e-05 2.63506e+06 158.538 8464
6.3604e-05 3.11272e+06 197.981 10544
6.1765e-05 4.01064e+06 247.717 13144
5.9965e-05 5.18492e+06 310.914 16472
6.1125e-05 6.37955e+06 389.95 20632
6.2885e-05 7.78823e+06 489.763 25936
6.1885e-05 9.91581e+06 613.64 32592
6.6605e-05 1.15285e+07 767.856 40912
7.1365e-05 1.34586e+07 960.473 51416
