# filename: ./acpphint-MacchDblShot-16384MiB-threads_4-LP64-FreeBSD_main_n247756_348c41d1815d_64bit-g++_11_O3lto-libc++-DSIZE_ld-ISIZE_ull-using_3_threads-cpus_1_2_3.txt
# acpphint_main version: 0.1.24

8.5167e-05 129158 11 2520
8.9247e-05 156868 14 3096
8.9127e-05 190739 17 3672
8.4687e-05 236164 20 4248
8.6407e-05 266182 23 4824
8.5047e-05 340988 29 5976
8.9687e-05 390246 35 7128
9.5808e-05 457861 43.8667 8856
9.5928e-05 547871 52.5562 10584
0.000107168 603134 64.6367 12888
0.000115769 688987 79.7633 15768
0.000130491 748190 97.6321 19224
0.000140971 863269 121.696 23832
0.000148852 1.01732e+06 151.431 29592
0.000177534 1.07585e+06 191 37080
0.000201976 1.18331e+06 239 46296
0.000229257 1.30029e+06 298.101 57816
0.00026474 1.41018e+06 373.332 72216
0.000320384 1.46298e+06 468.716 90648
0.000375587 1.56754e+06 588.747 113688
0.000456273 1.62483e+06 741.364 143064
0.0005524 1.68666e+06 931.71 179928
0.00068685 1.70769e+06 1172.93 226008
0.000840741 1.75366e+06 1474.37 284184
0.00103807 1.78321e+06 1851.11 357336
0.00127941 1.82568e+06 2335.79 449496
0.00159591 1.83862e+06 2934.28 565272
0.0019851 1.85719e+06 3686.71 711576
0.00247358 1.88232e+06 4656.07 895320
0.00308578 1.89615e+06 5851.09 1126872
0.00387131 1.8981e+06 7348.14 1418328
0.00484226 1.91821e+06 9288.48 1785240
0.00608851 1.91664e+06 11669.5 2247192
0.0076669 1.91144e+06 14654.8 2828952
0.00962788 1.92506e+06 18534.3 3561048
0.0121185 1.92094e+06 23278.9 4482648
0.0152079 1.92176e+06 29225.9 5642712
0.0192473 1.92143e+06 36982.4 7103448
0.0240977 1.92715e+06 46440.1 8942616
0.0302385 1.92791e+06 58297 11257560
0.038015 1.94141e+06 73802.8 14172120
0.04757 1.94767e+06 92650.6 17841240
0.0598508 1.94296e+06 116288 22460184
0.0751068 1.96043e+06 147241 28275480
0.0942036 1.96226e+06 184852 35596440
0.119303 1.94444e+06 231977 44813016
0.148962 1.9716e+06 293694 56415960
0.1871 1.97123e+06 368817 71023320
0.235559 1.96454e+06 462765 89412696
0.294999 1.98583e+06 585819 112563288
0.372001 1.97813e+06 735868 141708312
0.468422 1.97079e+06 923163 178400088
0.590911 1.97749e+06 1.16852e+06 224591832
0.741294 1.98062e+06 1.46822e+06 282744216
0.931529 1.97698e+06 1.84161e+06 355953816
1.17525 1.98325e+06 2.33082e+06 448119000
