# filename: ./acpphint-MacchDblShot-16384MiB-threads_4-LP64-FreeBSD_main_n247756_348c41d1815d_64bit-g++_11_O3lto-libc++-DSIZE_d-ISIZE_ui-using_1_threads-cpus_3.txt
# acpphint_main version: 0.1.24

1.16025e-07 8.6191e+06 1.00003 264
1.66e-07 1.20484e+07 2.00003 360
2.1805e-07 1.37586e+07 3.00006 456
2.67563e-07 1.495e+07 4.00005 552
3.20077e-07 1.56215e+07 5.00007 648
3.67318e-07 1.63349e+07 6.00009 744
4.242e-07 1.65019e+07 7.00012 840
5.25125e-07 1.7139e+07 9.0001 1032
6.23417e-07 1.76449e+07 11.0001 1224
7.722e-07 1.813e+07 14 1512
9.25125e-07 1.83756e+07 16.9997 1800
1.127e-06 1.86327e+07 20.9991 2184
1.387e-06 1.87447e+07 25.999 2664
1.6805e-06 1.90409e+07 31.9982 3240
2.0805e-06 1.92252e+07 39.998 4008
2.6005e-06 1.92261e+07 49.9975 4968
3.241e-06 1.94369e+07 62.9951 6216
4.0605e-06 1.94539e+07 78.9924 7752
5.081e-06 1.94822e+07 98.9893 9672
6.322e-06 1.96117e+07 123.985 12072
7.922e-06 1.96888e+07 155.975 15144
9.961e-06 1.96723e+07 195.956 18984
1.2522e-05 1.97194e+07 246.927 23880
1.5802e-05 1.96737e+07 310.884 30024
1.9922e-05 1.96167e+07 390.803 37704
2.5043e-05 1.96346e+07 491.71 47400
3.2403e-05 1.90889e+07 618.536 59592
4.0684e-05 1.91298e+07 778.275 74952
5.1844e-05 1.88783e+07 978.725 94248
6.5525e-05 1.88013e+07 1231.96 118632
8.2967e-05 1.86778e+07 1549.64 149256
0.000104369 1.8681e+07 1949.71 187848
0.00013189 1.85953e+07 2452.54 236424
0.000166732 1.84997e+07 3084.5 297576
0.000208976 1.8558e+07 3878.18 374568
0.00026438 1.84405e+07 4875.3 471528
0.000334465 1.83168e+07 6126.32 593544
0.000427271 1.80083e+07 7694.44 747144
0.000539999 1.78861e+07 9658.49 940488
0.000682008 1.77602e+07 12112.6 1183944
0.000860141 1.76481e+07 15179.8 1490472
0.00109716 1.73172e+07 18999.7 1876296
0.00144818 1.63918e+07 23738.3 2362056
0.00179253 1.65171e+07 29607.3 2973576
0.00227272 1.62099e+07 36840.5 3743400
0.00294533 1.55272e+07 45732.7 4712616
0.00379807 1.4904e+07 56606.3 5932776
