# filename: ./acpphint-MacchDblShot-16384MiB-threads_4-LP64-FreeBSD_13_r363590M_64bit-g++_10_O3lto-libc++-DSIZE_ui-ISIZE_ui-using_2_threads-cpus_2_3.txt
# acpphint_main version: 0.1.23

4.6804e-05 149544 6.99927 560
5.1004e-05 176432 8.99872 664
5.4324e-05 202454 10.9981 768
5.2524e-05 247457 12.9974 872
5.7804e-05 259438 14.9966 976
5.0964e-05 372702 18.9944 1184
5.7125e-05 402483 22.9919 1392
5.6484e-05 512018 28.9208 1704
4.7124e-05 737624 34.7598 2016
4.7324e-05 904204 42.7906 2432
5.0005e-05 1.05668e+06 52.8394 2952
4.6164e-05 1.40259e+06 64.7492 3576
5.0605e-05 1.59561e+06 80.746 4408
5.2964e-05 1.89864e+06 100.559 5448
5.2844e-05 2.39865e+06 126.754 6800
5.4564e-05 2.90694e+06 158.614 8464
5.1044e-05 3.87797e+06 197.947 10544
5.5044e-05 4.50062e+06 247.732 13144
5.2844e-05 5.88312e+06 310.888 16472
5.6124e-05 6.94946e+06 390.032 20632
5.6524e-05 8.67766e+06 490.496 25936
5.9884e-05 1.02789e+07 615.543 32592
6.3164e-05 1.22337e+07 772.732 40912
6.7285e-05 1.43967e+07 968.683 51416
7.3766e-05 1.64338e+07 1212.26 64624
7.6726e-05 1.98267e+07 1521.23 81264
8.1326e-05 2.33683e+07 1900.45 102168
9.0447e-05 2.62192e+07 2371.45 128584
0.000106328 2.78772e+07 2964.12 161760
0.000112288 3.28064e+07 3683.77 203568
0.00013309 3.42873e+07 4563.3 256192
0.00015589 3.6298e+07 5658.49 322440
0.000185412 3.753e+07 6958.52 405848
0.000221735 3.83893e+07 8512.25 510888
0.000263858 3.94043e+07 10397.1 643072
0.00031594 3.97391e+07 12555.2 809472
