# filename: ./acpphint-MacchDblShot-16384MiB-threads_4-LP64-FreeBSD_main_n247756_348c41d1815d_64bit-g++_11_O3lto-libc++-DSIZE_ld-ISIZE_ull-using_2_threads-cpus_1_2.txt
# acpphint_main version: 0.1.24

5.9085e-05 118473 7 1680
6.1485e-05 146377 9 2064
7.0605e-05 155796 11 2448
7.2166e-05 180140 13 2832
6.6166e-05 226703 15 3216
6.5445e-05 290320 19 3984
7.5886e-05 303086 23 4752
8.2487e-05 350763 28.9334 5904
8.8527e-05 392857 34.7785 7056
9.2527e-05 462768 42.8186 8592
0.000102208 517401 52.8825 10512
0.000113448 571309 64.8139 12816
0.000118849 680245 80.8465 15888
0.00013809 729341 100.715 19728
0.00015597 814259 127 24720
0.000184453 862008 159 30864
0.000215094 923075 198.548 38544
0.000253257 981882 248.668 48144
0.0003031 1.03058e+06 312.369 60432
0.000366184 1.07151e+06 392.369 75792
0.00044371 1.11376e+06 494.187 95376
0.000543596 1.14309e+06 621.382 119952
0.000670403 1.1664e+06 781.955 150672
0.000821933 1.1962e+06 983.196 189456
0.0010183 1.21291e+06 1235.11 238224
0.0012686 1.22763e+06 1557.38 299664
0.00156998 1.24661e+06 1957.15 376848
0.00196265 1.25365e+06 2460.48 474384
0.00245332 1.26543e+06 3104.51 596880
0.00306812 1.27214e+06 3903.08 751248
0.00384569 1.27541e+06 4904.82 945552
0.00482327 1.28403e+06 6193.2 1190160
0.00605386 1.28592e+06 7784.79 1498128
0.00760032 1.28717e+06 9782.89 1885968
0.00955857 1.29283e+06 12357.6 2374032
0.0120476 1.28905e+06 15530 2988432
0.015188 1.28466e+06 19511.5 3761808
0.0191063 1.2905e+06 24656.6 4735632
0.0241011 1.28551e+06 30982.2 5961744
0.0302927 1.28486e+06 38922 7505040
0.038047 1.29321e+06 49202.8 9448080
0.0479483 1.28914e+06 61812.1 11894160
0.0602547 1.28859e+06 77643.9 14973456
0.0754338 1.30134e+06 98164.9 18850320
0.0953642 1.2932e+06 123325 23730960
0.119804 1.29291e+06 154896 29875344
0.149961 1.3058e+06 195819 37610640
0.188319 1.30662e+06 246061 47348880
0.236561 1.30627e+06 309013 59608464
0.297386 1.31352e+06 390623 75042192
0.374558 1.31073e+06 490944 94472208
0.472789 1.3039e+06 616472 118933392
0.591614 1.31712e+06 779224 149727888
0.749563 1.30682e+06 979547 188496144
0.942226 1.30526e+06 1.22985e+06 237302544
1.20563 1.2893e+06 1.55442e+06 298746000
