# filename: ./acpphint-MacchDblShot-16384MiB-threads_4-LP64-FreeBSD_main_n247756_348c41d1815d_64bit-g++_11_O3lto-libc++-DSIZE_d-ISIZE_ui-using_2_threads-cpus_2_3.txt
# acpphint_main version: 0.1.24

4.4564e-05 157080 7.00012 912
5.8084e-05 154950 9.0001 1104
5.2644e-05 208953 11.0001 1296
5.5724e-05 233293 13 1488
4.5324e-05 330950 15 1680
4.5283e-05 419571 18.9994 2064
4.8843e-05 470874 22.9989 2448
4.7323e-05 611376 28.9321 3024
4.4403e-05 783198 34.7763 3600
4.7284e-05 905522 42.8167 4368
4.9284e-05 1.07296e+06 52.8798 5328
5.0604e-05 1.28069e+06 64.8082 6480
4.7123e-05 1.71548e+06 80.8385 8016
4.7364e-05 2.12619e+06 100.705 9936
4.9684e-05 2.55584e+06 126.984 12432
5.1644e-05 3.07821e+06 158.971 15504
5.2444e-05 3.78504e+06 198.503 19344
5.2684e-05 4.71859e+06 248.594 24144
5.6484e-05 5.52815e+06 312.252 30288
5.5284e-05 7.09383e+06 392.175 37968
6.4124e-05 7.70219e+06 493.895 47760
6.3044e-05 9.84909e+06 620.926 60048
7.2685e-05 1.07485e+07 781.252 75408
7.9365e-05 1.23721e+07 981.913 94800
8.4485e-05 1.45954e+07 1233.09 119184
9.0805e-05 1.71136e+07 1554 149904
0.000109926 1.77558e+07 1951.83 188496
0.000120047 2.04247e+07 2451.93 237264
0.000137328 2.25073e+07 3090.88 298512
0.000165769 2.34128e+07 3881.11 375696
0.000193891 2.51166e+07 4869.88 472848
0.000230172 2.66686e+07 6138.38 595152
0.000278575 2.76332e+07 7697.93 749136
0.000342659 2.81472e+07 9644.9 943056
0.000428863 2.83026e+07 12137.9 1187088
0.000546549 2.77841e+07 15185.4 1494288
