# filename: ./acpphint-MacchDblShot-16384MiB-threads_4-LP64-FreeBSD_main_n247756_348c41d1815d_64bit-g++_11_O3lto-libc++-DSIZE_ull-ISIZE_ull-using_1_threads-cpus_3.txt
# acpphint_main version: 0.1.24

1.01688e-07 9.83405e+06 1 280
1.45031e-07 1.37901e+07 2 384
1.88375e-07 1.59257e+07 3 488
2.31632e-07 1.72688e+07 4 592
2.75063e-07 1.81777e+07 5 696
3.17e-07 1.89274e+07 6 800
3.63417e-07 1.92616e+07 7 904
4.46722e-07 2.01467e+07 9 1112
5.45125e-07 2.01789e+07 11 1320
6.70167e-07 2.08903e+07 14 1632
8.002e-07 2.12447e+07 17 1944
9.7025e-07 2.16439e+07 21 2360
1.1935e-06 2.17847e+07 26 2880
1.45025e-06 2.20652e+07 32 3504
1.7905e-06 2.23401e+07 40 4336
2.221e-06 2.25124e+07 50 5376
2.8005e-06 2.2496e+07 63 6728
3.481e-06 2.26946e+07 79 8392
4.361e-06 2.27012e+07 99 10472
5.441e-06 2.27899e+07 124 13072
6.802e-06 2.29344e+07 156 16400
8.521e-06 2.3002e+07 196 20560
1.0761e-05 2.29533e+07 247 25864
1.3642e-05 2.27972e+07 311 32520
1.7043e-05 2.2942e+07 391 40840
2.1842e-05 2.25254e+07 492 51344
2.7523e-05 2.24903e+07 619 64552
3.4923e-05 2.23062e+07 779 81192
4.4604e-05 2.19711e+07 980 102096
5.6084e-05 2.20027e+07 1234 128512
7.1765e-05 2.16401e+07 1553 161688
8.9247e-05 2.19055e+07 1955 203496
0.000113687 2.16471e+07 2461 256120
0.000143209 2.16327e+07 3098 322368
0.000178932 2.1796e+07 3900 405776
0.000230255 2.13242e+07 4909.99 510816
0.000295179 2.09398e+07 6180.99 643000
0.000373383 2.08392e+07 7780.99 809400
0.000521153 1.87948e+07 9794.98 1018856
0.000593277 2.07845e+07 12331 1282600
0.000754007 2.05886e+07 15523.9 1614672
0.00111867 1.74698e+07 19542.9 2032648
0.00130716 1.88216e+07 24602.9 2558888
0.00166786 1.85703e+07 30972.8 3221368
0.0023019 1.69389e+07 38991.6 4055344
0.0029977 1.6375e+07 49087.4 5105328
0.00345913 1.78649e+07 61797.1 6427168
0.00447911 1.7369e+07 77797.6 8091272
0.00604929 1.61905e+07 97940.8 10186248
0.00703155 1.75352e+07 123299 12823688
0.0091934 1.68842e+07 155223 16143992
0.0118026 1.65568e+07 195412 20323960
0.0150607 1.63343e+07 246006 25586256
0.0181028 1.71078e+07 309699 32211160
0.0234155 1.66505e+07 389880 40551336
0.0296704 1.65423e+07 490818 51051072
0.0772077 8.0029e+06 617885 64269472
0.0486142 1.60003e+07 777842 80910408
0.109014 8.98235e+06 979199 101860064
0.143319 8.60085e+06 1.23267e+06 128234152
0.0920283 1.68613e+07 1.55172e+06 161437192
0.115161 1.69617e+07 1.95331e+06 203237288
0.317406 7.74651e+06 2.45879e+06 255860560
0.187927 1.6469e+07 3.09497e+06 322109288
0.238785 1.63143e+07 3.89561e+06 405511464
0.29676 1.65222e+07 4.90313e+06 510508616
0.368826 1.67311e+07 6.17085e+06 642692200
0.475029 1.63479e+07 7.76575e+06 809101456
0.608493 1.60592e+07 9.77193e+06 1018598328
0.739481 1.66264e+07 1.22949e+07 1282339208
1.88352 8.2117e+06 1.54669e+07 1614369296
