# filename: ./acpphint-MacchDblShot-16384MiB-threads_4-LP64-FreeBSD_13_r363590M_64bit-g++_10_O3lto-libc++-cpulockdown-DSIZE_ui-ISIZE_ui-using_1_threads.txt
# acpphint_main version: 0.1.23

6.48321e-08 1.54245e+07 1 176
9.45275e-08 2.11573e+07 1.99994 228
1.25897e-07 2.3828e+07 2.99988 280
1.53491e-07 2.60585e+07 3.99974 332
1.83133e-07 2.73004e+07 4.99961 384
2.1441e-07 2.79812e+07 5.99947 436
2.43559e-07 2.87375e+07 6.99927 488
3.02259e-07 2.97715e+07 8.99872 592
3.69136e-07 2.97942e+07 10.9981 696
4.55667e-07 3.07177e+07 13.997 852
5.46733e-07 3.10854e+07 16.9954 1008
6.6175e-07 3.17236e+07 20.9931 1216
8.121e-07 3.20031e+07 25.9897 1476
9.85125e-07 3.24669e+07 31.9839 1788
1.22017e-06 3.27621e+07 39.9752 2204
1.5161e-06 3.29541e+07 49.9617 2724
1.89525e-06 3.32091e+07 62.9395 3400
2.367e-06 3.33352e+07 78.9044 4232
2.9505e-06 3.35028e+07 98.8501 5272
3.6905e-06 3.35367e+07 123.767 6572
4.6405e-06 3.35369e+07 155.628 8236
5.801e-06 3.36865e+07 195.415 10316
7.281e-06 3.37965e+07 246.073 12968
9.202e-06 3.36371e+07 309.528 16296
1.1562e-05 3.36169e+07 388.678 20456
1.4482e-05 3.37204e+07 488.339 25708
1.8242e-05 3.36148e+07 613.201 32312
2.3002e-05 3.34685e+07 769.843 40632
2.9563e-05 3.26614e+07 965.569 51084
3.7163e-05 3.25911e+07 1211.18 64292
4.7283e-05 3.20843e+07 1517.04 80880
6.1204e-05 3.10172e+07 1898.38 101784
7.6526e-05 3.09951e+07 2371.93 128096
9.7166e-05 3.04445e+07 2958.17 161220
0.000122248 3.01108e+07 3680.99 202924
0.00015617 2.92487e+07 4567.76 255444
0.000194733 2.90054e+07 5648.31 321536
0.000247176 2.81389e+07 6955.27 404736
0.000314179 2.71224e+07 8521.3 509464
0.000394945 2.62777e+07 10378.2 641336
0.000500311 2.50865e+07 12551.1 807372
0.00063384 2.37501e+07 15053.7 1016360
0.000798209 2.24098e+07 17887.7 1279480
0.0010133 2.07567e+07 21032.8 1610720
0.00132176 1.84955e+07 24446.7 2027708
0.00172779 1.62438e+07 28065.7 2552700
0.0022507 1.41316e+07 31806 3213620
