# filename: ./acpphint-MacchDblShot-16384MiB-threads_4-LP64-FreeBSD_13_r363590M_64bit-g++_10_O3lto-libc++-DSIZE_ld-ISIZE_ull-using_2_threads-cpus_1_3.txt
# acpphint_main version: 0.1.23

6.9005e-05 101442 7 1680
6.0764e-05 148114 9 2064
6.2325e-05 176494 11 2448
6.7205e-05 193438 13 2832
7.5245e-05 199349 15 3216
8.1686e-05 232598 19 3984
7.8446e-05 293195 23 4752
8.3206e-05 347732 28.9334 5904
8.5646e-05 406072 34.7785 7056
9.6847e-05 442126 42.8186 8592
0.000102608 515384 52.8825 10512
0.000111808 579689 64.8139 12816
0.000123928 652366 80.8465 15888
0.00013769 731460 100.715 19728
0.00015689 809484 127 24720
0.000180132 882686 159 30864
0.000208454 952478 198.548 38544
0.000241496 1.0297e+06 248.668 48144
0.000290298 1.07603e+06 312.369 60432
0.000347502 1.12911e+06 392.369 75792
0.000420587 1.17499e+06 494.187 95376
0.000509392 1.21985e+06 621.382 119952
0.000626039 1.24905e+06 781.955 150672
0.000772328 1.27303e+06 983.196 189456
0.000953099 1.29589e+06 1235.11 238224
0.00118947 1.3093e+06 1557.38 299664
0.00146957 1.33179e+06 1957.15 376848
0.00183371 1.3418e+06 2460.48 474384
0.00229366 1.35352e+06 3104.51 596880
0.00286774 1.36103e+06 3903.08 751248
0.00359118 1.3658e+06 4904.82 945552
0.00449788 1.37692e+06 6193.2 1190160
0.00565135 1.37751e+06 7784.79 1498128
0.00709496 1.37885e+06 9782.89 1885968
0.00891799 1.38569e+06 12357.6 2374032
0.0112055 1.38593e+06 15530 2988432
0.0141139 1.38242e+06 19511.5 3761808
0.0177772 1.38698e+06 24656.6 4735632
0.0223873 1.38392e+06 30982.2 5961744
0.0280611 1.38705e+06 38922 7505040
0.0353061 1.39361e+06 49202.8 9448080
0.0445878 1.3863e+06 61812.1 11894160
0.055978 1.38704e+06 77643.9 14973456
0.0699452 1.40346e+06 98164.9 18850320
0.0879976 1.40146e+06 123325 23730960
0.110468 1.40217e+06 154896 29875344
0.138836 1.41043e+06 195819 37610640
0.174517 1.40995e+06 246061 47348880
0.220441 1.40179e+06 309013 59608464
0.276836 1.41103e+06 390623 75042192
0.347376 1.41329e+06 490944 94472208
0.438441 1.40605e+06 616472 118933392
0.550101 1.41651e+06 779224 149727888
0.69166 1.41623e+06 979547 188496144
0.868693 1.41575e+06 1.22985e+06 237302544
1.09894 1.41447e+06 1.55442e+06 298746000
