# filename: ./acpphint-MacchDblShot-16384MiB-threads_4-LP64-FreeBSD_main_n247756_348c41d1815d_64bit-g++_11_O3lto-libc++-DSIZE_d-ISIZE_ull-using_2_threads-cpus_1_2.txt
# acpphint_main version: 0.1.24

6.0925e-05 114895 7 976
6.1605e-05 146092 9 1184
6.5246e-05 168593 11 1392
6.4726e-05 200847 13 1600
6.2605e-05 239597 15 1808
5.8485e-05 324870 19 2224
5.5285e-05 416026 23 2640
6.3645e-05 454606 28.9334 3264
6.6486e-05 523094 34.7785 3888
5.6405e-05 759127 42.8186 4720
7.0366e-05 751535 52.8825 5760
6.7126e-05 965556 64.8139 7008
5.8046e-05 1.3928e+06 80.8465 8672
6.7046e-05 1.50217e+06 100.715 10752
7.3687e-05 1.72351e+06 127 13456
6.4366e-05 2.47025e+06 159 16784
6.6966e-05 2.9649e+06 198.548 20944
7.2726e-05 3.41925e+06 248.668 26144
7.0646e-05 4.42161e+06 312.369 32800
6.3326e-05 6.19601e+06 392.368 41120
7.2247e-05 6.84024e+06 494.187 51728
8.0206e-05 7.74732e+06 621.381 65040
7.8766e-05 9.92756e+06 781.954 81680
8.2727e-05 1.18848e+07 983.195 102688
9.6568e-05 1.27901e+07 1235.11 129104
0.000102408 1.52076e+07 1557.38 162384
0.00011737 1.66751e+07 1957.15 204192
0.00013129 1.87407e+07 2460.47 257024
0.000148971 2.08396e+07 3104.5 323376
0.000173254 2.2528e+07 3903.06 406992
0.000206776 2.37204e+07 4904.8 512240
0.000246538 2.51205e+07 6193.17 644736
0.000293982 2.64803e+07 7784.73 811552
0.000360387 2.71453e+07 9782.8 1021632
0.000445512 2.77376e+07 12357.4 1286000
0.000534719 2.90429e+07 15529.8 1618800
0.000675529 2.88827e+07 19511.1 2037712
0.000979991 2.51594e+07 24656 2565200
0.00109832 2.82079e+07 30981.3 3229344
0.00143538 2.71151e+07 38920.5 4065296
0.00183729 2.67788e+07 49200.5 5117776
0.00242137 2.55261e+07 61808.3 6442736
0.00320475 2.42259e+07 77637.9 8110688
0.00408521 2.4027e+07 98155.5 10210656
0.00529366 2.3294e+07 123310 12854336
0.00684153 2.26371e+07 154872 16182544
0.00840192 2.3302e+07 195782 20372496
0.0108903 2.25891e+07 246001 25647376
0.013553 2.27934e+07 308919 32287984
0.0169863 2.29876e+07 390474 40647920
0.0204889 2.39501e+07 490710 51172512
0.0256677 2.4003e+07 616102 64422320
0.0324502 2.39947e+07 778634 81102672
0.0404383 2.42002e+07 978613 102102144
0.0517557 2.37342e+07 1.22838e+06 128538944
0.0655401 2.36812e+07 1.55207e+06 161820816
0.0848148 2.29996e+07 1.95071e+06 203720128
0.105731 2.315e+07 2.44767e+06 256468304
0.135505 2.28141e+07 3.09143e+06 322874384
0.17059 2.27719e+07 3.88467e+06 406474576
0.214442 2.27164e+07 4.87135e+06 511721120
0.270391 2.27381e+07 6.14818e+06 644218576
0.343996 2.24458e+07 7.72125e+06 811022928
0.428055 2.25946e+07 9.67175e+06 1021017232
0.543386 2.24344e+07 1.21905e+07 1285384400
0.676995 2.25835e+07 1.52889e+07 1618202912
