# filename: ./acpphint-MacchDblShot-16384MiB-threads_4-LP64-FreeBSD_13_r363590M_64bit-g++_10_O3lto-libc++-DSIZE_us-ISIZE_us-using_2_threads-cpus_1_2.txt
# acpphint_main version: 0.1.23

6.4165e-05 106239 6.81679 352
5.6685e-05 153184 8.68322 404
5.5725e-05 189108 10.538 456
5.6964e-05 217429 12.3856 508
5.7205e-05 247712 14.1704 560
5.6685e-05 311557 17.6606 664
7.1525e-05 294734 21.0809 768
6.0885e-05 427631 26.0363 924
6.1725e-05 495235 30.5684 1080
7.0046e-05 522199 36.578 1288
7.1165e-05 616703 43.8877 1548
