# filename: ./acpphint-MacchDblShot-16384MiB-threads_4-LP64-FreeBSD_13_r363590M_64bit-g++_10_O3lto-libc++-DSIZE_us-ISIZE_us-using_2_threads-cpus_0_3.txt
# acpphint_main version: 0.1.23

5.8444e-05 116638 6.81679 352
5.5804e-05 155602 8.68322 404
5.4925e-05 191862 10.538 456
5.6645e-05 218653 12.3856 508
5.7724e-05 245485 14.1704 560
5.8925e-05 299713 17.6606 664
5.5644e-05 378852 21.0809 768
5.8285e-05 446707 26.0363 924
5.8604e-05 521609 30.5684 1080
5.8164e-05 628877 36.578 1288
5.6124e-05 781977 43.8877 1548
