# filename: ./acpphint-MacchDblShot-16384MiB-threads_4-LP64-FreeBSD_13_r363590M_64bit-g++_10_O3lto-libc++-DSIZE_d-ISIZE_ull-using_2_threads-cpus_0_2.txt
# acpphint_main version: 0.1.23

5.9444e-05 117758 7 976
5.4605e-05 164820 9 1184
5.6365e-05 195157 11 1392
5.7085e-05 227731 13 1600
5.5965e-05 268025 15 1808
5.7804e-05 328697 19 2224
6.5845e-05 349305 23 2640
5.6125e-05 515517 28.9334 3264
5.5644e-05 625017 34.7785 3888
5.7245e-05 747988 42.8186 4720
5.7605e-05 918020 52.8825 5760
6.1045e-05 1.06174e+06 64.8139 7008
5.7525e-05 1.40541e+06 80.8465 8672
6.2365e-05 1.61492e+06 100.715 10752
5.8404e-05 2.17451e+06 127 13456
5.7844e-05 2.74877e+06 159 16784
5.7965e-05 3.4253e+06 198.548 20944
5.8925e-05 4.22008e+06 248.668 26144
6.7645e-05 4.61777e+06 312.369 32800
6.9325e-05 5.65984e+06 392.368 41120
6.5365e-05 7.56042e+06 494.187 51728
7.0285e-05 8.84088e+06 621.381 65040
7.8565e-05 9.95296e+06 781.954 81680
8.1166e-05 1.21134e+07 983.195 102688
8.8847e-05 1.39016e+07 1235.11 129104
0.000100167 1.55478e+07 1557.38 162384
0.000111688 1.75234e+07 1957.15 204192
0.000124449 1.97709e+07 2460.47 257024
0.00014745 2.10546e+07 3104.5 323376
0.000174571 2.2358e+07 3903.06 406992
0.000202493 2.42221e+07 4904.8 512240
0.000249056 2.48666e+07 6193.17 644736
0.000300299 2.59233e+07 7784.73 811552
0.000358863 2.72606e+07 9782.8 1021632
0.000440467 2.80553e+07 12357.4 1286000
0.000537513 2.8892e+07 15529.8 1618800
0.000671921 2.90378e+07 19511.1 2037712
0.000854052 2.88695e+07 24656 2565200
0.00113051 2.74047e+07 30981.3 3229344
0.00147769 2.63388e+07 38920.5 4065296
0.00193788 2.53888e+07 49200.5 5117776
0.00256071 2.41371e+07 61808.3 6442736
0.0032464 2.39151e+07 77637.9 8110688
0.00408089 2.40525e+07 98155.5 10210656
0.00534696 2.30618e+07 123310 12854336
0.00662968 2.33605e+07 154872 16182544
0.00848771 2.30665e+07 195782 20372496
0.0100964 2.43652e+07 246001 25647376
0.0125967 2.45238e+07 308919 32287984
0.0159639 2.44599e+07 390474 40647920
0.0200639 2.44573e+07 490710 51172512
0.0255918 2.40742e+07 616102 64422320
0.0326467 2.38503e+07 778634 81102672
0.040846 2.39586e+07 978613 102102144
0.0530323 2.31628e+07 1.22838e+06 128538944
0.0669555 2.31806e+07 1.55207e+06 161820816
0.0856274 2.27813e+07 1.95071e+06 203720128
0.10712 2.28498e+07 2.44767e+06 256468304
0.134786 2.29358e+07 3.09143e+06 322874384
0.170695 2.27579e+07 3.88467e+06 406474576
0.214665 2.26928e+07 4.87135e+06 511721120
0.271836 2.26172e+07 6.14818e+06 644218576
0.341655 2.25995e+07 7.72125e+06 811022928
0.433656 2.23028e+07 9.67175e+06 1021017232
0.545192 2.236e+07 1.21905e+07 1285384400
0.682324 2.24071e+07 1.52889e+07 1618202912
