# filename: ./acpphint-MacchDblShot-16384MiB-threads_4-LP64-FreeBSD_13_r363590M_64bit-g++_10_O3lto-libc++-DSIZE_d-ISIZE_ull-using_2_threads-cpus_2_3.txt
# acpphint_main version: 0.1.23

5.4324e-05 128856 7 976
5.3884e-05 167025 9 1184
5.2284e-05 210389 11 1392
5.0124e-05 259357 13 1600
5.2285e-05 286889 15 1808
5.3124e-05 357654 19 2224
4.7804e-05 481131 23 2640
5.3604e-05 539762 28.9334 3264
4.9525e-05 702240 34.7785 3888
5.2364e-05 817710 42.8186 4720
5.3844e-05 982143 52.8825 5760
5.4884e-05 1.18093e+06 64.8139 7008
5.0644e-05 1.59637e+06 80.8465 8672
5.6964e-05 1.76804e+06 100.715 10752
5.3445e-05 2.37627e+06 127 13456
5.2844e-05 3.00886e+06 159 16784
5.6804e-05 3.49531e+06 198.548 20944
5.7484e-05 4.32587e+06 248.668 26144
5.8244e-05 5.36311e+06 312.369 32800
5.5085e-05 7.12296e+06 392.368 41120
6.6805e-05 7.39746e+06 494.187 51728
6.7725e-05 9.17507e+06 621.381 65040
7.2445e-05 1.07938e+07 781.954 81680
7.9405e-05 1.2382e+07 983.195 102688
8.8327e-05 1.39834e+07 1235.11 129104
9.9967e-05 1.55789e+07 1557.38 162384
0.000109648 1.78494e+07 1957.15 204192
0.000125329 1.96321e+07 2460.47 257024
0.000142249 2.18244e+07 3104.5 323376
0.000166652 2.34204e+07 3903.06 406992
0.000197173 2.48756e+07 4904.8 512240
0.000234895 2.63657e+07 6193.17 644736
0.000287739 2.70548e+07 7784.73 811552
0.000357702 2.7349e+07 9782.8 1021632
0.000450388 2.74373e+07 12357.4 1286000
0.000562275 2.76196e+07 15529.8 1618800
0.000727565 2.6817e+07 19511.1 2037712
0.000948499 2.59948e+07 24656 2565200
0.00123992 2.49866e+07 30981.3 3229344
0.00159198 2.44479e+07 38920.5 4065296
0.00205509 2.39408e+07 49200.5 5117776
0.00266124 2.32254e+07 61808.3 6442736
0.00335764 2.31227e+07 77637.9 8110688
0.00422934 2.32082e+07 98155.5 10210656
0.00543505 2.2688e+07 123310 12854336
0.00686101 2.25728e+07 154872 16182544
0.00869441 2.25181e+07 195782 20372496
0.0105219 2.33799e+07 246001 25647376
0.0131472 2.34969e+07 308919 32287984
0.0164281 2.37687e+07 390474 40647920
0.020784 2.36099e+07 490710 51172512
0.0262764 2.34469e+07 616102 64422320
0.0331002 2.35235e+07 778634 81102672
0.0419884 2.33067e+07 978613 102102144
0.0532524 2.30671e+07 1.22838e+06 128538944
0.0672427 2.30816e+07 1.55207e+06 161820816
0.0854936 2.2817e+07 1.95071e+06 203720128
0.107231 2.28261e+07 2.44767e+06 256468304
0.136117 2.27116e+07 3.09143e+06 322874384
0.172344 2.25402e+07 3.88467e+06 406474576
0.216862 2.24629e+07 4.87135e+06 511721120
0.275911 2.22832e+07 6.14818e+06 644218576
0.346495 2.22839e+07 7.72125e+06 811022928
0.434967 2.22356e+07 9.67175e+06 1021017232
0.549007 2.22047e+07 1.21905e+07 1285384400
0.690261 2.21495e+07 1.52889e+07 1618202912
