# filename: ./acpphint-MacchDblShot-16384MiB-threads_4-LP64-FreeBSD_13_r363590M_64bit-g++_10_O3lto-libc++-cpulockdown-DSIZE_us-ISIZE_us-using_2_threads-cpus_0_1.txt
# acpphint_main version: 0.1.23

6.4965e-05 104930 6.81679 352
6.0804e-05 142807 8.68322 404
6.1245e-05 172063 10.538 456
5.9685e-05 207516 12.3856 508
6.1525e-05 230319 14.1704 560
5.7564e-05 306799 17.6606 664
6.1284e-05 343986 21.0809 768
6.2485e-05 416681 26.0363 924
5.9645e-05 512506 30.5684 1080
6.5685e-05 556870 36.578 1288
5.9765e-05 734337 43.8877 1548
