# filename: ./acpphint-MacchDblShot-16384MiB-threads_4-LP64-FreeBSD_13_r363590M_64bit-g++_10_O3lto-libc++-DSIZE_f-ISIZE_ui-using_2_threads-cpus_0_2.txt
# acpphint_main version: 0.1.23

5.5164e-05 126930 7.00195 560
5.3525e-05 168174 9.00153 664
5.9205e-05 185795 11 768
5.4764e-05 237382 13 872
5.3724e-05 279205 15 976
5.5564e-05 341893 18.997 1184
5.8004e-05 396525 23 1392
6.2684e-05 461467 28.9266 1704
5.6764e-05 612428 34.7639 2016
5.5044e-05 777498 42.7966 2432
6.0725e-05 869942 52.8272 2952
5.7405e-05 1.12777e+06 64.7398 3576
6.5885e-05 1.22496e+06 80.7064 4408
5.9645e-05 1.6856e+06 100.537 5448
5.6285e-05 2.25194e+06 126.75 6800
5.7325e-05 2.76561e+06 158.538 8464
6.0285e-05 3.28409e+06 197.981 10544
6.0124e-05 4.1201e+06 247.717 13144
5.9405e-05 5.2338e+06 310.914 16472
6.1405e-05 6.35046e+06 389.95 20632
7.2045e-05 6.79801e+06 489.763 25936
6.8965e-05 8.89785e+06 613.64 32592
7.4405e-05 1.032e+07 767.856 40912
8.2286e-05 1.16724e+07 960.473 51416
