# filename: ./acpphint-MacchDblShot-16384MiB-threads_4-LP64-FreeBSD_13_r363590M_64bit-g++_10_O3lto-libc++-cpulockdown-DSIZE_d-ISIZE_ui-using_2_threads-cpus_0_1.txt
# acpphint_main version: 0.1.23

5.9205e-05 118235 7.00012 912
6.3645e-05 141411 9.0001 1104
5.8564e-05 187831 11.0001 1296
6.2165e-05 209121 13 1488
6.1565e-05 243645 15 1680
5.8965e-05 322215 18.9994 2064
6.2605e-05 367365 22.9989 2448
5.8084e-05 498108 28.9321 3024
6.0285e-05 576865 34.7763 3600
5.9125e-05 724173 42.8167 4368
6.0045e-05 880669 52.8798 5328
6.2005e-05 1.04521e+06 64.8082 6480
6.1125e-05 1.32251e+06 80.8385 8016
6.2085e-05 1.62205e+06 100.705 9936
6.6085e-05 1.92153e+06 126.984 12432
6.7965e-05 2.33901e+06 158.971 15504
5.8364e-05 3.40112e+06 198.503 19344
6.1924e-05 4.0145e+06 248.594 24144
5.8805e-05 5.30996e+06 312.252 30288
6.0685e-05 6.46247e+06 392.175 37968
6.3205e-05 7.81418e+06 493.895 47760
6.3125e-05 9.83645e+06 620.926 60048
6.8285e-05 1.1441e+07 781.252 75408
7.2525e-05 1.3539e+07 981.913 94800
7.9846e-05 1.54434e+07 1233.09 119184
9.0566e-05 1.71588e+07 1554 149904
9.6407e-05 2.02457e+07 1951.83 188496
0.000114168 2.14765e+07 2451.93 237264
0.000130569 2.36724e+07 3090.88 298512
0.000153051 2.53583e+07 3881.11 375696
0.000184092 2.64535e+07 4869.88 472848
0.000222374 2.76038e+07 6138.38 595152
0.000264817 2.90689e+07 7697.93 749136
0.000326701 2.95221e+07 9644.9 943056
0.000416147 2.91674e+07 12137.9 1187088
0.000529753 2.8665e+07 15185.4 1494288
