# filename: ./acpphint-MacchDblShot-16384MiB-threads_4-LP64-FreeBSD_13_r363590M_64bit-g++_10_O3lto-libc++-DSIZE_d-ISIZE_ui-using_2_threads-cpus_2_3.txt
# acpphint_main version: 0.1.23

5.0564e-05 138441 7.00012 912
4.8604e-05 185172 9.0001 1104
5.4604e-05 201453 11.0001 1296
4.9524e-05 262499 13 1488
5.2204e-05 287334 15 1680
4.8643e-05 390589 18.9994 2064
5.5565e-05 413910 22.9989 2448
4.5923e-05 630014 28.9321 3024
5.0084e-05 694360 34.7763 3600
5.6804e-05 753763 42.8167 4368
5.7005e-05 927634 52.8798 5328
5.2365e-05 1.23762e+06 64.8082 6480
5.7884e-05 1.39656e+06 80.8385 8016
5.8125e-05 1.73256e+06 100.705 9936
5.3724e-05 2.36364e+06 126.984 12432
5.1244e-05 3.10224e+06 158.971 15504
5.8724e-05 3.38027e+06 198.503 19344
5.7445e-05 4.32752e+06 248.594 24144
5.5684e-05 5.60757e+06 312.252 30288
6.1045e-05 6.42436e+06 392.175 37968
6.6085e-05 7.47364e+06 493.895 47760
6.5885e-05 9.42439e+06 620.926 60048
7.7246e-05 1.01138e+07 781.252 75408
7.8766e-05 1.24662e+07 981.913 94800
8.6206e-05 1.4304e+07 1233.09 119184
9.5407e-05 1.62882e+07 1554 149904
0.000107487 1.81587e+07 1951.83 188496
0.000124209 1.97403e+07 2451.93 237264
0.000140809 2.19509e+07 3090.88 298512
0.000163651 2.37158e+07 3881.11 375696
0.000194053 2.50956e+07 4869.88 472848
0.000230415 2.66405e+07 6138.38 595152
0.000280738 2.74203e+07 7697.93 749136
0.000351422 2.74454e+07 9644.9 943056
0.000434748 2.79195e+07 12137.9 1187088
0.000548554 2.76826e+07 15185.4 1494288
