# filename: ./acpphint-MacchDblShot-16384MiB-threads_4-LP64-FreeBSD_main_n247756_348c41d1815d_64bit-g++_11_O3lto-libc++-DSIZE_f-ISIZE_us-using_2_threads-cpus_1_2.txt
# acpphint_main version: 0.1.24

5.9845e-05 117493 7.03137 528
5.6645e-05 159316 9.02447 624
5.7645e-05 190823 11 720
6.3605e-05 204387 13 816
5.7645e-05 260213 15 912
5.6645e-05 334563 18.9513 1104
5.8445e-05 393533 23 1296
6.8486e-05 420881 28.8244 1584
6.8766e-05 502365 34.5456 1872
6.4125e-05 662297 42.4698 2256
5.6005e-05 934081 52.3132 2736
