# filename: ./acpphint-MacchDblShot-16384MiB-threads_4-LP64-FreeBSD_13_r363590M_64bit-g++_10_O3lto-libc++-cpulockdown-DSIZE_d-ISIZE_ul-using_2_threads-cpus_2_3.txt
# acpphint_main version: 0.1.23

5.2804e-05 132566 7 976
5.9725e-05 150691 9 1184
5.4084e-05 203387 11 1392
5.7124e-05 227575 13 1600
5.4364e-05 275918 15 1808
5.6444e-05 336617 19 2224
5.3844e-05 427160 23 2640
6.1085e-05 473658 28.9334 3264
6.2085e-05 560175 34.7785 3888
5.7325e-05 746944 42.8186 4720
6.4445e-05 820584 52.8825 5760
5.8164e-05 1.11433e+06 64.8139 7008
5.7284e-05 1.41133e+06 80.8465 8672
5.7405e-05 1.75446e+06 100.715 10752
5.8564e-05 2.16857e+06 127 13456
5.6645e-05 2.80696e+06 159 16784
5.7565e-05 3.44911e+06 198.548 20944
6.4205e-05 3.87304e+06 248.668 26144
6.8085e-05 4.58793e+06 312.369 32800
6.8325e-05 5.74268e+06 392.368 41120
6.7805e-05 7.28836e+06 494.187 51728
7.1725e-05 8.66339e+06 621.381 65040
8.0686e-05 9.69133e+06 781.954 81680
8.7286e-05 1.12641e+07 983.195 102688
8.9527e-05 1.3796e+07 1235.11 129104
0.000104007 1.49738e+07 1557.38 162384
0.000115808 1.69e+07 1957.15 204192
0.000130289 1.88847e+07 2460.47 257024
0.00014981 2.07229e+07 3104.5 323376
0.000175171 2.22814e+07 3903.06 406992
0.000208373 2.35386e+07 4904.8 512240
0.000242255 2.55647e+07 6193.17 644736
0.000293338 2.65384e+07 7784.73 811552
0.000353142 2.77022e+07 9782.8 1021632
0.000433108 2.8532e+07 12357.4 1286000
0.000536073 2.89696e+07 15529.8 1618800
0.000691524 2.82146e+07 19511.1 2037712
0.00102178 2.41304e+07 24656 2565200
0.00113803 2.72236e+07 30981.3 3229344
0.00149517 2.60308e+07 38920.5 4065296
0.00200608 2.45256e+07 49200.5 5117776
0.00254968 2.42416e+07 61808.3 6442736
0.00327856 2.36805e+07 77637.9 8110688
0.0041911 2.342e+07 98155.5 10210656
0.00536225 2.2996e+07 123310 12854336
0.00672105 2.30429e+07 154872 16182544
0.0084748 2.31016e+07 195782 20372496
0.01029 2.39068e+07 246001 25647376
0.0134838 2.29104e+07 308919 32287984
0.0169695 2.30103e+07 390474 40647920
0.0213774 2.29546e+07 490710 51172512
0.0263129 2.34144e+07 616102 64422320
0.0331936 2.34574e+07 778634 81102672
0.0418968 2.33577e+07 978613 102102144
0.052647 2.33324e+07 1.22838e+06 128538944
0.0661768 2.34534e+07 1.55207e+06 161820816
0.0838512 2.32639e+07 1.95071e+06 203720128
0.104105 2.35116e+07 2.44767e+06 256468304
0.135933 2.27423e+07 3.09143e+06 322874384
0.168994 2.2987e+07 3.88467e+06 406474576
0.213908 2.27731e+07 4.87135e+06 511721120
0.266607 2.30608e+07 6.14818e+06 644218576
0.333462 2.31548e+07 7.72125e+06 811022928
0.418605 2.31047e+07 9.67175e+06 1021017232
0.522765 2.33193e+07 1.21905e+07 1285384400
0.631884 2.41958e+07 1.52889e+07 1618202912
