# filename: ./acpphint-MacchDblShot-16384MiB-threads_4-LP64-FreeBSD_main_n247756_348c41d1815d_64bit-g++_11_O3lto-libc++-DSIZE_d-ISIZE_ui-using_1_threads-cpus_1.txt
# acpphint_main version: 0.1.24

1.16025e-07 8.6191e+06 1.00003 264
1.67444e-07 1.19445e+07 2.00003 360
2.1805e-07 1.37586e+07 3.00006 456
2.67625e-07 1.49465e+07 4.00005 552
3.17077e-07 1.57693e+07 5.00007 648
3.67318e-07 1.63349e+07 6.00009 744
4.241e-07 1.65058e+07 7.00012 840
5.25125e-07 1.7139e+07 9.0001 1032
6.23417e-07 1.76449e+07 11.0001 1224
7.722e-07 1.813e+07 14 1512
9.25125e-07 1.83756e+07 16.9997 1800
1.127e-06 1.86327e+07 20.9991 2184
1.387e-06 1.87447e+07 25.999 2664
1.6805e-06 1.90409e+07 31.9982 3240
2.1005e-06 1.90421e+07 39.998 4008
2.6005e-06 1.92261e+07 49.9975 4968
3.241e-06 1.94369e+07 62.9951 6216
4.041e-06 1.95477e+07 78.9924 7752
5.081e-06 1.94822e+07 98.9893 9672
6.322e-06 1.96117e+07 123.985 12072
7.961e-06 1.95924e+07 155.975 15144
9.922e-06 1.97497e+07 195.956 18984
1.2522e-05 1.97194e+07 246.927 23880
1.5802e-05 1.96737e+07 310.884 30024
1.9842e-05 1.96958e+07 390.803 37704
2.4923e-05 1.97292e+07 491.71 47400
3.2403e-05 1.90889e+07 618.536 59592
4.0643e-05 1.91491e+07 778.275 74952
5.1804e-05 1.88929e+07 978.725 94248
6.5366e-05 1.88471e+07 1231.96 118632
8.2726e-05 1.87322e+07 1549.64 149256
0.000104647 1.86313e+07 1949.71 187848
0.00013129 1.86803e+07 2452.54 236424
0.000166771 1.84954e+07 3084.5 297576
0.000210334 1.84382e+07 3878.18 374568
0.000264378 1.84406e+07 4875.3 471528
0.000337742 1.81391e+07 6126.32 593544
0.000425388 1.80881e+07 7694.44 747144
0.000541595 1.78334e+07 9658.49 940488
0.000680244 1.78062e+07 12112.6 1183944
0.000859615 1.76589e+07 15179.8 1490472
0.00111567 1.70298e+07 18999.7 1876296
0.00144673 1.64082e+07 23738.3 2362056
0.00180916 1.63652e+07 29607.3 2973576
0.00235275 1.56585e+07 36840.5 3743400
0.00286162 1.59814e+07 45732.7 4712616
0.00373972 1.51365e+07 56606.3 5932776
