# filename: ./acpphint-MacchDblShot-16384MiB-threads_4-LP64-FreeBSD_main_n247756_348c41d1815d_64bit-g++_11_O3lto-libc++-DSIZE_d-ISIZE_ui-using_3_threads-cpus_1_2_3.txt
# acpphint_main version: 0.1.24

7.6566e-05 143670 11.0002 1368
7.9406e-05 176311 14.0002 1656
8.2366e-05 206399 17.0003 1944
8.3486e-05 239562 20.0001 2232
8.3926e-05 274052 23.0001 2520
8.3526e-05 347195 28.9998 3096
8.0566e-05 434418 34.9993 3672
8.5167e-05 515047 43.865 4536
8.1406e-05 645568 52.5531 5400
8.2766e-05 780902 64.6321 6552
8.4366e-05 945374 79.7574 7992
8.0686e-05 1.2099e+06 97.6223 9720
8.5326e-05 1.42607e+06 121.681 12024
8.5767e-05 1.76529e+06 151.404 14904
8.7566e-05 2.18075e+06 190.96 18648
8.5886e-05 2.78199e+06 238.934 23256
9.0646e-05 3.28746e+06 297.995 29016
8.9247e-05 4.18122e+06 373.161 36216
9.0767e-05 5.16092e+06 468.442 45432
8.7647e-05 6.7126e+06 588.339 56952
9.0686e-05 8.16884e+06 740.799 71640
8.8766e-05 1.04859e+07 930.79 90072
9.1447e-05 1.28099e+07 1171.43 113112
9.9607e-05 1.47773e+07 1471.92 142200
0.000105768 1.74645e+07 1847.19 178776
0.000114168 2.04039e+07 2329.47 224856
0.000138769 2.10702e+07 2923.89 282744
0.000154891 2.36946e+07 3670.08 355896
0.000170011 2.72335e+07 4630 447768
0.000200854 2.89331e+07 5811.33 563544
0.000236255 3.08356e+07 7285.07 709272
0.000284698 3.22703e+07 9187.28 892728
0.000327981 3.50776e+07 11504.8 1123704
