# filename: ./acpphint-MacchDblShot-16384MiB-threads_4-LP64-FreeBSD_main_n247756_348c41d1815d_64bit-g++_11_O3lto-libc++-DSIZE_d-ISIZE_ull-using_2_threads-cpus_1_3.txt
# acpphint_main version: 0.1.24

6.2286e-05 112385 7 976
5.6005e-05 160700 9 1184
5.7805e-05 190295 11 1392
6.5805e-05 197553 13 1600
6.0126e-05 249476 15 1808
6.2086e-05 306027 19 2224
6.9606e-05 330431 23 2640
6.1525e-05 470271 28.9334 3264
6.1885e-05 561985 34.7785 3888
7.1405e-05 599658 42.8186 4720
6.8926e-05 767236 52.8825 5760
7.2285e-05 896644 64.8139 7008
6.5005e-05 1.2437e+06 80.8465 8672
6.6606e-05 1.5121e+06 100.715 10752
7.4246e-05 1.71053e+06 127 13456
5.8005e-05 2.74114e+06 159 16784
6.7206e-05 2.95432e+06 198.548 20944
6.6845e-05 3.72007e+06 248.668 26144
6.2005e-05 5.03781e+06 312.369 32800
7.4085e-05 5.29619e+06 392.368 41120
7.7526e-05 6.37447e+06 494.187 51728
8.0487e-05 7.72027e+06 621.381 65040
8.7927e-05 8.89322e+06 781.954 81680
8.8047e-05 1.11667e+07 983.195 102688
0.000103488 1.19348e+07 1235.11 129104
0.00013709 1.13603e+07 1557.38 162384
0.00013981 1.39987e+07 1957.15 204192
0.000148411 1.65788e+07 2460.47 257024
0.000154331 2.01159e+07 3104.5 323376
0.000182333 2.14062e+07 3903.06 406992
0.000214615 2.28539e+07 4904.8 512240
0.000258218 2.39843e+07 6193.17 644736
0.000303301 2.56667e+07 7784.73 811552
0.000371345 2.63442e+07 9782.8 1021632
0.00045191 2.73449e+07 12357.4 1286000
0.000560678 2.76983e+07 15529.8 1618800
0.000727729 2.68109e+07 19511.1 2037712
0.000933222 2.64203e+07 24656 2565200
0.00116384 2.66199e+07 30981.3 3229344
0.00150214 2.591e+07 38920.5 4065296
0.00205682 2.39207e+07 49200.5 5117776
0.00262301 2.35639e+07 61808.3 6442736
0.00324558 2.39212e+07 77637.9 8110688
0.0042196 2.32618e+07 98155.5 10210656
0.00530711 2.32349e+07 123310 12854336
0.00668404 2.31705e+07 154872 16182544
0.0085294 2.29537e+07 195782 20372496
0.0104842 2.34641e+07 246001 25647376
0.0132588 2.32991e+07 308919 32287984
0.0172935 2.25793e+07 390474 40647920
0.0216742 2.26403e+07 490710 51172512
0.0265463 2.32086e+07 616102 64422320
0.0334158 2.33014e+07 778634 81102672
0.0420395 2.32784e+07 978613 102102144
0.0539888 2.27525e+07 1.22838e+06 128538944
0.0681809 2.2764e+07 1.55207e+06 161820816
0.0871352 2.23871e+07 1.95071e+06 203720128
0.106488 2.29853e+07 2.44767e+06 256468304
0.133666 2.3128e+07 3.09143e+06 322874384
0.167645 2.3172e+07 3.88467e+06 406474576
0.211436 2.30393e+07 4.87135e+06 511721120
0.26503 2.3198e+07 6.14818e+06 644218576
0.335359 2.30239e+07 7.72125e+06 811022928
0.412476 2.3448e+07 9.67175e+06 1021017232
0.522328 2.33388e+07 1.21905e+07 1285384400
0.669784 2.28267e+07 1.52889e+07 1618202912
