# filename: ./acpphint-MacchDblShot-16384MiB-threads_4-LP64-FreeBSD_main_n247756_348c41d1815d_64bit-g++_11_O3lto-libc++-DSIZE_ul-ISIZE_ul-using_3_threads-cpus_1_2_3.txt
# acpphint_main version: 0.1.24

8.0405e-05 136807 11 1464
7.9485e-05 176134 14 1776
7.5765e-05 224378 17 2088
8.0725e-05 247755 20 2400
8.0046e-05 287335 23 2712
7.6445e-05 379358 29 3336
7.7165e-05 453574 35 3960
7.9685e-05 550502 43.8667 4896
8.1525e-05 644663 52.5562 5832
7.8445e-05 823975 64.6367 7080
8.6846e-05 918445 79.7633 8640
8.0486e-05 1.21303e+06 97.6321 10512
8.0525e-05 1.51128e+06 121.696 13008
8.1926e-05 1.84838e+06 151.431 16128
8.1446e-05 2.34511e+06 191 20184
8.2566e-05 2.89465e+06 239 25176
8.6605e-05 3.44207e+06 298.101 31416
8.4446e-05 4.42095e+06 373.332 39216
8.5806e-05 5.46251e+06 468.716 49200
8.7886e-05 6.69898e+06 588.747 61680
9.0366e-05 8.20402e+06 741.364 77592
8.5846e-05 1.08533e+07 931.71 97560
8.8966e-05 1.3184e+07 1172.93 122520
9.0566e-05 1.62795e+07 1474.37 154032
0.000104127 1.77774e+07 1851.11 193656
0.000118488 1.97133e+07 2335.79 243576
0.000134288 2.18506e+07 2934.27 306288
0.000143569 2.5679e+07 3686.7 385536
0.000162011 2.87392e+07 4656.07 485064
0.000186652 3.13476e+07 5851.08 610488
0.000210493 3.49092e+07 7348.13 768360
0.000259376 3.58108e+07 9288.46 967104
0.000299458 3.89686e+07 11669.4 1217328
0.000364302 4.02269e+07 14654.7 1532448
0.000451027 4.10933e+07 18534.2 1929000
0.000612517 3.80051e+07 23278.8 2428200
0.000889092 3.28714e+07 29225.7 3056568
0.00116559 3.17282e+07 36982.1 3847800
0.00149825 3.0996e+07 46439.6 4844016
0.0019908 2.92829e+07 58296.3 6097944
0.00268339 2.75031e+07 73801.6 7676664
0.0034086 2.71809e+07 92648.8 9664104
0.00450662 2.58031e+07 116285 12166032
0.00584598 2.5186e+07 147237 15315984
0.00742775 2.48856e+07 184844 19281504
0.00916429 2.53119e+07 231965 24273816
0.0117805 2.49289e+07 293675 30558744
0.0147757 2.4959e+07 368788 38471064
0.0185695 2.49182e+07 462719 48431976
0.0234656 2.49619e+07 585745 60971880
0.0298279 2.46666e+07 735751 76758768
0.0379252 2.43369e+07 922980 96633480
0.0474919 2.45984e+07 1.16823e+06 121654008
0.0600396 2.44465e+07 1.46776e+06 153153216
0.0775568 2.3736e+07 1.84089e+06 192808416
0.0978286 2.38136e+07 2.32966e+06 242731224
0.123363 2.37314e+07 2.92759e+06 305580192
0.156219 2.34985e+07 3.6709e+06 384702456
0.198414 2.34084e+07 4.64455e+06 484311576
0.250213 2.33298e+07 5.83741e+06 609711864
0.313555 2.33359e+07 7.31709e+06 767581680
0.397167 2.3302e+07 9.2548e+06 966327864
0.48443 2.40111e+07 1.16317e+07 1216534392
0.611504 2.3831e+07 1.45728e+07 1531525848
0.769998 2.39244e+07 1.84218e+07 1928076600
0.940691 2.46058e+07 2.31465e+07 2427304368
1.1686 2.47944e+07 2.89748e+07 3055794984
