# filename: ./acpphint-MacchDblShot-16384MiB-threads_4-LP64-FreeBSD_main_n247756_348c41d1815d_64bit-g++_11_O3lto-libc++-DSIZE_ui-ISIZE_ui-using_1_threads-cpus_1.txt
# acpphint_main version: 0.1.24

8.00308e-08 1.24952e+07 1 176
1.12581e-07 1.77644e+07 1.99994 228
1.45031e-07 2.06844e+07 2.99988 280
1.76962e-07 2.26023e+07 3.99974 332
2.09571e-07 2.38564e+07 4.99961 384
2.40056e-07 2.4992e+07 5.99947 436
2.70125e-07 2.59112e+07 6.99927 488
3.35462e-07 2.68249e+07 8.99872 592
4.0405e-07 2.72197e+07 10.9981 696
4.97625e-07 2.81276e+07 13.997 852
5.94429e-07 2.85912e+07 16.9954 1008
7.201e-07 2.9153e+07 20.9931 1216
8.7525e-07 2.9694e+07 25.9897 1476
1.06683e-06 2.99803e+07 31.9839 1788
1.31367e-06 3.04303e+07 39.9752 2204
1.6305e-06 3.0642e+07 49.9617 2724
2.04025e-06 3.08489e+07 62.9395 3400
2.5405e-06 3.10586e+07 78.9044 4232
3.1805e-06 3.10801e+07 98.8501 5272
3.981e-06 3.10895e+07 123.767 6572
4.962e-06 3.1364e+07 155.628 8236
6.241e-06 3.13116e+07 195.415 10316
7.802e-06 3.15397e+07 246.073 12968
9.841e-06 3.14529e+07 309.528 16296
1.2362e-05 3.14414e+07 388.678 20456
1.5562e-05 3.13802e+07 488.339 25708
1.9483e-05 3.14737e+07 613.201 32312
2.4762e-05 3.10897e+07 769.843 40632
3.1563e-05 3.05918e+07 965.569 51084
4.0564e-05 2.98586e+07 1211.18 64292
5.1164e-05 2.96506e+07 1517.04 80880
6.6645e-05 2.84849e+07 1898.38 101784
8.3126e-05 2.85342e+07 2371.93 128096
0.000106168 2.78631e+07 2958.17 161220
0.00013541 2.7184e+07 3680.99 202924
0.000168411 2.71227e+07 4567.76 255444
0.000210214 2.68693e+07 5648.31 321536
0.000274818 2.53086e+07 6955.27 404736
0.000338463 2.51765e+07 8521.3 509464
0.000425467 2.43926e+07 10378.2 641336
0.000560756 2.23824e+07 12551.1 807372
0.000685404 2.19633e+07 15053.7 1016360
0.000860135 2.07964e+07 17887.7 1279480
0.00114555 1.83604e+07 21032.8 1610720
0.00143021 1.70931e+07 24446.7 2027708
0.00195769 1.43362e+07 28065.7 2552700
0.00251448 1.26491e+07 31806 3213620
