# filename: ./acpphint-MacchDblShot-16384MiB-threads_4-LP64-FreeBSD_13_r363590M_64bit-g++_10_O3lto-libc++-cpulockdown-DSIZE_f-ISIZE_ui-using_2_threads-cpus_1_3.txt
# acpphint_main version: 0.1.23

5.9605e-05 117473 7.00195 560
5.9165e-05 152143 9.00153 664
5.8885e-05 186805 11 768
6.6765e-05 194713 13 872
6.7246e-05 223062 15 976
6.6765e-05 284535 18.997 1184
5.7685e-05 398718 23 1392
5.7525e-05 502852 28.9266 1704
5.3925e-05 644670 34.7639 2016
6.3044e-05 678837 42.7966 2432
5.5645e-05 949361 52.8272 2952
5.3684e-05 1.20594e+06 64.7398 3576
4.9164e-05 1.64157e+06 80.7064 4408
5.2244e-05 1.92438e+06 100.537 5448
5.2364e-05 2.42057e+06 126.75 6800
5.3244e-05 2.97758e+06 158.538 8464
5.0123e-05 3.94991e+06 197.981 10544
5.5525e-05 4.46136e+06 247.717 13144
5.4044e-05 5.75297e+06 310.914 16472
5.9245e-05 6.58199e+06 389.95 20632
5.7165e-05 8.56753e+06 489.763 25936
6.0125e-05 1.02061e+07 613.64 32592
6.4645e-05 1.1878e+07 767.856 40912
7.5885e-05 1.26569e+07 960.473 51416
