# filename: ./acpphint-MacchDblShot-16384MiB-threads_4-LP64-FreeBSD_main_n247756_348c41d1815d_64bit-g++_11_O3lto-libc++-DSIZE_ld-ISIZE_ul-using_3_threads-cpus_1_2_3.txt
# acpphint_main version: 0.1.24

8.5407e-05 128795 11 2520
8.0246e-05 174464 14 3096
8.3006e-05 204804 17 3672
8.8447e-05 226124 20 4248
8.4767e-05 271332 23 4824
8.4326e-05 343903 29 5976
8.5766e-05 408087 35 7128
9.5887e-05 457484 43.8667 8856
9.9528e-05 528054 52.5562 10584
0.000106688 605848 64.6367 12888
0.000118168 674999 79.7633 15768
0.000117768 829020 97.6321 19224
0.000135169 900324 121.696 23832
0.000149411 1.01352e+06 151.431 29592
0.000170571 1.11977e+06 191 37080
0.000195813 1.22055e+06 239 46296
0.000226095 1.31847e+06 298.101 57816
0.000266697 1.39983e+06 373.332 72216
0.000316901 1.47906e+06 468.716 90648
0.000373984 1.57426e+06 588.747 113688
0.000462789 1.60195e+06 741.364 143064
0.000555355 1.67768e+06 931.71 179928
0.000680323 1.72407e+06 1172.93 226008
0.000833972 1.76789e+06 1474.37 284184
0.00102754 1.80149e+06 1851.11 357336
0.0012838 1.81943e+06 2335.79 449496
0.00159126 1.844e+06 2934.28 565272
0.00197788 1.86397e+06 3686.71 711576
0.00246891 1.88588e+06 4656.07 895320
0.00308639 1.89577e+06 5851.09 1126872
0.00386552 1.90095e+06 7348.14 1418328
0.00485166 1.91449e+06 9288.48 1785240
0.00608998 1.91618e+06 11669.5 2247192
0.00765047 1.91554e+06 14654.8 2828952
0.00960111 1.93043e+06 18534.3 3561048
0.0121113 1.92208e+06 23278.9 4482648
0.015212 1.92124e+06 29225.9 5642712
0.0191821 1.92796e+06 36982.4 7103448
0.0242256 1.91698e+06 46440.1 8942616
0.0302756 1.92554e+06 58297 11257560
0.0378126 1.9518e+06 73802.8 14172120
0.048005 1.93002e+06 92650.6 17841240
0.0598815 1.94197e+06 116288 22460184
0.0752941 1.95555e+06 147241 28275480
0.0941677 1.96301e+06 184852 35596440
0.118887 1.95124e+06 231977 44813016
0.148924 1.97211e+06 293694 56415960
0.186748 1.97495e+06 368817 71023320
0.234944 1.96969e+06 462765 89412696
0.295109 1.98509e+06 585819 112563288
0.371797 1.97922e+06 735868 141708312
0.466439 1.97917e+06 923163 178400088
0.588765 1.9847e+06 1.16852e+06 224591832
0.73855 1.98798e+06 1.46822e+06 282744216
0.93593 1.96768e+06 1.84161e+06 355953816
1.17583 1.98228e+06 2.33082e+06 448119000
