# filename: ./acpphint-MacchDblShot-16384MiB-threads_4-LP64-FreeBSD_13_r363590M_64bit-g++_10_O3lto-libc++-DSIZE_d-ISIZE_ui-using_2_threads-cpus_0_2.txt
# acpphint_main version: 0.1.23

5.6805e-05 123231 7.00012 912
5.9844e-05 150393 9.0001 1104
6.0085e-05 183076 11.0001 1296
5.8204e-05 223352 13 1488
5.6284e-05 266506 15 1680
5.5565e-05 341932 18.9994 2064
5.5965e-05 410952 22.9989 2448
5.8285e-05 496391 28.9321 3024
5.7005e-05 610057 34.7763 3600
5.9285e-05 722219 42.8167 4368
5.9845e-05 883612 52.8798 5328
5.5524e-05 1.16721e+06 64.8082 6480
5.9924e-05 1.34902e+06 80.8385 8016
6.2125e-05 1.621e+06 100.705 9936
6.5925e-05 1.92619e+06 126.984 12432
6.2484e-05 2.54419e+06 158.971 15504
6.1444e-05 3.23063e+06 198.503 19344
6.4205e-05 3.87188e+06 248.594 24144
6.4645e-05 4.83026e+06 312.252 30288
6.5805e-05 5.95965e+06 392.175 37968
6.8045e-05 7.25836e+06 493.895 47760
7.2525e-05 8.56155e+06 620.926 60048
7.6325e-05 1.02359e+07 781.252 75408
8.2286e-05 1.19329e+07 981.913 94800
9.0086e-05 1.36879e+07 1233.09 119184
9.6687e-05 1.60725e+07 1554 149904
0.000108447 1.7998e+07 1951.83 188496
0.000125048 1.96079e+07 2451.93 237264
0.00014561 2.12271e+07 3090.88 298512
0.000169171 2.2942e+07 3881.11 375696
0.000206093 2.36295e+07 4869.88 472848
0.000245095 2.50449e+07 6138.38 595152
0.000294058 2.61783e+07 7697.93 749136
0.000354703 2.71915e+07 9644.9 943056
0.000428707 2.83129e+07 12137.9 1187088
0.000537514 2.82512e+07 15185.4 1494288
