# filename: ./acpphint-MacchDblShot-16384MiB-threads_4-LP64-FreeBSD_13_r363590M_64bit-g++_10_O3lto-libc++-DSIZE_d-ISIZE_ui-using_2_threads-cpus_0_3.txt
# acpphint_main version: 0.1.23

5.9205e-05 118235 7.00012 912
5.1285e-05 175492 9.0001 1104
6.0045e-05 183198 11.0001 1296
5.7365e-05 226619 13 1488
5.8724e-05 255432 15 1680
6.1765e-05 307608 18.9994 2064
5.3684e-05 428413 22.9989 2448
5.7684e-05 501562 28.9321 3024
6.2605e-05 555488 34.7763 3600
6.0125e-05 712128 42.8167 4368
5.8525e-05 903541 52.8798 5328
6.1565e-05 1.05268e+06 64.8082 6480
5.6844e-05 1.42211e+06 80.8385 8016
5.7965e-05 1.73734e+06 100.705 9936
6.8326e-05 1.85851e+06 126.984 12432
6.0605e-05 2.62307e+06 158.971 15504
6.1605e-05 3.22219e+06 198.503 19344
6.4125e-05 3.87671e+06 248.594 24144
6.1845e-05 5.04895e+06 312.252 30288
6.6765e-05 5.87396e+06 392.175 37968
7.1045e-05 6.95186e+06 493.895 47760
7.2766e-05 8.53319e+06 620.926 60048
7.6845e-05 1.01666e+07 781.252 75408
8.5126e-05 1.15348e+07 981.913 94800
9.0246e-05 1.36637e+07 1233.09 119184
9.7166e-05 1.59933e+07 1554 149904
0.000112048 1.74196e+07 1951.83 188496
0.000124848 1.96393e+07 2451.93 237264
0.00014565 2.12213e+07 3090.88 298512
0.000171091 2.26845e+07 3881.11 375696
0.000205934 2.36478e+07 4869.88 472848
0.000243176 2.52425e+07 6138.38 595152
0.000293459 2.62317e+07 7697.93 749136
0.000357823 2.69544e+07 9644.9 943056
0.000424826 2.85715e+07 12137.9 1187088
0.000534273 2.84225e+07 15185.4 1494288
