# filename: ./acpphint-HoneyComb-65536MiB-threads_16-LP64-FreeBSD_main_n259950_5723e5ac6d76_64bit-g++_12_O3lto-libc++-cpulockdown-DSIZE_ul-ISIZE_ul-using_14_threads.txt
# acpphint_main version: 0.1.30

0.000336069 163657 55 6832
0.000333589 206841 69 8288
0.000342348 242443 83 9744
0.000318589 304468 97 11200
0.000330149 336212 111 12656
0.000329269 422147 139 15568
0.000334669 499000 167 18480
0.000327429 635659 208.133 22848
0.000330029 751786 248.111 27216
0.000321429 947757 304.636 33040
0.000334389 1.12278e+06 375.444 40320
0.000338268 1.35589e+06 458.654 49056
0.000329509 1.73305e+06 571.055 60704
0.000326149 2.17482e+06 709.316 75264
0.000337148 2.65462e+06 895 94192
0.000331469 3.37588e+06 1119 117488
0.000336029 4.14609e+06 1393.21 146608
0.000346788 5.03075e+06 1744.6 183008
0.000349468 6.26217e+06 2188.43 229600
0.000347188 7.91777e+06 2748.96 287840
0.000345788 1.00069e+07 3460.27 362096
0.000356947 1.21729e+07 4345.08 455280
0.000353068 1.55033e+07 5473.71 571760
0.000360747 1.90639e+07 6877.24 718816
0.000377027 2.28804e+07 8626.51 903728
0.000382107 2.85219e+07 10898.4 1136688
0.000392266 3.48805e+07 13682.4 1429344
0.000401306 4.27955e+07 17174.1 1799168
0.000417705 5.20065e+07 21723.4 2263632
0.000436425 6.25053e+07 27278.9 2848944
0.000448144 7.63644e+07 34222.3 3585680
0.000482423 8.98309e+07 43336.5 4513152
0.000542821 1.00217e+08 54399.9 5680864
0.000622018 1.09708e+08 68240.2 7151424
0.000711294 1.21576e+08 86476.6 9002000
0.000799052 1.35802e+08 108513 11331600
0.000928646 1.46527e+08 136072 14263984
0.00134763 1.28047e+08 172559 17956400
0.00210772 1.02701e+08 216465 22605408
0.00299285 9.06788e+07 271388 28457072
0.00413813 8.32201e+07 344375 35824432
0.00551659 7.82784e+07 431830 45099152
0.00721165 7.5055e+07 541270 56774816
0.00934349 7.35243e+07 686974 71474592
0.0120292 7.1615e+07 861470 89980352
0.0154183 7.00166e+07 1.07954e+06 113277808
0.0196309 6.97816e+07 1.36987e+06 142607472
0.0250469 6.86098e+07 1.71846e+06 179531632
0.0317538 6.77984e+07 2.15286e+06 226015888
0.0402723 6.78192e+07 2.73124e+06 284535440
0.0509009 6.73338e+07 3.42735e+06 358207584
0.0644561 6.65928e+07 4.29231e+06 450956240
0.0812043 6.70396e+07 5.4439e+06 567718704
0.102515 6.66537e+07 6.83301e+06 714715008
0.129408 6.60996e+07 8.55381e+06 899772608
0.163427 6.6355e+07 1.08442e+07 1132745712
0.205643 6.61934e+07 1.36122e+07 1426040896
0.259355 6.56615e+07 1.70296e+07 1795278128
0.326595 6.60596e+07 2.15747e+07 2260120688
0.411174 6.58482e+07 2.70751e+07 2845322032
0.518183 6.53016e+07 3.38382e+07 3582047840
0.652652 6.56061e+07 4.28179e+07 4509530032
0.821617 6.53427e+07 5.36866e+07 5677160496
1.03506 6.47095e+07 6.6978e+07 7147120624
