# filename: ./acpphint-HoneyComb-65536MiB-threads_16-LP64-FreeBSD_main_n247756_348c41d1815d_64bit-clang++_12_O3-libc++-DSIZE_ld-ISIZE_ul-using_8_threads-cpus_kx4_kx4p1_0_13.txt
# acpphint_main version: 0.1.24

0.000193633 160097 31 6720
0.000198154 196817 39 8256
0.000201273 233514 47 9792
0.000201433 273044 55 11328
0.000202114 311705 63 12864
0.000205513 384404 79 15936
0.000208153 456395 95 19008
0.000215073 551131 118.533 23616
0.000214913 658149 141.445 28224
0.000226632 766562 173.727 34368
0.000237072 903372 214.164 42048
0.000234752 1.11493e+06 261.732 51264
0.000243312 1.33963e+06 325.949 63552
0.00026835 1.50928e+06 405.014 78912
0.00028691 1.78105e+06 511 98880
0.000314189 2.03381e+06 639 123456
0.000351468 2.26443e+06 795.875 154176
0.000388146 2.56769e+06 996.639 192576
0.000437184 2.86014e+06 1250.41 241728
0.000506342 3.10197e+06 1570.66 303168
0.000593819 3.32969e+06 1977.23 381504
0.000697854 3.55842e+06 2483.26 479808
0.000834489 3.74819e+06 3127.82 602688
0.000997843 3.93872e+06 3930.23 757824
0.00121487 4.05875e+06 4930.87 952896
0.00148046 4.20672e+06 6227.9 1198656
0.00181309 4.31298e+06 7819.83 1507392
0.00223616 4.39032e+06 9817.43 1897536
0.00277253 4.47748e+06 12414 2387520
0.00344835 4.52132e+06 15591.1 3004992
0.00429612 4.55385e+06 19563.9 3782208
0.00535648 4.62338e+06 24765 4760640
0.00667607 4.65734e+06 31092.7 5992512
0.00832864 4.68413e+06 39012.5 7543872
0.0104152 4.74476e+06 49417.9 9496128
0.0130527 4.75172e+06 62022.8 11953728
0.0163695 4.7524e+06 77794.5 15047232
0.0205295 4.80339e+06 98611.2 18942528
0.0258134 4.7932e+06 123729 23846976
0.0324723 4.77838e+06 155165 30020160
0.0407913 4.82461e+06 196802 37792320
0.0513119 4.81061e+06 246842 47576640
0.0645408 4.7953e+06 309492 59893824
0.0811654 4.8373e+06 392621 75401280
0.102604 4.7998e+06 492479 94923840
0.128707 4.79655e+06 617350 119501376
0.16237 4.82264e+06 783052 150442560
0.204126 4.81362e+06 982585 189395520
0.257216 4.78762e+06 1.23145e+06 238433856
0.32376 4.82378e+06 1.56175e+06 300168768
0.407244 4.8139e+06 1.96043e+06 377888832
0.512794 4.79028e+06 2.45643e+06 475733568
0.646392 4.81876e+06 3.11481e+06 598911552
0.8124 4.8146e+06 3.91138e+06 753984576
1.02136 4.79743e+06 4.89988e+06 949210176
