# filename: ./acpphint-HoneyComb-65536MiB-threads_16-LP64-FreeBSD_main_n264334_215bab7924f6_64bit-clang++_16_O3lto-libc++-cpulockdown-DSIZE_ull-ISIZE_ull-using_4_threads-cpus_2_3_8_9.txt
# acpphint_main version: 0.1.35

0.000120357 124629 15 1952
0.000125476 151423 19 2368
0.000120957 190150 23 2784
0.000125596 214975 27 3200
0.000123356 251305 31 3616
0.000126717 307772 39 4448
0.000131596 357154 47 5280
0.000125236 469514 58.8001 6528
0.000119837 586913 70.3339 7776
0.000118957 726774 86.4548 9440
0.000128076 832659 106.644 11520
0.000127957 1.01949e+06 130.451 14016
0.000123037 1.32112e+06 162.546 17344
0.000123716 1.63396e+06 202.147 21504
0.000136836 1.86354e+06 255 26912
0.000125756 2.53666e+06 319 33568
0.000124157 3.20284e+06 397.655 41888
0.000125196 3.97771e+06 497.994 52288
0.000131836 4.74117e+06 625.057 65600
0.000129956 6.04149e+06 785.128 82240
0.000127916 7.72803e+06 988.539 103456
0.000133316 9.3164e+06 1242.03 130080
0.000138636 1.12806e+07 1563.9 163360
0.000139836 1.40561e+07 1965.55 205376
0.000146356 1.68567e+07 2467.07 258208
0.000153395 2.03019e+07 3114.2 324768
0.000161555 2.42109e+07 3911.39 408384
0.000178515 2.75208e+07 4912.88 514048
0.000194794 3.18677e+07 6207.63 646752
0.000206233 3.78168e+07 7799.08 813984
0.000226273 4.32722e+07 9791.33 1024480
0.000261911 4.72823e+07 12383.7 1289472
0.000304189 5.1133e+07 15554.1 1623104
0.000353948 5.51673e+07 19526.4 2043264
0.000411066 6.0114e+07 24710.8 2572000
0.000481903 6.43853e+07 31027.5 3237600
0.00057802 6.73671e+07 38939.5 4075424
0.000688456 7.16206e+07 49307.6 5130400
0.000833491 7.42624e+07 61897.1 6458688
0.00102004 7.61436e+07 77669.8 8130592
0.00129091 7.62256e+07 98400.6 10235552
0.00163274 7.5631e+07 123486 12885472
0.00217972 7.10755e+07 154925 16221376
0.00287929 6.81797e+07 196309 20421312
0.00381662 6.45505e+07 246365 25708672
0.0050031 6.17685e+07 309034 32365088
0.00654248 5.98449e+07 391534 40744992
0.00838761 5.86008e+07 491521 51294752
0.0107964 5.70959e+07 616428 64575968
0.0137632 5.67367e+07 780880 81295840
0.0176894 5.54332e+07 980581 102345024
0.022486 5.46789e+07 1.22951e+06 128844640
0.0283668 5.48979e+07 1.55728e+06 162205344
0.0359737 5.43749e+07 1.95606e+06 204204288
0.0455302 5.38552e+07 2.45204e+06 257077888
0.0574389 5.40593e+07 3.10511e+06 323641632
0.0724586 5.38392e+07 3.90112e+06 407440256
0.0915343 5.34096e+07 4.88881e+06 512936608
0.114475 5.40663e+07 6.18922e+06 645748768
0.14395 5.40245e+07 7.77683e+06 812949152
0.181488 5.36774e+07 9.7418e+06 1023442240
0.228999 5.38338e+07 1.23279e+07 1288437152
0.288416 5.37045e+07 1.54893e+07 1622045856
0.362984 5.342e+07 1.93906e+07 2042034464
0.45815 5.3521e+07 2.45206e+07 2570768800
0.57616 5.34498e+07 3.07956e+07 3236405824
0.729975 5.27561e+07 3.85106e+07 4074393312
0.913791 5.32243e+07 4.86359e+07 5129356832
1.15833 5.26725e+07 6.10123e+07 6457477184
