# filename: ./acpphint-HoneyComb-65536MiB-threads_16-LP64-FreeBSD_main_n247756_348c41d1815d_64bit-g++_11_O3lto-libstdc++-cpulockdown-DSIZE_ull-ISIZE_ull-using_16_threads.txt
# acpphint_main version: 0.1.24

0.000519341 121308 63 7808
0.000510662 154701 79 9472
0.000504341 188365 95 11136
0.000490542 226280 111 12800
0.000498062 254988 127 14464
0.000495222 321068 159 17792
0.000496542 384660 191 21120
0.000504262 471977 238 26112
0.000509222 557059 283.667 31104
0.000506141 688094 348.273 37760
0.000530381 809238 429.204 46080
0.000499102 1.05048e+06 524.295 56064
0.000493462 1.32281e+06 652.757 69376
0.000507502 1.59753e+06 810.75 86016
0.000511941 1.99828e+06 1023 107648
0.000501982 2.5479e+06 1279 134272
0.000501262 3.17662e+06 1592.32 167552
0.000492942 4.04495e+06 1993.93 209152
0.000499302 5.00919e+06 2501.1 262400
0.000511581 6.1412e+06 3141.72 328960
0.000509581 7.76051e+06 3954.61 413824
0.000500862 9.91428e+06 4965.68 520320
0.000498142 1.2558e+07 6255.67 653440
0.000499502 1.57348e+07 7859.57 821504
0.000463063 2.12895e+07 9858.39 1032832
0.000527781 2.35993e+07 12455.3 1299072
0.000504062 3.10213e+07 15636.6 1633536
0.000478663 4.10024e+07 19626.3 2056192
0.000483663 5.13301e+07 24826.5 2587008
0.000504582 6.17834e+07 31174.8 3255936
0.000530341 7.37419e+07 39108.4 4097920
0.000575099 8.61191e+07 49527 5157888
0.000636576 9.76615e+07 62169 6492416
0.000701534 1.1116e+08 77982.7 8173056
0.00078405 1.2605e+08 98829.6 10288000
0.000871168 1.42349e+08 124010 12950400
0.00106544 1.45947e+08 155498 16301696
0.00172445 1.1436e+08 197209 20521600
0.00257978 9.58908e+07 247377 25834752
0.00362458 8.55628e+07 310129 32522368
0.00488321 8.05959e+07 393567 40942208
0.00645255 7.64804e+07 493494 51541888
0.00844072 7.32794e+07 618531 64885504
0.010881 7.21525e+07 785093 81685248
0.0139346 7.06492e+07 984470 102834688
0.0178076 6.92739e+07 1.2336e+06 129460352
0.0226524 6.91089e+07 1.56549e+06 162979968
0.0287967 6.81941e+07 1.96377e+06 205179008
0.0365226 6.73559e+07 2.46001e+06 258303872
0.0461833 6.75806e+07 3.1211e+06 325183360
0.0583582 6.71091e+07 3.91636e+06 409380096
0.0737292 6.65183e+07 4.90434e+06 515378560
0.093112 6.68053e+07 6.22038e+06 648821376
0.117489 6.64491e+07 7.80707e+06 816817152
0.148182 6.59466e+07 9.77207e+06 1028311552
0.186747 6.63389e+07 1.23886e+07 1294566528
0.235373 6.60618e+07 1.55492e+07 1629761024
0.296584 6.55785e+07 1.94495e+07 2051746432
0.373585 6.59518e+07 2.46386e+07 2582995072
0.47043 6.57141e+07 3.09139e+07 3251796608
0.592824 6.51541e+07 3.86249e+07 4093768960
0.746578 6.54505e+07 4.88639e+07 5153748608
0.939665 6.51769e+07 6.12444e+07 6488183424
1.1832 6.45443e+07 7.63686e+07 8168137856
