# filename: ./acpphint-HoneyComb-65536MiB-threads_16-LP64-FreeBSD_main_n247756_348c41d1815d_64bit-g++_11_O3lto-libc++-DSIZE_ull-ISIZE_ull-using_4_threads-cpus_kx4_kx4p3n0_1_15.txt
# acpphint_main version: 0.1.24

0.000118677 126393 15 1952
0.000120236 158023 19 2368
0.000119956 191737 23 2784
0.000117956 228899 27 3200
0.000115276 268920 31 3616
0.000117076 333117 39 4448
0.000118116 397914 47 5280
0.000115237 510253 58.8001 6528
0.000116396 604263 70.3339 7776
0.000119036 726291 86.4548 9440
0.000117596 906865 106.644 11520
0.000118676 1.09922e+06 130.451 14016
0.000118316 1.37383e+06 162.546 17344
0.000118556 1.70508e+06 202.147 21504
0.000116516 2.18854e+06 255 26912
0.000119957 2.65929e+06 319 33568
0.000121716 3.26707e+06 397.655 41888
0.000122756 4.05678e+06 497.994 52288
0.000126076 4.95778e+06 625.057 65600
0.000126436 6.20968e+06 785.128 82240
0.000127516 7.75227e+06 988.539 103456
0.000130996 9.4814e+06 1242.03 130080
0.000137195 1.13991e+07 1563.9 163360
0.000130755 1.50323e+07 1965.55 205376
0.000131796 1.87189e+07 2467.07 258208
0.000141235 2.20498e+07 3114.2 324768
0.000155434 2.51643e+07 3911.39 408384
0.000162994 3.01415e+07 4912.88 514048
0.000182674 3.3982e+07 6207.63 646752
0.000196153 3.97602e+07 7799.08 813984
0.000226193 4.32875e+07 9791.33 1024480
0.000252351 4.90735e+07 12383.7 1289472
0.00029583 5.25778e+07 15554.1 1623104
0.000356547 5.47652e+07 19526.4 2043264
0.000419184 5.89498e+07 24710.8 2572000
0.00050906 6.09505e+07 31027.5 3237600
0.000608617 6.39803e+07 38939.5 4075424
0.00074725 6.59854e+07 49307.6 5130400
0.000904325 6.84456e+07 61897.1 6458688
0.0011152 6.96467e+07 77669.8 8130592
0.00138354 7.11221e+07 98400.6 10235552
0.00171613 7.19559e+07 123486 12885472
0.00215595 7.1859e+07 154925 16221376
0.00283277 6.92996e+07 196309 20421312
0.00355246 6.93505e+07 246365 25708672
0.00457698 6.75192e+07 309034 32365088
0.00586016 6.68128e+07 391534 40744992
0.00768665 6.39447e+07 491521 51294752
0.00985444 6.25533e+07 616428 64575968
0.0123908 6.30208e+07 780880 81295840
0.0160343 6.11552e+07 980581 102345024
0.0199161 6.17344e+07 1.22951e+06 128844640
0.0251625 6.18889e+07 1.55728e+06 162205344
0.0323176 6.05263e+07 1.95606e+06 204204288
0.0405792 6.0426e+07 2.45204e+06 257077888
0.0508178 6.11028e+07 3.10511e+06 323641632
0.0645617 6.04246e+07 3.90112e+06 407440256
0.0821968 5.94769e+07 4.88881e+06 512936608
0.102486 6.03911e+07 6.18922e+06 645748768
0.128975 6.02973e+07 7.77683e+06 812949152
0.164563 5.9198e+07 9.7418e+06 1023442240
0.207018 5.95499e+07 1.23279e+07 1288437152
0.256031 6.04976e+07 1.54893e+07 1622045856
0.325552 5.95622e+07 1.93906e+07 2042034464
0.405065 6.05351e+07 2.45206e+07 2570768800
0.513732 5.99448e+07 3.07956e+07 3236405824
0.65621 5.86864e+07 3.85106e+07 4074393312
0.826569 5.88407e+07 4.86359e+07 5129356832
1.03827 5.87633e+07 6.10123e+07 6457477184
