# filename: ./acpphint-HoneyComb-65536MiB-threads_16-LP64-FreeBSD_main_n247756_348c41d1815d_64bit-g++_11_O3lto-libc++-DSIZE_d-ISIZE_ui-using_16_threads.txt
# acpphint_main version: 0.1.24

0.000448144 140569 62.9951 7296
0.000444943 177534 78.9924 8832
0.000441624 215093 94.9901 10368
0.000448584 247415 110.987 11904
0.000446943 284118 126.984 13440
0.000443703 358282 158.971 16512
0.000447423 426791 190.956 19584
0.000442224 538035 237.932 24192
0.000440183 644221 283.575 28800
0.000441784 788012 348.131 34944
0.000442624 969209 428.995 42624
0.000446064 1.17463e+06 523.96 51840
0.000442184 1.4751e+06 652.267 64128
0.000462224 1.7523e+06 809.955 79488
0.000427985 2.38703e+06 1021.61 99456
0.000435864 2.92926e+06 1276.76 124032
0.000422624 3.75957e+06 1588.88 154752
0.000452543 4.39383e+06 1988.39 193152
0.000436944 5.70402e+06 2492.34 242304
0.000444144 7.04237e+06 3127.83 303744
0.000434544 9.04872e+06 3932.07 382080
0.000435824 1.13123e+07 4930.19 480384
0.000450584 1.37574e+07 6198.86 603264
0.000462303 1.68092e+07 7770.93 758400
0.000469863 2.0686e+07 9719.61 953472
0.000485782 2.51812e+07 12232.6 1199232
0.000504942 3.02763e+07 15287.8 1507968
