# filename: ./acpphint-HoneyComb-65536MiB-threads_16-LP64-FreeBSD_main_n247756_348c41d1815d_64bit-g++_11_O3lto-libc++-DSIZE_ld-ISIZE_ul-using_1_threads-cpus_0.txt
# acpphint_main version: 0.1.24

2.1005e-06 476077 1 456
3.5005e-06 571347 2 648
4.961e-06 604717 3 840
6.321e-06 632811 4 1032
7.881e-06 634437 5 1224
9.321e-06 643708 6 1416
1.0761e-05 650497 7 1608
1.372e-05 655977 9 1992
1.676e-05 656325 11 2376
2.116e-05 661626 14 2952
2.548e-05 667190 17 3528
3.128e-05 671355 21 4296
3.84e-05 677083 26 5256
4.6999e-05 680866 32 6408
5.8558e-05 683083 40 7944
7.2879e-05 686069 50 9864
9.1357e-05 689602 63 12360
0.000114237 691545 79 15432
0.000142356 695440 99 19272
0.000178155 696023 124 24072
0.000223672 697450 156 30216
0.000280471 698824 196 37896
0.000352388 700932 247 47688
0.000444104 700286 311 59976
0.00055858 699989 391 75336
0.000702574 700282 492 94728
0.000883207 700855 619 119112
0.00111136 700944 779 149832
0.00140839 695831 980 188424
0.00176377 699637 1234 237192
0.0022118 702144 1553 298440
0.00278261 702577 1955 375624
0.00349543 704063 2461 472776
0.00439979 704124 3098 595080
0.00555063 702623 3900 749064
0.00697289 704155 4910 942984
0.00879386 702876 6181 1187016
0.0110476 704315 7781 1494216
0.0139175 703792 9795 1880904
0.0175067 704358 12331 2367816
0.0220659 703528 15524 2980872
0.0277919 703189 19543 3752520
0.0349874 703196 24603 4724040
0.0442659 699703 30973 5947080
0.0555157 702359 38992 7486728
0.069613 705154 49087.9 9425160
0.0876821 704795 61797.9 11865480
0.109919 707787 77798.9 14937672
0.137847 710519 97942.8 18805320
0.173165 712053 123303 23674440
0.218296 711093 155228 29804232
0.273327 714969 195420 37521096
0.342653 717982 246019 47236104
0.433534 714404 309719 59466696
0.545242 715117 389912 74863944
0.682959 718738 490869 94248072
0.860167 718424 617965 118651272
1.07908 720956 777969 149373000
