# filename: ./acpphint-HoneyComb-65536MiB-threads_16-LP64-FreeBSD_main_n247756_348c41d1815d_64bit-g++_11_O3lto-libc++-DSIZE_ld-ISIZE_ull-using_4_threads-cpus_kx2sp1w0_0_7.txt
# acpphint_main version: 0.1.24

0.000118836 126224 15 3360
0.000125196 151762 19 4128
0.000124476 184775 23 4896
0.000123196 219163 27 5664
0.000127756 242650 31 6432
0.000127036 307000 39 7968
0.000126796 370674 47 9504
0.000134756 436345 58.8001 11808
0.000128276 548301 70.3339 14112
0.000132436 652805 86.4548 17184
0.000144556 737733 106.644 21024
0.000156915 831351 130.451 25632
0.000169114 961163 162.546 31776
0.000186874 1.08173e+06 202.147 39456
0.000216952 1.17538e+06 255 49440
0.000237632 1.34241e+06 319 61728
0.00026455 1.50314e+06 397.655 77088
0.000308989 1.61169e+06 497.994 96288
0.000335347 1.86391e+06 625.057 120864
0.000406585 1.93103e+06 785.128 151584
0.000488102 2.02527e+06 988.539 190752
0.000580938 2.13797e+06 1242.03 239904
0.000705573 2.2165e+06 1563.9 301344
0.000862847 2.27798e+06 1965.55 378912
0.00105176 2.34566e+06 2467.08 476448
0.00129447 2.40578e+06 3114.21 599328
0.00160942 2.43032e+06 3911.39 753696
0.0019868 2.47276e+06 4912.88 948768
0.0024671 2.51617e+06 6207.64 1193760
0.00308816 2.52548e+06 7799.09 1502496
0.00386689 2.5321e+06 9791.35 1891104
0.00483349 2.56208e+06 12383.8 2380320
0.00606192 2.56587e+06 15554.1 2996256
0.00763274 2.55825e+06 19526.4 3771936
0.0095923 2.57612e+06 24711 4748064
0.0121087 2.56242e+06 31027.7 5976864
0.0152715 2.54984e+06 38939.8 7523616
0.0193178 2.55247e+06 49308.1 9471264
0.0245668 2.51958e+06 61897.9 11923488
0.0312974 2.48171e+06 77671 15010080
0.040017 2.45902e+06 98402.6 18896160
0.0513147 2.4065e+06 123489 23788320
0.0653489 2.37081e+06 154930 29946912
0.083188 2.35993e+06 196318 37700640
0.105778 2.3292e+06 246377 47461920
0.134044 2.30562e+06 309054 59750688
0.169863 2.30519e+06 391566 75221280
0.215182 2.28445e+06 491572 94697760
0.271889 2.2675e+06 616508 119216928
0.343607 2.27297e+06 781008 150084384
0.433449 2.26274e+06 980783 188944416
0.547022 2.24822e+06 1.22983e+06 237866784
0.689552 2.25913e+06 1.55779e+06 299455776
0.869403 2.25082e+06 1.95687e+06 376992288
1.09528 2.23989e+06 2.4533e+06 474605088
