# filename: ./acpphint-HoneyComb-65536MiB-threads_16-LP64-FreeBSD_main_n247756_348c41d1815d_64bit-g++_11_O3lto-libstdc++-DSIZE_f-ISIZE_ui-using_4_threads-cpus_kx4_kx4p1_0_13.txt
# acpphint_main version: 0.1.24

0.000143396 104605 15 1120
0.000139276 136398 18.9969 1328
0.000139076 165377 23 1536
0.000139315 193763 26.994 1744
0.000139356 222396 30.9922 1952
0.000137156 284214 38.9817 2368
0.000138515 339124 46.9737 2784
0.000139036 422521 58.7456 3408
0.000135835 517076 70.2371 4032
0.000137836 626279 86.3238 4864
0.000139315 764381 106.49 5904
0.000138556 939493 130.172 7152
0.000142795 1.13521e+06 162.102 8816
0.000143075 1.40849e+06 201.519 10896
0.000140835 1.80356e+06 254.004 13600
0.000142395 2.22962e+06 317.486 16928
0.000145796 2.71095e+06 395.245 21088
0.000142555 3.46194e+06 493.517 26288
0.000146795 4.20401e+06 617.127 32944
0.000151475 5.09057e+06 771.094 41264
0.000146555 6.58787e+06 965.485 51872
