# filename: ./acpphint-HoneyComb-65536MiB-threads_16-LP64-FreeBSD_main_n262658_b347c2284603_64bit-g++_13_O3lto-libc++-cpulockdown-DSIZE_ull-ISIZE_ull-using_8_threads-cpus_0_1_2_3_4_5_6_7.txt
# acpphint_main version: 0.1.34

0.000174554 177595 31 3904
0.000166995 233540 39 4736
0.000174235 269751 47 5568
0.000172115 319554 55 6400
0.000169234 372266 63 7232
0.000172235 458676 79 8896
0.000177795 534323 95 10560
0.000178275 664891 118.533 13056
0.000175554 805705 141.445 15552
0.000172675 1.00609e+06 173.727 18880
0.000178955 1.19675e+06 214.164 23040
0.000171715 1.52422e+06 261.732 28032
0.000179834 1.8125e+06 325.949 34688
0.000175995 2.30128e+06 405.014 43008
0.000179194 2.85166e+06 511 53824
0.000180114 3.54775e+06 639 67136
0.000174754 4.55426e+06 795.875 83776
0.000176194 5.65649e+06 996.639 104576
0.000185994 6.72284e+06 1250.41 131200
0.000186314 8.43016e+06 1570.66 164480
0.000187075 1.05692e+07 1977.23 206912
0.000183954 1.34993e+07 2483.26 260160
0.000184794 1.6926e+07 3127.82 326720
0.000197034 1.99469e+07 3930.23 410752
0.000194234 2.53862e+07 4930.87 516416
0.000201993 3.08322e+07 6227.89 649536
0.000214394 3.6474e+07 7819.82 816768
0.000220393 4.4545e+07 9817.41 1028096
0.000229752 5.40319e+07 12413.9 1293504
0.000252311 6.17929e+07 15591 1627968
0.000277191 7.05788e+07 19563.8 2048960
0.00031087 7.96631e+07 24764.9 2578944
0.000364308 8.53468e+07 31092.5 3246208
0.000417665 9.34054e+07 39012.1 4086528
0.000484783 1.01937e+08 49417.3 5144000
0.00056074 1.10607e+08 62022 6475200
0.000654137 1.18925e+08 77793.3 8150848
0.000791012 1.24662e+08 98609.2 10260800
0.000983645 1.25783e+08 123726 12917376
0.00134691 1.15197e+08 155160 16261184
0.00192553 1.02202e+08 196794 20471104
0.0026857 9.19048e+07 246829 25770944
0.00364719 8.48524e+07 309472 32442752
0.00480778 8.16569e+07 392589 40842624
0.00632673 7.7833e+07 492428 51417344
0.00817018 7.55516e+07 617270 64730176
0.0105952 7.38941e+07 782923 81489984
0.0134435 7.30751e+07 982382 102589504
0.0173457 7.09764e+07 1.23114e+06 129151936
0.0220151 7.09166e+07 1.56124e+06 162591680
0.0276613 7.08434e+07 1.95962e+06 204690048
0.0350066 7.01342e+07 2.45516e+06 257689280
0.0446046 6.9786e+07 3.11277e+06 324410688
0.0563763 6.9323e+07 3.90817e+06 408408576
0.0711899 6.87576e+07 4.89484e+06 514155776
0.089561 6.92722e+07 6.20409e+06 647283264
0.113005 6.89424e+07 7.79083e+06 814880512
0.142902 6.82528e+07 9.75343e+06 1025873216
0.17937 6.88894e+07 1.23567e+07 1291497536
0.225178 6.891e+07 1.5517e+07 1625898304
0.283358 6.85106e+07 1.9413e+07 2046884480
0.356956 6.88496e+07 2.45763e+07 2576874304
0.451257 6.83656e+07 3.08505e+07 3244091712
0.570461 6.75833e+07 3.85537e+07 4084068928
0.715264 6.81466e+07 4.87428e+07 5141537600
0.898973 6.79889e+07 6.11202e+07 6472811648
1.1327 6.72999e+07 7.62307e+07 8148786624
