# filename: ./acpphint-HoneyComb-65536MiB-threads_16-LP64-FreeBSD_main_n262658_b347c2284603_64bit-g++_13_O3lto-libstdc++-DSIZE_ull-ISIZE_ull-using_16_threads.txt
# acpphint_main version: 0.1.34

0.000423266 148843 63 7808
0.000391027 202032 79 9472
0.000415826 228461 95 11136
0.000401547 276431 111 12800
0.000409706 309978 127 14464
0.000428505 371058 159 17792
0.000402947 474008 191 21120
0.000397347 598973 238 26112
0.000402306 705102 283.667 31104
0.000413387 842486 348.273 37760
0.000393826 1.08983e+06 429.204 46080
0.000392187 1.33685e+06 524.295 56064
0.000379467 1.72019e+06 652.757 69376
0.000405866 1.99758e+06 810.75 86016
0.000409626 2.4974e+06 1023 107648
0.000387707 3.29888e+06 1279 134272
0.000391827 4.06383e+06 1592.32 167552
0.000427106 4.66846e+06 1993.93 209152
0.000403146 6.20395e+06 2501.1 262400
0.000392507 8.00425e+06 3141.72 328960
0.000411387 9.61287e+06 3954.61 413824
0.000412226 1.2046e+07 4965.68 520320
0.000409826 1.52642e+07 6255.67 653440
0.000414226 1.89741e+07 7859.57 821504
0.000409626 2.40668e+07 9858.39 1032832
0.000426346 2.9214e+07 12455.3 1299072
0.000432466 3.61569e+07 15636.6 1633536
0.000456705 4.29738e+07 19626.3 2056192
0.000494703 5.01846e+07 24826.5 2587008
0.000545141 5.71867e+07 31174.8 3255936
0.00059222 6.60369e+07 39108.4 4097920
0.000640418 7.73354e+07 49527 5157888
0.000721815 8.61287e+07 62169 6492416
0.000815731 9.55986e+07 77982.7 8173056
0.000918048 1.07652e+08 98829.6 10288000
0.000992725 1.24918e+08 124010 12950400
0.00108372 1.43485e+08 155498 16301696
0.00162466 1.21385e+08 197209 20521600
0.00244027 1.01373e+08 247377 25834752
0.00340048 9.12017e+07 310129 32522368
0.00457931 8.59445e+07 393567 40942208
0.00605142 8.15501e+07 493494 51541888
0.00786752 7.86183e+07 618531 64885504
0.0101547 7.73135e+07 785093 81685248
0.0130105 7.56672e+07 984470 102834688
0.0166034 7.42983e+07 1.2336e+06 129460352
0.0211424 7.40448e+07 1.56549e+06 162979968
0.0268261 7.32036e+07 1.96377e+06 205179008
0.0339788 7.23985e+07 2.46001e+06 258303872
0.042995 7.2592e+07 3.1211e+06 325183360
0.054334 7.20795e+07 3.91636e+06 409380096
0.0686365 7.14539e+07 4.90434e+06 515378560
0.0866596 7.17794e+07 6.22038e+06 648821376
0.109348 7.13967e+07 7.80707e+06 816817152
0.137915 7.08559e+07 9.77207e+06 1028311552
0.173859 7.12567e+07 1.23886e+07 1294566528
0.219193 7.09382e+07 1.55492e+07 1629761024
0.276133 7.04353e+07 1.94495e+07 2051746432
0.348014 7.07978e+07 2.46386e+07 2582995072
0.438161 7.05536e+07 3.09139e+07 3251796608
0.551937 6.99808e+07 3.86249e+07 4093768960
0.695082 7.02994e+07 4.88639e+07 5153748608
0.874896 7.0002e+07 6.12444e+07 6488183424
1.102 6.93004e+07 7.63686e+07 8168137856
