# filename: ./acpphint-HoneyComb-65536MiB-threads_16-LP64-FreeBSD_main_n247756_348c41d1815d_64bit-clang++_12_O3lto-libc++-cpulockdown-DSIZE_f-ISIZE_ui-using_8_threads.txt
# acpphint_main version: 0.1.24

0.000227232 136390 30.9922 2240
0.000234552 166196 38.9817 2656
0.000232312 202201 46.9737 3072
0.000232272 236586 54.9524 3488
0.000234511 268378 62.9377 3904
0.000234112 336924 78.878 4736
0.000232032 408746 94.8421 5568
0.000229031 516592 118.316 6816
0.000233792 603516 141.097 8064
0.000232592 744792 173.233 9728
0.000231191 923627 213.534 11808
0.000235191 1.10841e+06 260.688 14304
0.000235152 1.37957e+06 324.408 17632
0.000233472 1.72299e+06 402.269 21792
0.000234232 2.16144e+06 506.278 27200
0.000238272 2.64621e+06 630.518 33856
0.000235031 3.32603e+06 781.72 42176
0.000240231 4.05123e+06 973.23 52576
