# filename: ./acpphint-HoneyComb-65536MiB-threads_16-LP64-FreeBSD_main_n262658_b347c2284603_64bit-clang++_16_O3lto-libc++-DSIZE_ul-ISIZE_ul-using_16_threads.txt
# acpphint_main version: 0.1.34

0.000384026 164051 63 7808
0.000419065 188515 79 9472
0.000429345 221267 95 11136
0.000405466 273759 111 12800
0.000373707 339838 127 14464
0.000385707 412230 159 17792
0.000410106 465733 191 21120
0.000388347 612854 238 26112
0.000402706 704402 283.667 31104
0.000407466 854728 348.273 37760
0.000375107 1.14422e+06 429.204 46080
0.000394587 1.32872e+06 524.295 56064
0.000374867 1.7413e+06 652.757 69376
0.000385107 2.10526e+06 810.75 86016
0.000386387 2.6476e+06 1023 107648
0.000386307 3.31084e+06 1279 134272
0.000403306 3.94816e+06 1592.32 167552
0.000392867 5.07532e+06 1993.93 209152
0.000358588 6.97485e+06 2501.1 262400
0.000409265 7.6765e+06 3141.72 328960
0.000367787 1.07524e+07 3954.61 413824
0.000416425 1.19246e+07 4965.68 520320
0.000393706 1.58892e+07 6255.67 653440
0.000402106 1.9546e+07 7859.57 821504
0.000408306 2.41446e+07 9858.39 1032832
0.000418346 2.97726e+07 12455.3 1299072
0.000431665 3.6224e+07 15636.6 1633536
0.000463904 4.23069e+07 19626.3 2056192
0.000497623 4.98902e+07 24826.5 2587008
0.000530221 5.87958e+07 31174.8 3255936
0.000584059 6.69596e+07 39108.4 4097920
0.000642737 7.70564e+07 49527 5157888
0.000718255 8.65556e+07 62169 6492416
0.000792532 9.83969e+07 77982.7 8173056
0.000925207 1.06819e+08 98829.6 10288000
0.00101724 1.21907e+08 124010 12950400
0.00115244 1.34929e+08 155498 16301696
0.00168918 1.16749e+08 197209 20521600
0.00248399 9.95887e+07 247377 25834752
0.00345427 8.97814e+07 310129 32522368
0.00463211 8.4965e+07 393567 40942208
0.00606054 8.14275e+07 493494 51541888
0.00789275 7.83669e+07 618531 64885504
0.0101529 7.73273e+07 785093 81685248
0.0129954 7.57555e+07 984470 102834688
0.0165886 7.43644e+07 1.2336e+06 129460352
0.0211083 7.41645e+07 1.56549e+06 162979968
0.0267866 7.33117e+07 1.96377e+06 205179008
0.0339636 7.24308e+07 2.46001e+06 258303872
0.0429666 7.26401e+07 3.1211e+06 325183360
0.0543393 7.20725e+07 3.91636e+06 409380096
0.0686365 7.14538e+07 4.90434e+06 515378560
0.0866564 7.17821e+07 6.22038e+06 648821376
0.109356 7.13915e+07 7.80707e+06 816817152
0.13797 7.08276e+07 9.77207e+06 1028311552
0.173919 7.1232e+07 1.23886e+07 1294566528
0.219127 7.09595e+07 1.55492e+07 1629761024
0.276177 7.04242e+07 1.94495e+07 2051746432
0.347797 7.08419e+07 2.46386e+07 2582995072
0.438284 7.05338e+07 3.09139e+07 3251796608
0.552025 6.99696e+07 3.86249e+07 4093768960
0.695115 7.02961e+07 4.88639e+07 5153748608
0.875124 6.99837e+07 6.12444e+07 6488183424
1.10248 6.92699e+07 7.63686e+07 8168137856
