# filename: ./acpphint-HoneyComb-65536MiB-threads_16-LP64-FreeBSD_main_n247756_348c41d1815d_64bit-g++_11_O3lto-libc++-DSIZE_ul-ISIZE_ul-using_1_threads-cpus_0.txt
# acpphint_main version: 0.1.24

1.02149e-07 9.78963e+06 1 280
1.44548e-07 1.38362e+07 2 384
1.89565e-07 1.58257e+07 3 488
2.31167e-07 1.73035e+07 4 592
2.74733e-07 1.81995e+07 5 696
3.20077e-07 1.87455e+07 6 800
3.60045e-07 1.9442e+07 7 904
4.46722e-07 2.01467e+07 9 1112
5.40071e-07 2.03677e+07 11 1320
6.70083e-07 2.08929e+07 14 1632
8.081e-07 2.1037e+07 17 1944
9.75125e-07 2.15357e+07 21 2360
1.18683e-06 2.1907e+07 26 2880
1.45025e-06 2.20652e+07 32 3504
1.79025e-06 2.23432e+07 40 4336
2.2405e-06 2.23164e+07 50 5376
2.9205e-06 2.15716e+07 63 6728
3.4605e-06 2.28291e+07 79 8392
4.401e-06 2.24949e+07 99 10472
5.441e-06 2.27899e+07 124 13072
6.84e-06 2.2807e+07 156 16400
8.561e-06 2.28945e+07 196 20560
1.0721e-05 2.30389e+07 247 25864
1.348e-05 2.30712e+07 311 32520
1.724e-05 2.26798e+07 391 40840
2.1961e-05 2.24033e+07 492 51344
2.788e-05 2.22023e+07 619 64552
3.48e-05 2.23851e+07 779 81192
4.4599e-05 2.19736e+07 980 102096
5.6839e-05 2.17104e+07 1234 128512
7.2078e-05 2.15461e+07 1553 161688
8.9798e-05 2.17711e+07 1955 203496
0.000114517 2.14902e+07 2461 256120
0.000143636 2.15684e+07 3098 322368
0.000181635 2.14716e+07 3900 405776
0.000230913 2.12634e+07 4909.99 510816
0.000287311 2.15132e+07 6180.99 643000
0.000367389 2.11791e+07 7780.99 809400
0.000458145 2.13796e+07 9794.98 1018856
0.000587301 2.0996e+07 12331 1282600
0.000740656 2.09597e+07 15523.9 1614672
0.000936849 2.08603e+07 19542.9 2032648
0.0011978 2.054e+07 24602.9 2558888
0.00149951 2.06553e+07 30972.8 3221368
0.0019037 2.04821e+07 38991.6 4055344
0.00238372 2.05928e+07 49087.4 5105328
0.00301186 2.05179e+07 61797.1 6427168
0.00378871 2.0534e+07 77797.6 8091272
0.00481644 2.03347e+07 97940.8 10186248
0.00615655 2.00274e+07 123299 12823688
0.00797677 1.94594e+07 155223 16143992
0.00990342 1.97318e+07 195412 20323960
0.0126405 1.94617e+07 246006 25586256
0.015997 1.93598e+07 309699 32211160
0.0208508 1.86986e+07 389880 40551336
0.0255598 1.92028e+07 490818 51051072
0.033349 1.85278e+07 617885 64269472
0.0423264 1.83773e+07 777842 80910408
0.0524531 1.86681e+07 979199 101860064
0.0652322 1.88966e+07 1.23267e+06 128234152
0.0818141 1.89664e+07 1.55172e+06 161437192
0.102631 1.90324e+07 1.95331e+06 203237288
0.130709 1.88112e+07 2.45879e+06 255860560
0.163904 1.88829e+07 3.09497e+06 322109288
0.207764 1.87502e+07 3.89561e+06 405511464
0.268693 1.82481e+07 4.90313e+06 510508616
0.325683 1.89474e+07 6.17085e+06 642692200
0.414079 1.87543e+07 7.76575e+06 809101456
0.518391 1.88505e+07 9.77193e+06 1018598328
0.663364 1.85341e+07 1.22949e+07 1282339208
0.822841 1.87969e+07 1.54669e+07 1614369296
1.03277 1.88363e+07 1.94535e+07 2032370464
