# filename: ./acpphint-HoneyComb-65536MiB-threads_16-LP64-FreeBSD_main_n259950_5723e5ac6d76_64bit-g++_12_O3lto-libc++-cpulockdown-DSIZE_ull-ISIZE_ull-using_15_threads-cpus_kp1_1_15.txt
# acpphint_main version: 0.1.30

0.000380946 154878 59 7320
0.000374067 197826 74 8880
0.000374787 237468 89 10440
0.000355668 292408 104 12000
0.000366227 324935 119 13560
0.000377467 394736 149 16680
0.000368428 485848 179 19800
0.000406425 548851 223.067 24480
0.000361668 735174 265.889 29160
0.000377347 865131 326.455 35400
0.000361868 1.1118e+06 402.324 43200
0.000366547 1.34082e+06 491.474 52560
0.000369707 1.65511e+06 611.906 65040
0.000364307 2.08624e+06 760.033 80640
0.000374387 2.56152e+06 959 100920
0.000379346 3.1607e+06 1199 125880
0.000367787 4.05877e+06 1492.76 157080
0.000379346 4.9276e+06 1869.27 196080
0.000379987 6.17064e+06 2344.76 246000
0.000375827 7.83695e+06 2945.34 308400
0.000375747 9.86684e+06 3707.44 387960
0.000381827 1.21924e+07 4655.38 487800
0.000382866 1.53179e+07 5864.69 612600
0.000382787 1.92494e+07 7368.4 770160
0.000388826 2.37702e+07 9242.45 968280
0.000395906 2.9494e+07 11676.8 1217880
0.000405505 3.61513e+07 14659.5 1531440
0.000427745 4.30168e+07 18400.2 1927680
0.000443545 5.24748e+07 23274.9 2425320
0.000469983 6.2187e+07 29226.8 3052440
0.000481663 7.61223e+07 36665.3 3841800
0.000530181 8.75771e+07 46431.7 4835520
0.000593819 9.81519e+07 58284.5 6086640
0.000669576 1.09191e+08 73111.4 7662240
0.000748813 1.23733e+08 92653.1 9645000
0.000849609 1.36841e+08 116261 12141000
0.000986084 1.47842e+08 145785 15282840
0.00148098 1.24839e+08 184884 19239000
0.00229548 1.01034e+08 231921 24220080
0.00328684 8.84616e+07 290759 30489720
0.00445355 8.28488e+07 368971 38383320
0.00596102 7.76147e+07 462662 48320520
0.00778291 7.45095e+07 579901 60830160
0.0100841 7.29896e+07 736034 76579920
0.0129545 7.12473e+07 922971 96407520
0.0165767 6.97708e+07 1.15657e+06 121369080
0.0210928 6.9582e+07 1.46768e+06 152793720
0.0268292 6.86236e+07 1.84112e+06 192355320
0.0340557 6.77255e+07 2.30644e+06 242159880
0.0431281 6.78485e+07 2.92618e+06 304859400
0.0545189 6.73503e+07 3.67187e+06 383793840
0.0690022 6.66406e+07 4.59835e+06 483167400
0.0871394 6.69293e+07 5.83217e+06 608270040
0.109812 6.66603e+07 7.32009e+06 765766080
0.138573 6.6124e+07 9.16303e+06 964042080
0.174896 6.64196e+07 1.16165e+07 1213656120
0.220643 6.60837e+07 1.45809e+07 1527900960
0.278167 6.55718e+07 1.82399e+07 1923512280
0.349958 6.60286e+07 2.31072e+07 2421557880
0.440594 6.58096e+07 2.89953e+07 3048559320
0.554772 6.53113e+07 3.62329e+07 3837908400
0.699719 6.55164e+07 4.58431e+07 4831639320
0.879673 6.53299e+07 5.74689e+07 6082671960
1.10886 6.4642e+07 7.16786e+07 7657629240
