# filename: ./acpphint-HoneyComb-65536MiB-threads_16-LP64-FreeBSD_main_n247756_348c41d1815d_64bit-g++_11_O3lto-libstdc++-DSIZE_d-ISIZE_ui-using_4_threads-cpus_kx8p1_kx8p3w0_0_3_9_11.txt
# acpphint_main version: 0.1.24

0.000163115 91959.7 15 1824
0.000164594 115432 18.9994 2208
0.000164235 140037 22.9989 2592
0.000167755 160942 26.9989 2976
0.000165954 186790 30.9985 3360
0.000163074 239144 38.9981 4128
0.000162795 288693 46.9978 4896
0.000163954 358612 58.7958 6048
0.000157554 446365 70.3266 7200
0.000166435 519396 86.4457 8736
0.000163235 653246 106.633 10656
0.000166434 783691 130.433 12960
0.000163035 996796 162.513 16032
0.000166795 1.21167e+06 202.101 19872
0.000163954 1.55484e+06 254.922 24864
0.000165555 1.92615e+06 318.884 31008
0.000169755 2.34141e+06 397.465 38688
0.000182233 2.7311e+06 497.697 48288
0.000174314 3.58317e+06 624.596 60576
0.000173834 4.51257e+06 784.438 75936
0.000180274 5.47634e+06 987.242 95520
0.000179314 6.91475e+06 1239.91 120096
0.000186714 8.35799e+06 1560.55 150816
0.000194633 1.00711e+07 1960.17 189600
0.000199913 1.22989e+07 2458.71 238368
0.000211592 1.46537e+07 3100.6 299808
0.000220673 1.76249e+07 3889.33 376992
0.000237151 2.05698e+07 4878.14 474528
0.00026107 2.35651e+07 6152.14 597024
0.00027391 2.81545e+07 7711.8 751392
0.000300749 3.20958e+07 9652.77 945696
0.000343468 3.54145e+07 12163.8 1190304
0.000394146 3.85858e+07 15208.4 1498272
