# filename: ./acpphint-HoneyComb-65536MiB-threads_16-LP64-FreeBSD_main_n247756_348c41d1815d_64bit-clang++_12_O3lto-libc++-DSIZE_ul-ISIZE_ul-using_1_threads-cpus_1.txt
# acpphint_main version: 0.1.24

8.73913e-08 1.14428e+07 1 280
1.30984e-07 1.52691e+07 2 384
1.74804e-07 1.7162e+07 3 488
2.2e-07 1.81818e+07 4 592
2.64033e-07 1.8937e+07 5 696
3.07731e-07 1.94976e+07 6 800
3.52773e-07 1.98428e+07 7 904
4.40056e-07 2.0452e+07 9 1112
5.28643e-07 2.0808e+07 11 1320
6.63333e-07 2.11055e+07 14 1632
7.921e-07 2.14619e+07 17 1944
9.75125e-07 2.15357e+07 21 2360
1.20017e-06 2.16637e+07 26 2880
1.46025e-06 2.19141e+07 32 3504
1.82025e-06 2.1975e+07 40 4336
2.2605e-06 2.2119e+07 50 5376
2.8205e-06 2.23365e+07 63 6728
3.5405e-06 2.23132e+07 79 8392
4.441e-06 2.22923e+07 99 10472
5.521e-06 2.24597e+07 124 13072
6.921e-06 2.25401e+07 156 16400
8.681e-06 2.2578e+07 196 20560
1.0961e-05 2.25344e+07 247 25864
1.3881e-05 2.24047e+07 311 32520
1.756e-05 2.22665e+07 391 40840
2.224e-05 2.21223e+07 492 51344
2.812e-05 2.20128e+07 619 64552
3.584e-05 2.17355e+07 779 81192
4.536e-05 2.16049e+07 980 102096
5.7398e-05 2.1499e+07 1234 128512
7.2238e-05 2.14984e+07 1553 161688
9.1237e-05 2.14277e+07 1955 203496
0.000114796 2.1438e+07 2461 256120
0.000144436 2.14489e+07 3098 322368
0.000182514 2.13682e+07 3900 405776
0.000231632 2.11974e+07 4909.99 510816
0.00028939 2.13587e+07 6180.99 643000
0.000365267 2.13022e+07 7780.99 809400
0.000462383 2.11837e+07 9794.98 1018856
0.000584618 2.10923e+07 12331 1282600
0.000749772 2.07049e+07 15523.9 1614672
0.000947324 2.06296e+07 19542.9 2032648
0.00118668 2.07326e+07 24602.9 2558888
0.0015099 2.05131e+07 30972.8 3221368
0.00190657 2.04512e+07 38991.6 4055344
0.00238111 2.06154e+07 49087.4 5105328
0.0030618 2.01833e+07 61797.1 6427168
0.00379837 2.04818e+07 77797.6 8091272
0.00482385 2.03034e+07 97940.8 10186248
0.00622196 1.98168e+07 123299 12823688
0.00796209 1.94953e+07 155223 16143992
0.00993613 1.96668e+07 195412 20323960
0.0126506 1.94462e+07 246006 25586256
0.0159917 1.93662e+07 309699 32211160
0.0204236 1.90896e+07 389880 40551336
0.0257854 1.90347e+07 490818 51051072
0.0328037 1.88358e+07 617885 64269472
0.0409475 1.89961e+07 777842 80910408
0.0517239 1.89313e+07 979199 101860064
0.0661539 1.86333e+07 1.23267e+06 128234152
0.0824457 1.88211e+07 1.55172e+06 161437192
0.104585 1.86767e+07 1.95331e+06 203237288
0.131914 1.86394e+07 2.45879e+06 255860560
0.163909 1.88823e+07 3.09497e+06 322109288
0.208996 1.86396e+07 3.89561e+06 405511464
0.261727 1.87337e+07 4.90313e+06 510508616
0.329625 1.87208e+07 6.17085e+06 642692200
0.416863 1.8629e+07 7.76575e+06 809101456
0.516716 1.89116e+07 9.77193e+06 1018598328
0.655695 1.87509e+07 1.22949e+07 1282339208
0.820813 1.88434e+07 1.54669e+07 1614369296
1.04311 1.86495e+07 1.94535e+07 2032370464
