# filename: ./acpphint-HoneyComb-65536MiB-threads_16-LP64-FreeBSD_main_n247756_348c41d1815d_64bit-clang++_12_O3lto-libc++-DSIZE_d-ISIZE_ui-using_8_threads-cpus_kx4p2_kx4p3_2_15.txt
# acpphint_main version: 0.1.24

0.000235872 131421 30.9985 3648
0.000218273 178667 38.9981 4416
0.000226112 207852 46.9978 5184
0.000222792 246854 54.997 5952
0.000222273 283413 62.9951 6720
0.000223792 352972 78.9924 8256
0.000230912 411369 94.9901 9792
0.000238272 497406 118.518 12096
0.000225672 626691 141.427 14400
0.000223032 778772 173.691 17472
0.000217753 983253 214.106 21312
0.000230112 1.13705e+06 261.649 25920
0.000223273 1.45933e+06 325.828 32064
0.000228552 1.77121e+06 404.813 39744
0.000232592 2.19564e+06 510.688 49728
0.000234152 2.72696e+06 638.524 62016
0.000231552 3.43399e+06 795.147 77376
0.000226752 4.38953e+06 995.336 96576
0.000235912 5.29137e+06 1248.3 121152
0.000233872 6.70151e+06 1567.29 151872
0.000239752 8.22419e+06 1971.77 191040
0.000241672 1.02388e+07 2474.44 240192
0.000242151 1.28593e+07 3113.88 301632
0.000254231 1.53719e+07 3908.02 379200
0.000264231 1.85283e+07 4895.74 476736
0.00027839 2.21691e+07 6171.66 599616
0.00028147 2.74719e+07 7732.52 753984
0.000302109 3.20415e+07 9680.04 949056
0.000318709 3.82566e+07 12192.7 1194048
0.000350507 4.34967e+07 15245.9 1502784
