# filename: ./acpphint-HoneyComb-65536MiB-threads_16-LP64-FreeBSD_main_n262658_b347c2284603_64bit-clang++_16_O3lto-libc++-cpulockdown-DSIZE_ul-ISIZE_ul-using_16_threads-cpus_kp1_0_15.txt
# acpphint_main version: 0.1.34

0.000378867 166285 63 7808
0.000364667 216636 79 9472
0.000391027 242950 95 11136
0.000374187 296643 111 12800
0.000388186 327163 127 14464
0.000365827 434632 159 17792
0.000385306 495710 191 21120
0.000375466 633879 238 26112
0.000394146 719700 283.667 31104
0.000393226 885681 348.273 37760
0.000370467 1.15855e+06 429.204 46080
0.000366148 1.43192e+06 524.295 56064
0.000373267 1.74877e+06 652.757 69376
0.000355387 2.28131e+06 810.75 86016
0.000385387 2.65447e+06 1023 107648
0.000386146 3.31222e+06 1279 134272
0.000384306 4.14336e+06 1592.32 167552
0.000372507 5.35272e+06 1993.93 209152
0.000369907 6.76143e+06 2501.1 262400
0.000397906 7.89564e+06 3141.72 328960
0.000384346 1.02892e+07 3954.61 413824
0.000377867 1.31414e+07 4965.68 520320
0.000397186 1.575e+07 6255.67 653440
0.000387027 2.03076e+07 7859.57 821504
0.000397186 2.48206e+07 9858.39 1032832
0.000399346 3.11891e+07 12455.3 1299072
0.000410185 3.81209e+07 15636.6 1633536
0.000415746 4.72075e+07 19626.3 2056192
0.000436825 5.6834e+07 24826.5 2587008
0.000464904 6.70564e+07 31174.8 3255936
0.000490502 7.97313e+07 39108.4 4097920
0.000527741 9.38471e+07 49527 5157888
0.000606058 1.02579e+08 62169 6492416
0.000669215 1.16529e+08 77982.7 8173056
0.000764172 1.29329e+08 98829.6 10288000
0.000865168 1.43336e+08 124010 12950400
0.00104412 1.48927e+08 155498 16301696
0.00163798 1.20398e+08 197209 20521600
0.00244315 1.01253e+08 247377 25834752
0.00339507 9.13469e+07 310129 32522368
0.00457179 8.6086e+07 393567 40942208
0.00602793 8.18679e+07 493494 51541888
0.00786206 7.86728e+07 618531 64885504
0.0101233 7.75534e+07 785093 81685248
0.0129934 7.57668e+07 984470 102834688
0.0165653 7.44694e+07 1.2336e+06 129460352
0.0211163 7.41363e+07 1.56549e+06 162979968
0.0268006 7.32733e+07 1.96377e+06 205179008
0.0339504 7.24589e+07 2.46001e+06 258303872
0.0429669 7.26396e+07 3.1211e+06 325183360
0.0543422 7.20686e+07 3.91636e+06 409380096
0.068632 7.14585e+07 4.90434e+06 515378560
0.0867163 7.17325e+07 6.22038e+06 648821376
0.109347 7.13974e+07 7.80707e+06 816817152
0.137904 7.08613e+07 9.77207e+06 1028311552
0.17381 7.12769e+07 1.23886e+07 1294566528
0.219251 7.09193e+07 1.55492e+07 1629761024
0.276102 7.04433e+07 1.94495e+07 2051746432
0.348141 7.07718e+07 2.46386e+07 2582995072
0.438612 7.04812e+07 3.09139e+07 3251796608
0.551951 6.9979e+07 3.86249e+07 4093768960
0.695263 7.02812e+07 4.88639e+07 5153748608
0.875256 6.99732e+07 6.12444e+07 6488183424
1.10348 6.92069e+07 7.63686e+07 8168137856
