# filename: ./acpphint-HoneyComb-65536MiB-threads_16-LP64-FreeBSD_main_n247756_348c41d1815d_64bit-g++_11_O3lto-libc++-DSIZE_d-ISIZE_ull-using_8_threads-cpus_kx4p1_kx4p1w0_0_15.txt
# acpphint_main version: 0.1.24

0.000221112 140200 31 3904
0.000220512 176861 39 4736
0.000227672 206437 47 5568
0.000211632 259885 55 6400
0.000230912 272831 63 7232
0.000231192 341707 79 8896
0.000225593 421112 95 10560
0.000226272 523853 118.533 13056
0.000222712 635102 141.445 15552
0.000233471 744107 173.727 18880
0.000235072 911058 214.164 23040
0.000228912 1.14337e+06 261.732 28032
0.000225832 1.44333e+06 325.949 34688
0.000226632 1.7871e+06 405.014 43008
0.000235592 2.169e+06 511 53824
0.000235912 2.70864e+06 639 67136
0.000235832 3.37475e+06 795.874 83776
0.000226232 4.40538e+06 996.638 104576
0.000235111 5.31837e+06 1250.41 131200
0.000229352 6.84823e+06 1570.66 164480
0.000233352 8.47316e+06 1977.23 206912
0.000231272 1.07374e+07 2483.25 260160
0.000230512 1.3569e+07 3127.82 326720
0.000236352 1.66287e+07 3930.22 410752
0.000246352 2.00155e+07 4930.85 516416
0.000252872 2.46285e+07 6227.86 649536
0.000261031 2.99573e+07 7819.77 816768
0.00026607 3.68976e+07 9817.34 1028096
0.00028939 4.28965e+07 12413.8 1293504
0.000313269 4.97682e+07 15590.8 1627968
0.000342748 5.70784e+07 19563.5 2048960
0.000382426 6.47561e+07 24764.4 2578944
0.000442103 7.0327e+07 31091.8 3246208
0.000509301 7.65971e+07 39011 4086528
0.000598818 8.25217e+07 49415.5 5144000
0.000715893 8.66317e+07 62019 6475200
0.000871807 8.92268e+07 77788.6 8150848
0.00103656 9.51239e+07 98601.7 10260800
0.00131871 9.38143e+07 123714 12917376
0.00186961 8.29806e+07 155141 16261184
0.00286005 6.87974e+07 196764 20471104
0.00429175 5.75015e+07 246782 25770944
0.00610757 5.06583e+07 309399 32442752
0.00847951 4.62846e+07 392471 40842624
0.0115862 4.24851e+07 492243 51417344
0.0156268 3.94822e+07 616979 64730176
0.0209324 3.73801e+07 782456 81489984
0.027839 3.52615e+07 981645 102589504
0.0369328 3.33032e+07 1.22998e+06 129151936
0.0487794 3.1968e+07 1.55938e+06 162591680
0.0639844 3.05808e+07 1.9567e+06 204690048
0.0833169 2.94127e+07 2.45057e+06 257689280
0.107803 2.88061e+07 3.10539e+06 324410688
0.137459 2.83468e+07 3.89653e+06 408408576
0.17544 2.77964e+07 4.8766e+06 514155776
0.223863 2.7583e+07 6.17482e+06 647283264
0.284333 2.72381e+07 7.7447e+06 814880512
0.359072 2.69617e+07 9.68119e+06 1025873216
0.453244 2.70074e+07 1.22409e+07 1291497536
0.57308 2.67588e+07 1.53349e+07 1625898304
