# filename: ./acpphint-HoneyComb-65536MiB-threads_16-LP64-FreeBSD_main_n262658_b347c2284603_64bit-g++_13_O3lto-libc++-DSIZE_ull-ISIZE_ull-using_9_threads.txt
# acpphint_main version: 0.1.34

0.000198153 176631 35 4392
0.000206234 213350 44 5328
0.000205434 257990 53 6264
0.000204594 303039 62 7200
0.000202114 351287 71 8136
0.000202074 440433 89 10008
0.000204114 524217 107 11880
0.000203074 657232 133.467 14688
0.000201953 788414 159.222 17496
0.000202314 966545 195.546 21240
0.000202354 1.1912e+06 241.044 25920
0.000209553 1.40562e+06 294.552 31536
0.000209634 1.74972e+06 366.8 39024
0.000214593 2.1237e+06 455.731 48384
0.000210713 2.72883e+06 575 60552
0.000215314 3.33931e+06 719 75528
0.000211713 4.22945e+06 895.43 94248
0.000211073 5.31238e+06 1121.3 117648
0.000217913 6.45554e+06 1406.75 147600
0.000218113 8.10149e+06 1767.04 185040
0.000220633 1.00819e+07 2224.4 232776
0.000222793 1.25388e+07 2793.56 292680
0.000227193 1.54882e+07 3518.8 367560
0.000237953 1.8581e+07 4421.39 462096
0.000242753 2.28496e+07 5546.81 580968
0.000254352 2.75457e+07 7006.31 730728
0.000263952 3.33277e+07 8796.92 918864
0.000272311 4.05549e+07 11043.5 1156608
0.000278031 5.023e+07 13965.5 1455192
0.000297071 5.90398e+07 17539 1831464
0.000323229 6.80845e+07 22006.9 2305080
0.000365708 7.61814e+07 27860.2 2901312
0.000410147 8.52794e+07 34977.1 3651984
0.000475624 9.22652e+07 43883.5 4597344
0.000536181 1.03685e+08 55593.9 5787000
0.000646698 1.07887e+08 69770.5 7284600
0.000750894 1.16536e+08 87506.5 9169704
0.000895049 1.23942e+08 110934 11543400
0.00103116 1.34976e+08 139182 14532048
0.00136163 1.28178e+08 174532 18293832
0.00195621 1.13174e+08 221392 23029992
0.0028227 9.83681e+07 277664 28992312
0.00392134 8.87725e+07 348107 36498096
0.00528433 8.35784e+07 441656 45947952
0.00699987 7.91357e+07 553940 57844512
0.00907276 7.65282e+07 694322 72821448
0.0118319 7.44394e+07 880759 91676232
0.0150939 7.32137e+07 1.10508e+06 115413192
0.0194503 7.11962e+07 1.38478e+06 145295928
0.0248103 7.07884e+07 1.75628e+06 182915640
0.0314886 7.00035e+07 2.20431e+06 230276304
0.0397836 6.94121e+07 2.76146e+06 289900440
0.0493796 7.09093e+07 3.50147e+06 364962024
0.0631442 6.96172e+07 4.39592e+06 459459648
0.0808083 6.81255e+07 5.50511e+06 578425248
0.101378 6.88329e+07 6.97813e+06 728193672
0.126549 6.92393e+07 8.76216e+06 916740576
0.161864 6.77597e+07 1.09679e+07 1154107368
0.204363 6.79956e+07 1.38958e+07 1452934728
0.25278 6.90232e+07 1.74477e+07 1829135592
0.323463 6.74699e+07 2.1824e+07 2302745040
0.40912 6.75288e+07 2.76274e+07 2898983592
0.513079 6.75794e+07 3.46736e+07 3649603176
0.647265 6.6924e+07 4.33176e+07 4594577544
0.803626 6.81355e+07 5.47555e+07 5784229800
1.01874 6.73713e+07 6.8634e+07 7281913104
