# filename: ./acpphint-HoneyComb-65536MiB-threads_16-LP64-FreeBSD_main_n247756_348c41d1815d_64bit-g++_11_O3lto-libc++-cpulockdown-DSIZE_ld-ISIZE_ull-using_16_threads.txt
# acpphint_main version: 0.1.24

0.000426785 147615 63 13440
0.000429545 183916 79 16512
0.000405146 234483 95 19584
0.000427985 259355 111 22656
0.000429905 295414 127 25728
0.000408585 389148 159 31872
0.000416985 458050 191 38016
0.000420905 565448 238 47232
0.000415185 683230 283.667 56448
0.000422505 824305 348.273 68736
0.000415905 1.03198e+06 429.205 84096
0.000426984 1.2279e+06 524.295 102528
0.000442544 1.47501e+06 652.757 127104
0.000445104 1.82148e+06 810.75 157824
0.000460663 2.22071e+06 1023 197760
0.000476183 2.68594e+06 1279 246912
0.000505982 3.14699e+06 1592.32 308352
0.00054282 3.67327e+06 1993.93 385152
0.000591859 4.22584e+06 2501.1 483456
0.000644297 4.87621e+06 3141.72 606336
0.000716774 5.51724e+06 3954.61 763008
0.000805411 6.16541e+06 4965.69 959616
0.000910326 6.87191e+06 6255.67 1205376
0.0010564 7.43996e+06 7859.58 1515648
0.00122535 8.04536e+06 9858.41 1905792
0.00145767 8.54469e+06 12455.3 2397312
0.00173225 9.02678e+06 15636.7 3014784
0.00209208 9.38129e+06 19626.4 3795072
0.00253602 9.78959e+06 24826.6 4775040
0.003116 1.00048e+07 31175 6009984
0.00382805 1.02163e+07 39108.7 7564416
0.00471646 1.0501e+07 49527.5 9521280
0.00582902 1.06656e+07 62169.8 11985024
0.00720405 1.0825e+07 77984 15087744
0.00890942 1.10929e+07 98831.6 18992256
0.0110638 1.12089e+07 124013 23907456
0.013772 1.12912e+07 155503 30094464
0.0171546 1.14964e+07 197217 37885056
0.021414 1.15527e+07 247390 47693952
0.0267499 1.15944e+07 310150 60040320
0.0335203 1.17421e+07 393600 75584640
0.0420726 1.17308e+07 493545 95153280
0.0528281 1.17099e+07 618611 119787648
0.0664058 1.18246e+07 785223 150802560
0.0833077 1.18197e+07 984674 189847680
0.104958 1.17564e+07 1.23392e+06 239002752
0.132054 1.18588e+07 1.566e+06 300885120
0.165933 1.18396e+07 1.96458e+06 378791040
0.208805 1.17875e+07 2.46128e+06 476867712
0.262717 1.18879e+07 3.12314e+06 600337536
0.330853 1.18469e+07 3.91959e+06 755777664
0.416248 1.17944e+07 4.9094e+06 951467136
0.523825 1.18905e+07 6.22852e+06 1197823104
0.659012 1.18661e+07 7.81989e+06 1507969152
0.829282 1.1808e+07 9.79217e+06 1898420352
1.04247 1.1915e+07 1.24209e+07 2389968000
