# filename: ./acpphint-HoneyComb-65536MiB-threads_16-LP64-FreeBSD_main_n247756_348c41d1815d_64bit-g++_11_O3lto-libc++-DSIZE_ul-ISIZE_ul-using_2_threads-cpus_0_1.txt
# acpphint_main version: 0.1.24

4.2679e-05 164015 7 976
3.9799e-05 226136 9 1184
3.6839e-05 298597 11 1392
4.0879e-05 318012 13 1600
4.292e-05 349487 15 1808
3.8559e-05 492751 19 2224
4.5079e-05 510215 23 2640
4.376e-05 661184 28.9334 3264
3.928e-05 885399 34.7785 3888
4.008e-05 1.06833e+06 42.8186 4720
4.08e-05 1.29614e+06 52.8825 5760
4.0839e-05 1.58706e+06 64.8139 7008
3.824e-05 2.11419e+06 80.8465 8672
4.268e-05 2.35976e+06 100.715 10752
4.2799e-05 2.96736e+06 127 13456
4.3039e-05 3.69432e+06 159 16784
4.756e-05 4.17468e+06 198.548 20944
4.496e-05 5.53088e+06 248.668 26144
4.7999e-05 6.50783e+06 312.369 32800
4.8959e-05 8.01423e+06 392.369 41120
4.7639e-05 1.03736e+07 494.187 51728
5.3679e-05 1.15759e+07 621.382 65040
5.5959e-05 1.39737e+07 781.955 81680
5.8039e-05 1.69403e+07 983.196 102688
6.5999e-05 1.87141e+07 1235.11 129104
7.1558e-05 2.17639e+07 1557.38 162384
7.8918e-05 2.47998e+07 1957.15 204192
9.0918e-05 2.70626e+07 2460.47 257024
0.000102798 3.02001e+07 3104.51 323376
0.000121076 3.22366e+07 3903.07 406992
0.000143955 3.40719e+07 4904.82 512240
0.000174795 3.54312e+07 6193.19 644736
0.000216272 3.59953e+07 7784.78 811552
0.000267871 3.65208e+07 9782.87 1021632
0.000325989 3.79078e+07 12357.5 1286000
0.000397026 3.91158e+07 15530 1618800
0.000488623 3.99313e+07 19511.4 2037712
0.000609897 4.04273e+07 24656.5 2565200
0.000755932 4.09852e+07 30982 3229344
0.000947005 4.10998e+07 38921.7 4065296
0.00117636 4.1826e+07 49202.3 5117776
0.00146543 4.21798e+07 61811.3 6442736
0.00184413 4.21026e+07 77642.6 8110688
0.00238355 4.11835e+07 98162.9 10210656
0.00299785 4.11369e+07 123322 12854336
0.00385417 4.01878e+07 154891 16182544
0.00503573 3.88844e+07 195811 20372496
0.00648263 3.79549e+07 246048 25647376
0.00842996 3.66541e+07 308992 32287984
0.0108005 3.61643e+07 390591 40647920
0.0137084 3.58097e+07 490894 51172512
0.0176309 3.49609e+07 616392 64422320
0.0222687 3.49861e+07 779097 81102672
0.0280381 3.49291e+07 979346 102102144
0.0357329 3.44089e+07 1.22953e+06 128538944
0.0449348 3.45815e+07 1.55391e+06 161820816
0.0571166 3.42039e+07 1.95361e+06 203720128
0.0722627 3.39351e+07 2.45225e+06 256468304
0.0905034 3.4239e+07 3.09874e+06 322874384
0.119341 3.26478e+07 3.89624e+06 406474576
0.143919 3.39743e+07 4.88954e+06 511721120
0.180972 3.41335e+07 6.17721e+06 644218576
0.227601 3.4126e+07 7.76712e+06 811022928
0.28837 3.37894e+07 9.74384e+06 1021017232
0.363603 3.38428e+07 1.23053e+07 1285384400
0.458265 3.37575e+07 1.54699e+07 1618202912
0.582897 3.32748e+07 1.93958e+07 2037196656
0.720132 3.39914e+07 2.44783e+07 2564678416
0.904773 3.39942e+07 3.0757e+07 3228738592
1.14584 3.36199e+07 3.85229e+07 4064740928
