# filename: ./acpphint-HoneyComb-65536MiB-threads_16-LP64-FreeBSD_main_n247756_348c41d1815d_64bit-g++_11_O3lto-libc++-DSIZE_ull-ISIZE_ull-using_15_threads-cpus_kp1_1_15.txt
# acpphint_main version: 0.1.24

0.000445704 132375 59 7320
0.000436584 169498 74 8880
0.000436504 203893 89 10440
0.000438944 236932 104 12000
0.000460383 258480 119 13560
0.000435423 342196 149 16680
0.000444383 402806 179 19800
0.000428464 520619 223.067 24480
0.000475262 559458 265.889 29160
0.000432263 755222 326.455 35400
0.000437504 919590 402.324 43200
0.000448503 1.09581e+06 491.474 52560
0.000435584 1.40479e+06 611.906 65040
0.000447224 1.69945e+06 760.033 80640
0.000431624 2.22184e+06 959 100920
0.000446744 2.68386e+06 1199 125880
0.000428464 3.48398e+06 1492.76 157080
0.000436464 4.28275e+06 1869.27 196080
0.000453223 5.17353e+06 2344.76 246000
0.000450303 6.54079e+06 2945.34 308400
0.000456703 8.11783e+06 3707.44 387960
0.000428264 1.08704e+07 4655.38 487800
0.000446663 1.313e+07 5864.69 612600
0.000470463 1.5662e+07 7368.4 770160
0.000450263 2.05268e+07 9242.45 968280
0.000474582 2.46045e+07 11676.8 1217880
0.000489462 2.99503e+07 14659.5 1531440
0.000508621 3.61767e+07 18400.2 1927680
0.000548699 4.24184e+07 23274.9 2425320
0.000594258 4.91821e+07 29226.8 3052440
0.000638096 5.74605e+07 36665.3 3841800
0.000677214 6.85629e+07 46431.7 4835520
0.000797409 7.30923e+07 58284.5 6086640
0.000865087 8.45134e+07 73111.4 7662240
0.00100352 9.2328e+07 92653.1 9645000
0.00111084 1.04661e+08 116261 12141000
0.00124375 1.17214e+08 145785 15282840
0.00159554 1.15876e+08 184884 19239000
0.00236667 9.79948e+07 231921 24220080
0.00337167 8.62359e+07 290759 30489720
0.00455818 8.09471e+07 368971 38383320
0.00603968 7.66038e+07 462662 48320520
0.00787533 7.36351e+07 579901 60830160
0.0101484 7.25274e+07 736034 76579920
0.0130412 7.07735e+07 922971 96407520
0.0166433 6.94916e+07 1.15657e+06 121369080
0.0211901 6.92625e+07 1.46768e+06 152793720
0.0268978 6.84487e+07 1.84112e+06 192355320
0.0340845 6.76683e+07 2.30644e+06 242159880
0.043186 6.77575e+07 2.92618e+06 304859400
0.0546298 6.72136e+07 3.67187e+06 383793840
0.0690005 6.66423e+07 4.59835e+06 483167400
0.0871726 6.69038e+07 5.83217e+06 608270040
0.110176 6.64402e+07 7.32009e+06 765766080
0.13887 6.5983e+07 9.16303e+06 964042080
0.174898 6.64189e+07 1.16165e+07 1213656120
0.220529 6.61179e+07 1.45809e+07 1527900960
0.277868 6.56424e+07 1.82399e+07 1923512280
0.35014 6.59942e+07 2.31072e+07 2421557880
0.4415 6.56746e+07 2.89953e+07 3048559320
0.555845 6.51852e+07 3.62329e+07 3837908400
0.699657 6.55222e+07 4.58431e+07 4831639320
0.88151 6.51938e+07 5.74689e+07 6082671960
1.11126 6.45022e+07 7.16786e+07 7657629240
