# filename: ./acpphint-HoneyComb-65536MiB-threads_16-LP64-FreeBSD_main_n262658_b347c2284603_64bit-g++_13_O3lto-libstdc++-DSIZE_ul-ISIZE_ul-using_11_threads.txt
# acpphint_main version: 0.1.34

0.000294071 146223 43 5368
0.000288591 187116 54 6512
0.000283991 228880 65 7656
0.000280311 271127 76 8800
0.00029207 297874 87 9944
0.00030339 359274 109 12232
0.00030323 432015 131 14520
0.000287351 568411 163.333 17952
0.000283151 687894 194.778 21384
0.000276671 864499 239.182 25960
0.000291031 1.01297e+06 294.804 31680
0.000285311 1.26246e+06 360.193 38544
0.000281671 1.59229e+06 448.502 47696
0.00028791 1.93521e+06 557.165 59136
0.000282751 2.48629e+06 703 74008
0.00029383 2.99153e+06 879 92312
0.00029555 3.7034e+06 1094.54 115192
0.000283311 4.83787e+06 1370.62 143792
0.000279671 6.148e+06 1719.42 180400
0.00029619 7.29196e+06 2159.81 226160
0.00028587 9.51044e+06 2718.75 284504
0.000293111 1.1648e+07 3414.17 357720
0.00029367 1.46449e+07 4300.76 449240
0.000302471 1.78653e+07 5403.73 564784
0.00030215 2.24349e+07 6778.7 710072
0.00031287 2.73697e+07 8563.15 893112
0.000328709 3.27071e+07 10751.1 1123056
0.000349628 3.86004e+07 13495.8 1413632
0.000358948 4.75519e+07 17068.6 1778568
0.000395747 5.41633e+07 21434.9 2238456
0.000420106 6.40149e+07 26893.1 2817320
0.000469784 7.24816e+07 34050.7 3546048
0.000509302 8.3931e+07 42746.2 4463536
0.00059674 8.98653e+07 53626.2 5618976
0.000658817 1.03135e+08 67947.1 7073000
0.000745494 1.14377e+08 85267.5 8903400
0.00086457 1.23683e+08 106933 11207416
0.000983325 1.37884e+08 135585 14108600
0.00118168 1.43944e+08 170096 17761392
0.00180182 1.18367e+08 213275 22359128
0.0026427 1.0239e+08 270586 28147768
0.00368719 9.20299e+07 339332 35435048
0.0050105 8.48966e+07 425375 44608784
0.00658052 8.20279e+07 539786 56158608
0.00857653 7.89313e+07 676957 70698848
0.0110813 7.65628e+07 848417 89003992
0.0142454 7.55623e+07 1.07642e+06 112048728
0.0181971 7.42128e+07 1.35045e+06 141060568
0.0232694 7.27154e+07 1.69205e+06 177583912
0.0294963 7.27657e+07 2.14632e+06 223563560
0.0373371 7.2143e+07 2.69361e+06 281448816
0.0474521 7.11019e+07 3.37393e+06 354322760
0.0600586 7.12414e+07 4.27865e+06 446064696
0.0754715 7.11671e+07 5.37109e+06 561561792
0.0955141 7.04096e+07 6.72511e+06 706964192
0.120211 7.09201e+07 8.52538e+06 890014488
0.151354 7.07182e+07 1.07035e+07 1120460704
0.190583 7.02825e+07 1.33946e+07 1410575672
0.242119 7.00924e+07 1.69707e+07 1775809112
0.302676 7.0385e+07 2.13039e+07 2235610168
0.381859 6.97583e+07 2.66378e+07 2814466160
0.480601 7.01551e+07 3.37166e+07 3543202168
0.605868 6.98159e+07 4.22992e+07 4460626104
0.766934 6.88631e+07 5.28135e+07 5615594776
0.961294 6.94166e+07 6.67298e+07 7069614200
1.21055 6.90446e+07 8.35821e+07 8900116016
