# filename: ./acpphint-HoneyComb-65536MiB-threads_16-LP64-FreeBSD_main_n247756_348c41d1815d_64bit-clang++_12_O3lto-libc++-DSIZE_d-ISIZE_ul-using_4_threads-cpus_kx2sp1w0_0_7.txt
# acpphint_main version: 0.1.24

0.000115676 129673 15 1952
0.000106876 177776 19 2368
0.000112197 204997 23 2784
0.000110916 243427 27 3200
0.000116037 267156 31 3616
0.000118436 329292 39 4448
0.000115156 408142 47 5280
0.000105037 559803 58.8001 6528
0.000114316 615258 70.3338 7776
0.000119597 722885 86.4548 9440
0.000113596 938798 106.644 11520
0.000114716 1.13717e+06 130.451 14016
0.000114676 1.41744e+06 162.546 17344
0.000110237 1.83375e+06 202.147 21504
0.000119676 2.13075e+06 255 26912
0.000116476 2.73876e+06 319 33568
0.000124556 3.19258e+06 397.655 41888
0.000127556 3.90412e+06 497.994 52288
0.000123236 5.07203e+06 625.057 65600
0.000123996 6.33188e+06 785.127 82240
0.000123877 7.98e+06 988.538 103456
0.000123796 1.00328e+07 1242.02 130080
0.000120156 1.30156e+07 1563.9 163360
0.000128116 1.53419e+07 1965.54 205376
0.000141435 1.74431e+07 2467.07 258208
0.000150995 2.06245e+07 3114.2 324768
0.000165755 2.35973e+07 3911.38 408384
0.000191034 2.57172e+07 4912.86 514048
0.000212673 2.91885e+07 6207.61 646752
0.000240751 3.23946e+07 7799.04 813984
0.00028515 3.43372e+07 9791.26 1024480
0.000314189 3.94146e+07 12383.6 1289472
0.000381986 4.07185e+07 15553.9 1623104
0.000457503 4.26796e+07 19526.1 2043264
0.000550179 4.49133e+07 24710.4 2572000
0.000654855 4.73796e+07 31026.7 3237600
0.000816729 4.7676e+07 38938.4 4075424
0.000995082 4.95494e+07 49305.7 5130400
0.00129855 4.7664e+07 61894.1 6458688
0.00170841 4.54604e+07 77665.1 8130592
0.00227235 4.33002e+07 98393.2 10235552
0.00322635 3.82704e+07 123474 12885472
0.00483273 3.20536e+07 154906 16221376
0.00700045 2.80382e+07 196280 20421312
0.00981993 2.50835e+07 246318 25708672
0.0133345 2.317e+07 308961 32365088
0.0179918 2.17553e+07 391417 40744992
0.0235066 2.09021e+07 491336 51294752
0.0310571 1.98389e+07 616138 64575968
0.0408811 1.90899e+07 780415 81295840
0.0534328 1.83379e+07 979847 102345024
0.0692733 1.7732e+07 1.22836e+06 128844640
0.0893986 1.73988e+07 1.55543e+06 162205344
0.114512 1.70562e+07 1.95315e+06 204204288
0.145965 1.67674e+07 2.44746e+06 257077888
0.185483 1.6701e+07 3.09776e+06 323641632
0.235201 1.6537e+07 3.88952e+06 407440256
0.298587 1.63122e+07 4.87062e+06 512936608
0.377561 1.63155e+07 6.16009e+06 645748768
0.476452 1.62259e+07 7.73084e+06 812949152
0.601306 1.60812e+07 9.66976e+06 1023442240
0.758039 1.61109e+07 1.22127e+07 1288437152
0.95555 1.602e+07 1.53079e+07 1622045856
