# filename: ./acpphint-HoneyComb-65536MiB-threads_16-LP64-FreeBSD_main_n247756_348c41d1815d_64bit-g++_11_O3lto-libstdc++-DSIZE_ul-ISIZE_ul-using_1_threads-cpus_11.txt
# acpphint_main version: 0.1.24

9.38654e-08 1.06536e+07 1 280
1.32971e-07 1.50409e+07 2 384
1.72346e-07 1.74068e+07 3 488
2.1205e-07 1.88635e+07 4 592
2.54176e-07 1.96714e+07 5 696
2.90036e-07 2.06871e+07 6 800
3.29308e-07 2.12567e+07 7 904
4.121e-07 2.18394e+07 9 1112
4.92563e-07 2.23322e+07 11 1320
6.10083e-07 2.29477e+07 14 1632
7.281e-07 2.33484e+07 17 1944
8.85125e-07 2.37255e+07 21 2360
1.08667e-06 2.39264e+07 26 2880
1.32017e-06 2.42394e+07 32 3504
1.63025e-06 2.45361e+07 40 4336
2.02025e-06 2.47494e+07 50 5376
2.5405e-06 2.47983e+07 63 6728
3.1805e-06 2.48389e+07 79 8392
3.9405e-06 2.51237e+07 99 10472
4.961e-06 2.4995e+07 124 13072
6.201e-06 2.51572e+07 156 16400
7.761e-06 2.52545e+07 196 20560
9.761e-06 2.53048e+07 247 25864
1.232e-05 2.52435e+07 311 32520
1.5441e-05 2.53222e+07 391 40840
1.9721e-05 2.4948e+07 492 51344
2.528e-05 2.44858e+07 619 64552
3.196e-05 2.43742e+07 779 81192
4.044e-05 2.42334e+07 980 102096
5.1879e-05 2.37861e+07 1234 128512
6.4798e-05 2.39668e+07 1553 161688
8.1758e-05 2.3912e+07 1955 203496
0.000103477 2.3783e+07 2461 256120
0.000131075 2.36353e+07 3098 322368
0.000166875 2.33708e+07 3900 405776
0.000209352 2.34533e+07 4909.99 510816
0.000261271 2.36574e+07 6180.99 643000
0.000330947 2.35113e+07 7780.99 809400
0.000420224 2.33089e+07 9794.98 1018856
0.000540179 2.28276e+07 12331 1282600
0.000682134 2.27579e+07 15523.9 1614672
0.000842967 2.31835e+07 19542.9 2032648
0.00107812 2.28202e+07 24602.9 2558888
0.00135859 2.27978e+07 30972.8 3221368
0.00172989 2.25399e+07 38991.6 4055344
0.00217979 2.25193e+07 49087.4 5105328
0.00274713 2.24951e+07 61797.1 6427168
0.0034207 2.27432e+07 77797.6 8091272
0.00436499 2.24378e+07 97940.8 10186248
0.00565313 2.18108e+07 123299 12823688
0.00718895 2.15919e+07 155223 16143992
0.00915031 2.13558e+07 195412 20323960
0.0113003 2.17698e+07 246006 25586256
0.0146489 2.11415e+07 309699 32211160
0.019125 2.03859e+07 389880 40551336
0.0241346 2.03367e+07 490818 51051072
0.0301242 2.05113e+07 617885 64269472
0.0369851 2.10312e+07 777842 80910408
0.04848 2.0198e+07 979199 101860064
0.0614051 2.00743e+07 1.23267e+06 128234152
0.0772593 2.00845e+07 1.55172e+06 161437192
0.0956113 2.04297e+07 1.95331e+06 203237288
0.117836 2.08661e+07 2.45879e+06 255860560
0.150863 2.05151e+07 3.09497e+06 322109288
0.198148 1.96601e+07 3.89561e+06 405511464
0.24053 2.03847e+07 4.90313e+06 510508616
0.303212 2.03516e+07 6.17085e+06 642692200
0.373472 2.07934e+07 7.76575e+06 809101456
0.478758 2.0411e+07 9.77193e+06 1018598328
0.628033 1.95768e+07 1.22949e+07 1282339208
0.767715 2.01467e+07 1.54669e+07 1614369296
0.960484 2.02539e+07 1.94535e+07 2032370464
1.18397 2.06608e+07 2.44618e+07 2558602768
