# filename: ./acpphint-HoneyComb-65536MiB-threads_16-LP64-FreeBSD_main_n262658_b347c2284603_64bit-clang++_16_O3lto-libc++-cpulockdown-DSIZE_ull-ISIZE_ull-using_14_threads.txt
# acpphint_main version: 0.1.34

0.00030415 180832 55 6832
0.00031607 218306 69 8288
0.00029911 277490 83 9744
0.00029359 330393 97 11200
0.000318469 348543 111 12656
0.000334229 415883 139 15568
0.000287431 581009 167 18480
0.00030243 688203 208.133 22848
0.00030963 801315 248.111 27216
0.00029743 1.02423e+06 304.636 33040
0.00030487 1.23149e+06 375.444 40320
0.00030007 1.52849e+06 458.654 49056
0.00030707 1.85969e+06 571.055 60704
0.000315389 2.24902e+06 709.316 75264
0.00030215 2.9621e+06 895 94192
0.00030707 3.64412e+06 1119 117488
0.000314549 4.42922e+06 1393.21 146608
0.00030099 5.79622e+06 1744.6 183008
0.000319149 6.85707e+06 2188.43 229600
0.00031239 8.79976e+06 2748.96 287840
0.00030687 1.1276e+07 3460.27 362096
0.00031875 1.36316e+07 4345.08 455280
0.00031151 1.75715e+07 5473.71 571760
0.00032483 2.11718e+07 6877.24 718816
0.000328069 2.62948e+07 8626.51 903728
0.000334589 3.25725e+07 10898.4 1136688
0.000349828 3.91119e+07 13682.4 1429344
0.000354988 4.83794e+07 17174.1 1799168
0.000378148 5.74467e+07 21723.4 2263632
0.000397266 6.86665e+07 27278.9 2848944
0.000409186 8.3635e+07 34222.3 3585680
0.000454545 9.53404e+07 43336.5 4513152
0.000515782 1.05471e+08 54399.9 5680864
0.000593259 1.15026e+08 68240.2 7151424
0.000676977 1.27739e+08 86476.6 9002000
0.000756853 1.43374e+08 108513 11331600
0.000890209 1.52854e+08 136072 14263984
0.00126176 1.36761e+08 172559 17956400
0.00197629 1.09531e+08 216465 22605408
0.0028315 9.58461e+07 271388 28457072
0.0038793 8.87725e+07 344375 35824432
0.00515222 8.38145e+07 431830 45099152
0.00676132 8.0054e+07 541270 56774816
0.00873153 7.86774e+07 686974 71474592
0.0112395 7.66469e+07 861470 89980352
0.0143968 7.49843e+07 1.07954e+06 113277808
0.0183586 7.46176e+07 1.36987e+06 142607472
0.0233182 7.36961e+07 1.71846e+06 179531632
0.029572 7.28007e+07 2.15286e+06 226015888
0.0375208 7.27927e+07 2.73124e+06 284535440
0.0474462 7.22365e+07 3.42735e+06 358207584
0.0599346 7.16166e+07 4.29231e+06 450956240
0.0757453 7.18711e+07 5.4439e+06 567718704
0.0955461 7.15153e+07 6.83301e+06 714715008
0.120693 7.08725e+07 8.55381e+06 899772608
0.152263 7.12201e+07 1.08442e+07 1132745712
0.192302 7.07855e+07 1.36122e+07 1426040896
0.241689 7.0461e+07 1.70296e+07 1795278128
0.304368 7.08837e+07 2.15747e+07 2260120688
0.38369 7.05649e+07 2.70751e+07 2845322032
0.482868 7.00775e+07 3.38382e+07 3582047840
0.60786 7.04405e+07 4.28179e+07 4509530032
0.766952 7e+07 5.36866e+07 5677160496
0.965155 6.93961e+07 6.6978e+07 7147120624
1.21619 6.95326e+07 8.45651e+07 8997690800
