# filename: ./acpphint-HoneyComb-65536MiB-threads_16-LP64-FreeBSD_main_n247756_348c41d1815d_64bit-clang++_12_O3-libc++-DSIZE_ul-ISIZE_ul-using_4_threads-cpus_0_1_8_9.txt
# acpphint_main version: 0.1.24

9.3077e-05 161157 15 1952
9.2957e-05 204396 19 2368
9.3878e-05 244999 23 2784
9.6677e-05 279280 27 3200
9.7077e-05 319334 31 3616
9.6518e-05 404070 39 4448
9.1438e-05 514009 47 5280
9.6437e-05 609725 58.8001 6528
9.4117e-05 747302 70.3339 7776
9.6757e-05 893525 86.4548 9440
9.2918e-05 1.14772e+06 106.644 11520
9.7318e-05 1.34047e+06 130.451 14016
9.9117e-05 1.63994e+06 162.546 17344
9.5358e-05 2.11988e+06 202.147 21504
9.4838e-05 2.6888e+06 255 26912
0.000101238 3.15099e+06 319 33568
0.000100077 3.97349e+06 397.655 41888
9.9957e-05 4.98208e+06 497.994 52288
0.000101877 6.13541e+06 625.057 65600
0.000103637 7.57575e+06 785.128 82240
0.000104717 9.4401e+06 988.539 103456
0.000112316 1.10583e+07 1242.03 130080
0.000106717 1.46547e+07 1563.9 163360
0.000105997 1.85434e+07 1965.55 205376
0.000110717 2.22827e+07 2467.07 258208
0.000119717 2.60131e+07 3114.2 324768
0.000135035 2.89657e+07 3911.39 408384
0.000149555 3.285e+07 4912.88 514048
0.000180194 3.44497e+07 6207.63 646752
0.000193273 4.03527e+07 7799.08 813984
0.000217273 4.50646e+07 9791.33 1024480
0.000274591 4.50989e+07 12383.7 1289472
0.000306869 5.06864e+07 15554.1 1623104
0.000370987 5.26335e+07 19526.4 2043264
0.000444504 5.55919e+07 24710.8 2572000
0.000508021 6.10752e+07 31027.5 3237600
0.000620217 6.27837e+07 38939.5 4075424
0.000745693 6.61232e+07 49307.6 5130400
0.000922925 6.70662e+07 61897.1 6458688
0.00112412 6.9094e+07 77669.8 8130592
0.00139975 7.02989e+07 98400.6 10235552
0.00174073 7.09389e+07 123486 12885472
0.00225759 6.86238e+07 154925 16221376
0.00295813 6.63627e+07 196309 20421312
0.00387669 6.35502e+07 246365 25708672
0.00509073 6.07052e+07 309034 32365088
0.00660951 5.9238e+07 391534 40744992
0.0084676 5.80473e+07 491521 51294752
0.0109066 5.65187e+07 616428 64575968
0.013883 5.62472e+07 780880 81295840
0.0177404 5.52739e+07 980581 102345024
0.0225052 5.46322e+07 1.22951e+06 128844640
0.0285915 5.44664e+07 1.55728e+06 162205344
0.035905 5.44789e+07 1.95606e+06 204204288
0.0455524 5.3829e+07 2.45204e+06 257077888
0.0578815 5.36459e+07 3.10511e+06 323641632
0.0724927 5.38139e+07 3.90112e+06 407440256
0.0915992 5.33718e+07 4.88881e+06 512936608
0.115693 5.34971e+07 6.18922e+06 645748768
0.144932 5.36587e+07 7.77683e+06 812949152
0.182361 5.34204e+07 9.7418e+06 1023442240
0.231761 5.31923e+07 1.23279e+07 1288437152
0.288583 5.36735e+07 1.54893e+07 1622045856
0.36445 5.32052e+07 1.93906e+07 2042034464
0.459131 5.34066e+07 2.45206e+07 2570768800
0.577989 5.32806e+07 3.07956e+07 3236405824
0.727244 5.29543e+07 3.85106e+07 4074393312
0.915218 5.31413e+07 4.86359e+07 5129356832
1.16186 5.25124e+07 6.10123e+07 6457477184
