# filename: ./acpphint-HoneyComb-65536MiB-threads_16-LP64-FreeBSD_main_n264334_215bab7924f6_64bit-clang++_16_O3lto-libc++-cpulockdown-DSIZE_ul-ISIZE_ul-using_13_threads.txt
# acpphint_main version: 0.1.35

0.000319669 159540 51 6344
0.000325989 196326 64 7696
0.000334668 230079 77 9048
0.000335709 268089 90 10400
0.000315469 326498 103 11752
0.000339748 379693 129 14456
0.000318829 486154 155 17160
0.000328869 587468 193.2 21216
0.000320949 717664 230.334 25272
0.000334029 846688 282.818 30680
0.000336788 1.03497e+06 348.564 37440
0.000338348 1.25857e+06 425.833 45552
0.000323229 1.64034e+06 530.204 56368
0.000332188 1.98261e+06 658.599 69888
0.000331909 2.5037e+06 831 87464
0.000331548 3.13378e+06 1039 109096
0.000332789 3.8873e+06 1293.65 136136
0.000348388 4.64983e+06 1619.94 169936
0.000330429 6.14986e+06 2032.09 213200
0.000342829 7.44562e+06 2552.57 267280
0.000336749 9.54151e+06 3213.09 336232
0.000347028 1.16267e+07 4034.78 422760
0.000353828 1.4365e+07 5082.72 530920
0.000346788 1.84149e+07 6386.07 667472
0.000354468 2.25989e+07 8010.58 839176
0.000377987 2.67734e+07 10120 1055496
0.000381947 3.32647e+07 12705.3 1327248
0.000397907 4.00797e+07 15948 1670656
0.000410786 4.91053e+07 20171.8 2101944
0.000407466 6.21669e+07 25330.9 2645448
0.000433985 7.32265e+07 31779.2 3329560
0.000467584 8.6062e+07 40241.2 4190784
0.000514582 9.81678e+07 50515.4 5275088
0.000581019 1.09065e+08 63368.9 6640608
0.000648497 1.23825e+08 80300.1 8359000
0.000735494 1.37002e+08 100764 10522200
0.000843531 1.49798e+08 126359 13245128
0.00109828 1.45896e+08 160235 16673800
0.00167462 1.20032e+08 201009 20990736
0.00249771 1.00899e+08 252017 26424424
0.00343832 9.30046e+07 319779 33265544
0.00467647 8.5748e+07 400998 41877784
0.00617577 8.13888e+07 502639 52719472
0.00799991 7.974e+07 637913 66369264
0.0103811 7.70597e+07 799968 83553184
0.0132619 7.55926e+07 1.0025e+06 105186536
0.0169473 7.50595e+07 1.27206e+06 132421224
0.0216564 7.36871e+07 1.5958e+06 166707944
0.027509 7.26768e+07 1.99927e+06 209871896
0.0348818 7.27107e+07 2.53628e+06 264211480
0.0441661 7.20642e+07 3.1828e+06 332621328
0.0557797 7.14638e+07 3.98623e+06 418745080
0.0706567 7.1551e+07 5.05555e+06 527167368
0.0889442 7.1346e+07 6.34581e+06 663663936
0.112694 7.04957e+07 7.94442e+06 835503136
0.141699 7.10768e+07 1.00715e+07 1051835304
0.179138 7.05772e+07 1.26431e+07 1324180832
0.225126 7.02659e+07 1.58187e+07 1667043976
0.284328 7.04859e+07 2.00412e+07 2098683496
0.357411 7.03757e+07 2.51531e+07 2642084744
0.450627 6.97712e+07 3.14407e+07 3326187280
0.566885 7.01879e+07 3.97885e+07 4187420744
0.714861 6.98005e+07 4.98976e+07 5271649032
0.899653 6.92123e+07 6.2267e+07 6636612008
1.13307 6.94016e+07 7.86367e+07 8354998600
