# filename: ./acpphint-HoneyComb-65536MiB-threads_16-LP64-FreeBSD_main_n247756_348c41d1815d_64bit-clang++_12_O3-libc++-DSIZE_ld-ISIZE_ull-using_15_threads-cpus_0_14.txt
# acpphint_main version: 0.1.24

0.000413146 142807 59 12600
0.000412865 179235 74 15480
0.000405025 219740 89 18360
0.000406586 255788 104 21240
0.000411025 289520 119 24120
0.000407665 365496 149 29880
0.000412665 433766 179 35640
0.000420945 529919 223.067 44280
0.000420304 632611 265.889 52920
0.000426505 765418 326.455 64440
0.000432784 929620 402.325 78840
0.000448744 1.09522e+06 491.474 96120
0.000461864 1.32486e+06 611.906 119160
0.000482822 1.57415e+06 760.033 147960
0.000486343 1.97186e+06 959 185400
0.000511862 2.34243e+06 1199 231480
0.00054874 2.72035e+06 1492.76 289080
0.000588218 3.17785e+06 1869.27 361080
0.000633737 3.6999e+06 2344.76 453240
0.000698574 4.21622e+06 2945.34 568440
0.000776891 4.77215e+06 3707.44 715320
0.000885007 5.26028e+06 4655.39 899640
0.00101792 5.76144e+06 5864.69 1130040
0.0011846 6.22019e+06 7368.42 1420920
0.00140083 6.59786e+06 9242.47 1786680
0.00166874 6.99743e+06 11676.9 2247480
0.00200368 7.31632e+06 14659.6 2826360
0.00242475 7.58853e+06 18400.3 3557880
0.00297229 7.83068e+06 23275 4476600
0.00366542 7.97371e+06 29227 5634360
0.00452915 8.09547e+06 36665.6 7091640
0.00559683 8.29616e+06 46432.2 8926200
0.00692618 8.4152e+06 58285.2 11235960
0.00859471 8.50669e+06 73112.6 14144760
0.0106952 8.66323e+06 92654.9 17805240
0.0133355 8.71842e+06 116264 22413240
0.0166288 8.76727e+06 145789 28213560
0.020802 8.88814e+06 184891 35517240
0.026022 8.91293e+06 231932 44713080
0.032603 8.91872e+06 290777 56287800
0.0409198 9.01764e+06 369000 70860600
0.051624 8.96303e+06 462707 89206200
0.064789 8.95169e+06 579971 112300920
0.0818356 8.99545e+06 736148 141377400
0.102607 8.99693e+06 923150 177982200
0.128961 8.97058e+06 1.15685e+06 224065080
0.162464 9.0367e+06 1.46813e+06 282079800
0.204497 9.00665e+06 1.84183e+06 355116600
0.25735 8.96662e+06 2.30756e+06 447063480
0.323722 9.04473e+06 2.92798e+06 562816440
0.407586 9.01578e+06 3.6747e+06 708541560
0.513134 8.96997e+06 4.60279e+06 892000440
0.645961 9.03975e+06 5.83932e+06 1122959160
0.813219 9.01523e+06 7.33136e+06 1413721080
1.02237 8.97981e+06 9.18069e+06 1779769080
