# filename: ./acpphint-HoneyComb-65536MiB-threads_16-LP64-FreeBSD_main_n247756_348c41d1815d_64bit-clang++_12_O3lto-libc++-DSIZE_ul-ISIZE_ul-using_1_threads.txt
# acpphint_main version: 0.1.24

8.76809e-08 1.1405e+07 1 280
1.30339e-07 1.53446e+07 2 384
1.73935e-07 1.72478e+07 3 488
2.16694e-07 1.84592e+07 4 592
2.61333e-07 1.91327e+07 5 696
3.03115e-07 1.97944e+07 6 800
3.47318e-07 2.01544e+07 7 904
4.33389e-07 2.07666e+07 9 1112
5.20071e-07 2.11509e+07 11 1320
6.50083e-07 2.15357e+07 14 1632
7.801e-07 2.17921e+07 17 1944
9.60125e-07 2.18722e+07 21 2360
1.18e-06 2.20339e+07 26 2880
1.44025e-06 2.22184e+07 32 3504
1.79025e-06 2.23432e+07 40 4336
2.2205e-06 2.25175e+07 50 5376
2.7805e-06 2.26578e+07 63 6728
3.4805e-06 2.26979e+07 79 8392
4.361e-06 2.27012e+07 99 10472
5.441e-06 2.27899e+07 124 13072
6.841e-06 2.28037e+07 156 16400
8.561e-06 2.28945e+07 196 20560
1.0761e-05 2.29533e+07 247 25864
1.372e-05 2.26676e+07 311 32520
1.72e-05 2.27326e+07 391 40840
2.1881e-05 2.24853e+07 492 51344
2.8e-05 2.21071e+07 619 64552
3.504e-05 2.22317e+07 779 81192
4.4919e-05 2.1817e+07 980 102096
5.7119e-05 2.1604e+07 1234 128512
7.1758e-05 2.16422e+07 1553 161688
9.1238e-05 2.14275e+07 1955 203496
0.000114196 2.15507e+07 2461 256120
0.000144275 2.14729e+07 3098 322368
0.000183153 2.12937e+07 3900 405776
0.000229272 2.14156e+07 4909.99 510816
0.00029159 2.11975e+07 6180.99 643000
0.000365507 2.12882e+07 7780.99 809400
0.000461543 2.12222e+07 9794.98 1018856
0.000584179 2.11082e+07 12331 1282600
0.000738132 2.10314e+07 15523.9 1614672
0.000947204 2.06322e+07 19542.9 2032648
0.00119715 2.05511e+07 24602.9 2558888
0.00149934 2.06576e+07 30972.8 3221368
0.00189393 2.05877e+07 38991.6 4055344
0.00238131 2.06136e+07 49087.4 5105328
0.00300556 2.05609e+07 61797.1 6427168
0.00379341 2.05086e+07 77797.6 8091272
0.00482261 2.03087e+07 97940.8 10186248
0.00614352 2.00698e+07 123299 12823688
0.0078191 1.98518e+07 155223 16143992
0.00990049 1.97376e+07 195412 20323960
0.0125918 1.95369e+07 246006 25586256
0.0159484 1.94188e+07 309699 32211160
0.0205922 1.89334e+07 389880 40551336
0.0256896 1.91057e+07 490818 51051072
0.0333095 1.85498e+07 617885 64269472
0.0412897 1.88387e+07 777842 80910408
0.0520351 1.88181e+07 979199 101860064
0.0655072 1.88172e+07 1.23267e+06 128234152
0.0828878 1.87207e+07 1.55172e+06 161437192
0.103382 1.88941e+07 1.95331e+06 203237288
0.132422 1.85677e+07 2.45879e+06 255860560
0.16493 1.87653e+07 3.09497e+06 322109288
0.207966 1.8732e+07 3.89561e+06 405511464
0.261205 1.87712e+07 4.90313e+06 510508616
0.331371 1.86222e+07 6.17085e+06 642692200
0.41359 1.87765e+07 7.76575e+06 809101456
0.526166 1.8572e+07 9.77193e+06 1018598328
0.657112 1.87105e+07 1.22949e+07 1282339208
0.827802 1.86843e+07 1.54669e+07 1614369296
1.04414 1.86312e+07 1.94535e+07 2032370464
