# filename: ./acpphint-HoneyComb-65536MiB-threads_16-LP64-FreeBSD_main_n247756_348c41d1815d_64bit-g++_11_O3lto-libc++-DSIZE_d-ISIZE_ul-using_1_threads-cpus_0.txt
# acpphint_main version: 0.1.24

1.06386e-07 9.3997e+06 1 280
1.55897e-07 1.2829e+07 2 384
2.00045e-07 1.49966e+07 3 488
2.49471e-07 1.6034e+07 4 592
2.94357e-07 1.69862e+07 5 696
3.38333e-07 1.7734e+07 6 800
3.85545e-07 1.81561e+07 7 904
4.77563e-07 1.88457e+07 9 1112
5.68643e-07 1.93443e+07 11 1320
7.081e-07 1.97712e+07 14 1632
8.45125e-07 2.01154e+07 17 1944
1.04e-06 2.01923e+07 21 2360
1.2735e-06 2.04162e+07 26 2880
1.54025e-06 2.07758e+07 32 3504
1.91025e-06 2.09397e+07 40 4336
2.38e-06 2.10084e+07 50 5376
2.98e-06 2.11409e+07 63 6728
3.72e-06 2.12366e+07 79 8392
4.641e-06 2.13316e+07 99 10472
5.801e-06 2.13756e+07 124 13072
7.281e-06 2.14256e+07 156 16400
9.12e-06 2.14912e+07 196 20560
1.148e-05 2.15157e+07 247 25864
1.4521e-05 2.14173e+07 311 32520
1.824e-05 2.14364e+07 391 40840
2.376e-05 2.07071e+07 492 51344
2.988e-05 2.07162e+07 619 64552
3.816e-05 2.0414e+07 778.999 81192
4.756e-05 2.06055e+07 979.999 102096
6.1438e-05 2.00853e+07 1234 128512
7.6998e-05 2.01693e+07 1553 161688
9.8077e-05 1.99333e+07 1955 203496
0.000122196 2.01397e+07 2460.99 256120
0.000155075 1.99774e+07 3097.99 322368
0.000195753 1.9923e+07 3899.99 405776
0.000246391 1.99276e+07 4909.98 510816
0.000313749 1.97003e+07 6180.96 643000
0.000390786 1.9911e+07 7780.94 809400
0.000495942 1.97501e+07 9794.91 1018856
0.000626257 1.96898e+07 12330.9 1282600
0.00079221 1.95955e+07 15523.8 1614672
0.00101436 1.92659e+07 19542.6 2032648
0.00126779 1.94057e+07 24602.4 2558888
0.00160998 1.92375e+07 30972 3221368
0.00202572 1.92477e+07 38990.5 4055344
0.00255898 1.91817e+07 49085.6 5105328
0.0032436 1.90511e+07 61794.2 6427168
0.00406052 1.91583e+07 77792.9 8091272
0.0051402 1.90524e+07 97933.4 10186248
0.00657279 1.87573e+07 123288 12823688
0.00836804 1.85474e+07 155205 16143992
0.0106362 1.83696e+07 195383 20323960
0.0135529 1.81481e+07 245959 25586256
0.0169557 1.82609e+07 309625 32211160
0.0215003 1.81283e+07 389763 40551336
0.0270241 1.81554e+07 490634 51051072
0.0343257 1.79922e+07 617593 64269472
0.0432486 1.79747e+07 777381 80910408
0.0541234 1.80784e+07 978467 101860064
0.0686007 1.79518e+07 1.2315e+06 128234152
0.0859033 1.80422e+07 1.54988e+06 161437192
0.109335 1.78388e+07 1.9504e+06 203237288
0.138064 1.77758e+07 2.45418e+06 255860560
0.172304 1.79199e+07 3.08767e+06 322109288
0.21799 1.78175e+07 3.88404e+06 405511464
0.273644 1.7851e+07 4.88483e+06 510508616
0.347086 1.76955e+07 6.14187e+06 642692200
0.436121 1.77013e+07 7.71989e+06 809101456
0.550798 1.76098e+07 9.69942e+06 1018598328
0.689071 1.76764e+07 1.21803e+07 1282339208
0.861877 1.77357e+07 1.5286e+07 1614369296
1.09728 1.74688e+07 1.91683e+07 2032370464
