# filename: ./acpphint-HoneyComb-65536MiB-threads_16-LP64-FreeBSD_main_n247756_348c41d1815d_64bit-clang++_12_O3lto-libc++-DSIZE_d-ISIZE_ul-using_4_threads-cpus_kp2_2_5.txt
# acpphint_main version: 0.1.24

0.000112277 133598 15 1952
0.000108517 175088 19 2368
0.000111397 206469 23 2784
0.000110876 243515 27 3200
0.000107797 287578 31 3616
0.000113597 343319 39 4448
0.000112517 417715 47 5280
0.000103077 570448 58.8001 6528
0.000110117 638719 70.3338 7776
0.000111957 772215 86.4548 9440
0.000115877 920318 106.644 11520
0.000111957 1.16519e+06 130.451 14016
0.000113436 1.43293e+06 162.546 17344
0.000115796 1.74572e+06 202.147 21504
0.000113397 2.24874e+06 255 26912
0.000118356 2.69526e+06 319 33568
0.000119557 3.32607e+06 397.655 41888
0.000118476 4.20333e+06 497.994 52288
0.000119877 5.21415e+06 625.057 65600
0.000120716 6.50392e+06 785.127 82240
0.000117396 8.42054e+06 988.538 103456
0.000118236 1.05046e+07 1242.02 130080
0.000123796 1.26329e+07 1563.9 163360
0.000129276 1.52042e+07 1965.54 205376
0.000128756 1.91608e+07 2467.07 258208
0.000154395 2.01703e+07 3114.2 324768
0.000167435 2.33606e+07 3911.38 408384
0.000185434 2.64938e+07 4912.86 514048
0.000211193 2.93931e+07 6207.61 646752
0.000246031 3.16994e+07 7799.04 813984
0.00029019 3.37409e+07 9791.26 1024480
0.000326628 3.79136e+07 12383.6 1289472
0.000393706 3.95064e+07 15553.9 1623104
0.000466063 4.18958e+07 19526.1 2043264
0.000563899 4.38206e+07 24710.4 2572000
0.000673774 4.60492e+07 31026.7 3237600
0.00081233 4.79342e+07 38938.4 4075424
0.00101724 4.84701e+07 49305.7 5130400
0.00122835 5.03879e+07 61894.1 6458688
0.00151222 5.13583e+07 77665.1 8130592
0.00189253 5.19904e+07 98393.2 10235552
0.00237347 5.20226e+07 123474 12885472
0.00299956 5.16429e+07 154906 16221376
0.00379517 5.17183e+07 196280 20421312
0.00480633 5.12487e+07 246318 25708672
0.0061416 5.03062e+07 308961 32365088
0.00779069 5.02415e+07 391417 40744992
0.00980602 5.01056e+07 491336 51294752
0.0125287 4.91779e+07 616138 64575968
0.015923 4.90119e+07 780415 81295840
0.0200238 4.89341e+07 979847 102345024
0.0256608 4.78691e+07 1.22836e+06 128844640
0.0322279 4.82635e+07 1.55543e+06 162205344
0.040055 4.87616e+07 1.95315e+06 204204288
0.0509565 4.80304e+07 2.44746e+06 257077888
0.063595 4.87107e+07 3.09776e+06 323641632
0.0807643 4.81588e+07 3.88952e+06 407440256
0.101799 4.78455e+07 4.87062e+06 512936608
0.126911 4.85386e+07 6.16009e+06 645748768
0.159374 4.85074e+07 7.73084e+06 812949152
0.201448 4.80012e+07 9.66976e+06 1023442240
0.250847 4.86859e+07 1.22127e+07 1288437152
0.318159 4.8114e+07 1.53079e+07 1622045856
