# filename: ./acpphint-HoneyComb-65536MiB-threads_16-LP64-FreeBSD_main_n259950_5723e5ac6d76_64bit-g++_12_O3lto-libstdc++-cpulockdown-DSIZE_ul-ISIZE_ul-using_6_threads.txt
# acpphint_main version: 0.1.30

0.000196714 116921 23 2928
0.000199434 145412 29 3552
0.000196273 178323 35 4176
0.000193314 212090 41 4800
0.000193194 243279 47 5424
0.000198674 296969 59 6672
0.000190274 373146 71 7920
0.000196874 450373 88.6667 9792
0.000196834 537962 105.889 11664
0.000196713 661324 130.091 14160
0.000200634 799486 160.404 17280
0.000197793 991396 196.091 21024
0.000198274 1.23187e+06 244.247 26016
0.000198633 1.52835e+06 303.581 32256
0.000199754 1.91736e+06 383 40368
0.000198953 2.4076e+06 479 50352
0.000201513 2.96142e+06 596.764 62832
0.000203633 3.66992e+06 747.317 78432
0.000203674 4.60409e+06 937.734 98400
0.000202673 5.81179e+06 1177.89 123360
0.000203713 7.27929e+06 1482.89 155184
0.000208593 8.92956e+06 1862.64 195120
0.000210633 1.11372e+07 2345.86 245040
0.000214113 1.37679e+07 2947.89 308064
0.000219953 1.68171e+07 3698.98 387312
0.000225192 2.07425e+07 4671.04 487152
0.000231513 2.5336e+07 5865.6 612576
0.000243912 3.0196e+07 7365.16 771072
0.000262592 3.54572e+07 9310.78 970128
0.00027815 4.20459e+07 11695.1 1220976
0.00029623 4.9548e+07 14677.6 1536720
0.000321829 5.77149e+07 18574.3 1934208
0.000357788 6.51875e+07 23323.3 2434656
0.000403746 7.24944e+07 29269.3 3064896
0.000457344 8.10421e+07 37064.1 3858000
0.000531701 8.75018e+07 46524.8 4856400
0.000636618 9.16823e+07 58366.6 6113136
0.000758774 9.74711e+07 73958.5 7695600
0.000909248 1.02075e+08 92811.6 9688032
0.00109036 1.06768e+08 116415 12195888
0.00135187 1.0918e+08 147598 15353328
0.0017951 1.03147e+08 185158 19328208
0.00250971 9.25208e+07 232200 24332064
0.00341896 8.61232e+07 294451 30631968
0.00455295 8.11341e+07 369400 38563008
0.00601746 7.69691e+07 463158 48547632
0.00782959 7.50023e+07 587238 61117488
0.0101156 7.28544e+07 736966 76942128
0.0130221 7.09415e+07 923806 96863952
0.0167 7.01253e+07 1.17109e+06 121943760
0.0212185 6.92866e+07 1.47016e+06 153517536
0.0269792 6.82907e+07 1.84243e+06 193266960
0.034262 6.81562e+07 2.33517e+06 243308016
0.0432828 6.77484e+07 2.93234e+06 306306432
0.0546779 6.71897e+07 3.67379e+06 385616832
0.0692508 6.72218e+07 4.65516e+06 485462448
0.087238 6.70219e+07 5.84686e+06 611160384
0.110012 6.6561e+07 7.32251e+06 769404912
0.138758 6.68445e+07 9.27519e+06 968623152
0.174906 6.66097e+07 1.16504e+07 1219423728
0.220014 6.62818e+07 1.45829e+07 1535163360
0.277563 6.65107e+07 1.84609e+07 1932655728
0.349535 6.63271e+07 2.31837e+07 2433068784
0.440592 6.58063e+07 2.89937e+07 3063051696
0.55587 6.59618e+07 3.66662e+07 3856153200
0.696789 6.60343e+07 4.6012e+07 4854608736
0.878111 6.54299e+07 5.74547e+07 6111589968
1.11019 6.5323e+07 7.25212e+07 7694035248
