# filename: ./acpphint-HoneyComb-65536MiB-threads_16-LP64-FreeBSD_main_n247756_348c41d1815d_64bit-clang++_12_O3lto-libc++-DSIZE_d-ISIZE_ui-using_15_threads-cpus_kp1_1_15.txt
# acpphint_main version: 0.1.24

0.000460983 127986 58.9991 6840
0.000430704 171807 73.9979 8280
0.000468542 189942 88.9959 9720
0.000431104 241232 103.996 11160
0.000459183 259140 118.993 12600
0.000425504 350136 148.984 15480
0.000431224 415036 178.973 18360
0.000448863 496853 223.019 22680
0.000444584 597900 265.817 27000
0.000447063 729947 326.332 32760
0.000426224 943492 402.139 39960
0.000443944 1.10637e+06 491.165 48600
0.000437744 1.39685e+06 611.463 60120
0.000453263 1.67532e+06 759.36 74520
0.000424824 2.25434e+06 957.699 93240
0.000432064 2.77027e+06 1196.93 116280
0.000441144 3.37659e+06 1489.56 145080
0.000441383 4.22415e+06 1864.47 181080
0.000447183 5.22662e+06 2337.25 227160
0.000449423 6.52644e+06 2933.13 284760
0.000445264 8.28087e+06 3687.17 358200
0.000441224 1.04785e+07 4623.36 450360
0.000444384 1.30828e+07 5813.77 565560
0.000452383 1.61115e+07 7288.58 711000
0.000460023 1.98199e+07 9117.59 893880
0.000466583 2.45987e+07 11477.3 1124280
0.000482382 2.97394e+07 14345.7 1413720
