# filename: ./acpphint-HoneyComb-65536MiB-threads_16-LP64-FreeBSD_main_n247756_348c41d1815d_64bit-g++_11_O3lto-libstdc++-DSIZE_ul-ISIZE_ul-using_4_threads-cpus_kx4p1_kx4p2_1_14.txt
# acpphint_main version: 0.1.24

0.000136475 109910 15 1952
0.000134596 141163 19 2368
0.000135956 169172 23 2784
0.000133235 202649 27 3200
0.000134596 230319 31 3616
0.000135876 287026 39 4448
0.000135436 347027 47 5280
0.000134716 436474 58.8001 6528
0.000137396 511906 70.3339 7776
0.000137116 630523 86.4548 9440
0.000135956 784399 106.644 11520
0.000137596 948075 130.451 14016
0.000139035 1.1691e+06 162.546 17344
0.000138235 1.46234e+06 202.147 21504
0.000138635 1.83936e+06 255 26912
0.000138315 2.30633e+06 319 33568
0.000139836 2.84372e+06 397.655 41888
0.000139956 3.55822e+06 497.994 52288
0.000142196 4.39574e+06 625.057 65600
0.000144675 5.42684e+06 785.128 82240
0.000146875 6.73048e+06 988.539 103456
0.000147796 8.40365e+06 1242.03 130080
0.000151675 1.03109e+07 1563.9 163360
0.000153715 1.2787e+07 1965.55 205376
0.000161395 1.52859e+07 2467.07 258208
0.000165395 1.88289e+07 3114.2 324768
0.000176594 2.2149e+07 3911.39 408384
0.000188514 2.60611e+07 4912.88 514048
0.000203673 3.04784e+07 6207.63 646752
0.000222313 3.50815e+07 7799.08 813984
0.000242912 4.03081e+07 9791.33 1024480
0.00027479 4.50662e+07 12383.7 1289472
0.00030451 5.10791e+07 15554.1 1623104
0.000353148 5.52923e+07 19526.4 2043264
0.000408905 6.04317e+07 24710.8 2572000
0.000493022 6.29333e+07 31027.5 3237600
0.000598938 6.50143e+07 38939.5 4075424
0.000726333 6.78857e+07 49307.6 5130400
0.000864727 7.15799e+07 61897.1 6458688
0.0010404 7.46537e+07 77669.8 8130592
0.00127291 7.73036e+07 98400.6 10235552
0.0015689 7.87085e+07 123486 12885472
0.0019608 7.90107e+07 154925 16221376
0.00253474 7.74475e+07 196309 20421312
0.00330155 7.46208e+07 246365 25708672
0.00431067 7.16903e+07 309034 32365088
0.00562154 6.96489e+07 391534 40744992
0.00723804 6.7908e+07 491521 51294752
0.00924596 6.667e+07 616428 64575968
0.0119043 6.55967e+07 780880 81295840
0.0150621 6.51026e+07 980581 102345024
0.0191473 6.42131e+07 1.22951e+06 128844640
0.0242401 6.42439e+07 1.55728e+06 162205344
0.030684 6.37488e+07 1.95606e+06 204204288
0.0388013 6.31948e+07 2.45204e+06 257077888
0.0490692 6.32802e+07 3.10511e+06 323641632
0.061602 6.33277e+07 3.90112e+06 407440256
0.0777924 6.28443e+07 4.88881e+06 512936608
0.0978663 6.32416e+07 6.18922e+06 645748768
0.123595 6.29218e+07 7.77683e+06 812949152
0.155162 6.27849e+07 9.7418e+06 1023442240
0.195525 6.30503e+07 1.23279e+07 1288437152
0.246782 6.27649e+07 1.54893e+07 1622045856
0.309256 6.27008e+07 1.93906e+07 2042034464
0.389753 6.29133e+07 2.45206e+07 2570768800
0.489341 6.29327e+07 3.07956e+07 3236405824
0.616227 6.24942e+07 3.85106e+07 4074393312
0.774837 6.27692e+07 4.86359e+07 5129356832
0.976426 6.24853e+07 6.10123e+07 6457477184
1.2275 6.20356e+07 7.61488e+07 8129481856
