# filename: ./acpphint-HoneyComb-65536MiB-threads_16-LP64-FreeBSD_main_n247756_348c41d1815d_64bit-g++_11_O3lto-libc++-cpulockdown-DSIZE_ull-ISIZE_ull-using_8_threads.txt
# acpphint_main version: 0.1.24

0.000208873 148416 31 3904
0.000212033 183934 39 4736
0.000210073 223732 47 5568
0.000211473 260080 55 6400
0.000210673 299042 63 7232
0.000211153 374136 79 8896
0.000211473 449230 95 10560
0.000212673 557350 118.533 13056
0.000214553 659253 141.445 15552
0.000210433 825571 173.727 18880
0.000213393 1.00361e+06 214.164 23040
0.000213432 1.2263e+06 261.732 28032
0.000210793 1.5463e+06 325.949 34688
0.000209913 1.92944e+06 405.014 43008
0.000215952 2.36627e+06 511 53824
0.000222352 2.87382e+06 639 67136
0.000222113 3.5832e+06 795.875 83776
0.000224793 4.43358e+06 996.639 104576
0.000223552 5.59337e+06 1250.41 131200
0.000228913 6.86137e+06 1570.66 164480
0.000232272 8.51257e+06 1977.23 206912
0.000233873 1.0618e+07 2483.26 260160
0.000236992 1.3198e+07 3127.82 326720
0.000240752 1.63248e+07 3930.23 410752
0.000247352 1.99346e+07 4930.87 516416
0.000252871 2.46287e+07 6227.89 649536
0.000261831 2.98659e+07 7819.82 816768
0.000250871 3.91333e+07 9817.41 1028096
0.000262792 4.72386e+07 12413.9 1293504
0.000282991 5.50937e+07 15591 1627968
0.00030419 6.43144e+07 19563.8 2048960
0.000337508 7.33757e+07 24764.9 2578944
0.000379226 8.19894e+07 31092.5 3246208
0.000420545 9.27657e+07 39012.1 4086528
0.000485223 1.01845e+08 49417.3 5144000
0.000590418 1.05048e+08 62022 6475200
0.000717934 1.08357e+08 77793.3 8150848
0.000839129 1.17514e+08 98609.2 10260800
0.00101036 1.22457e+08 123726 12917376
0.00121663 1.27532e+08 155160 16261184
0.0016669 1.1806e+08 196794 20471104
0.00243867 1.01215e+08 246829 25770944
0.00344599 8.98065e+07 309472 32442752
0.0046633 8.41868e+07 392589 40842624
0.00622832 7.90627e+07 492428 51417344
0.00810821 7.6129e+07 617270 64730176
0.0105672 7.40902e+07 782923 81489984
0.0136172 7.21425e+07 982382 102589504
0.0176824 6.96251e+07 1.23114e+06 129151936
0.0223841 6.97476e+07 1.56124e+06 162591680
0.0283335 6.91627e+07 1.95962e+06 204690048
0.0364979 6.72686e+07 2.45516e+06 257689280
0.0455931 6.82729e+07 3.11277e+06 324410688
0.0581349 6.72259e+07 3.90817e+06 408408576
0.0731481 6.69169e+07 4.89484e+06 514155776
0.0923578 6.71745e+07 6.20409e+06 647283264
0.116253 6.70164e+07 7.79083e+06 814880512
0.146909 6.63911e+07 9.75343e+06 1025873216
0.184902 6.68283e+07 1.23567e+07 1291497536
0.233978 6.63182e+07 1.5517e+07 1625898304
0.29894 6.49395e+07 1.9413e+07 2046884480
0.370703 6.62963e+07 2.45763e+07 2576874304
0.469438 6.57179e+07 3.08505e+07 3244091712
0.58861 6.54995e+07 3.85537e+07 4084068928
0.739289 6.59321e+07 4.87428e+07 5141537600
0.94049 6.49876e+07 6.11202e+07 6472811648
1.1746 6.48991e+07 7.62307e+07 8148786624
