# filename: ./acpphint-HoneyComb-65536MiB-threads_16-LP64-FreeBSD_main_n259950_5723e5ac6d76_64bit-g++_12_O3lto-libstdc++-cpulockdown-DSIZE_ull-ISIZE_ull-using_2_threads-cpus_2_10.txt
# acpphint_main version: 0.1.30

0.000114477 61147.7 7 976
0.000112837 79761.1 9 1184
0.000114276 96258.2 11 1392
0.000114996 113047 13 1600
0.000115397 129986 15 1808
0.000115157 164992 19 2224
0.000114437 200984 23 2640
0.000115477 250556 28.9334 3264
0.000115476 301175 34.7785 3888
0.000115156 371831 42.8186 4720
0.000115557 457632 52.8825 5760
0.000115716 560112 64.8139 7008
0.000115717 698657 80.8465 8672
0.000116757 862601 100.715 10752
0.000117117 1.08439e+06 127 13456
0.000117557 1.35254e+06 159 16784
0.000119236 1.66517e+06 198.548 20944
0.000119636 2.07854e+06 248.668 26144
0.000120156 2.5997e+06 312.369 32800
0.000122957 3.1911e+06 392.369 41120
0.000124316 3.97525e+06 494.187 51728
0.000127196 4.88523e+06 621.382 65040
0.000129356 6.04498e+06 781.955 81680
0.000130956 7.50784e+06 983.196 102688
0.000138276 8.93223e+06 1235.11 129104
0.000146355 1.06411e+07 1557.38 162384
0.000153875 1.27191e+07 1957.15 204192
0.000163995 1.50034e+07 2460.47 257024
0.000177354 1.75046e+07 3104.51 323376
0.000194274 2.00906e+07 3903.07 406992
0.000215233 2.27884e+07 4904.82 512240
0.000240712 2.57286e+07 6193.19 644736
0.00027463 2.83464e+07 7784.78 811552
0.000323309 3.02586e+07 9782.87 1021632
0.000377707 3.27173e+07 12357.5 1286000
0.000451384 3.44053e+07 15530 1618800
0.00054458 3.58283e+07 19511.4 2037712
0.000660337 3.73392e+07 24656.5 2565200
0.000791731 3.9132e+07 30982 3229344
0.000967805 4.02165e+07 38921.7 4065296
0.001184 4.15561e+07 49202.3 5117776
0.00147095 4.20214e+07 61811.3 6442736
0.00181013 4.28933e+07 77642.6 8110688
0.00227552 4.31387e+07 98162.9 10210656
0.00287697 4.28652e+07 123322 12854336
0.00361271 4.28739e+07 154891 16182544
0.00468811 4.17677e+07 195811 20372496
0.00587042 4.19132e+07 246048 25647376
0.0074808 4.13047e+07 308992 32287984
0.00936673 4.16998e+07 390591 40647920
0.0121745 4.03213e+07 490894 51172512
0.0152351 4.04586e+07 616392 64422320
0.0192834 4.04025e+07 779097 81102672
0.0239282 4.09285e+07 979346 102102144
0.0308999 3.97908e+07 1.22953e+06 128538944
0.0384889 4.0373e+07 1.55391e+06 161820816
0.0489537 3.99073e+07 1.95361e+06 203720128
0.0605949 4.04695e+07 2.45225e+06 256468304
0.0772999 4.00873e+07 3.09874e+06 322874384
0.0960591 4.05609e+07 3.89624e+06 406474576
0.122175 4.00208e+07 4.88954e+06 511721120
0.151744 4.07081e+07 6.17721e+06 644218576
0.193412 4.01585e+07 7.76712e+06 811022928
0.240344 4.05412e+07 9.74384e+06 1021017232
0.307849 3.99719e+07 1.23053e+07 1285384400
0.380203 4.06885e+07 1.54699e+07 1618202912
0.485207 3.99742e+07 1.93958e+07 2037196656
0.602335 4.0639e+07 2.44783e+07 2564678416
0.771297 3.9877e+07 3.0757e+07 3228738592
0.953653 4.03951e+07 3.85229e+07 4064740928
1.22231 3.97256e+07 4.85571e+07 5117205536
