# filename: ./acpphint-HoneyComb-65536MiB-threads_16-LP64-FreeBSD_main_n247756_348c41d1815d_64bit-g++_11_O3lto-libc++-DSIZE_ul-ISIZE_ul-using_1_threads-cpus_1.txt
# acpphint_main version: 0.1.24

9.23269e-08 1.08311e+07 1 280
1.31794e-07 1.51752e+07 2 384
1.70808e-07 1.75636e+07 3 488
2.3005e-07 1.73875e+07 4 592
2.49471e-07 2.00424e+07 5 696
2.88607e-07 2.07895e+07 6 800
3.29308e-07 2.12567e+07 7 904
4.0605e-07 2.21648e+07 9 1112
4.925e-07 2.2335e+07 11 1320
6.10083e-07 2.29477e+07 14 1632
7.28e-07 2.33516e+07 17 1944
8.85125e-07 2.37255e+07 21 2360
1.08017e-06 2.40704e+07 26 2880
1.3135e-06 2.43624e+07 32 3504
1.63025e-06 2.45361e+07 40 4336
2.02025e-06 2.47494e+07 50 5376
2.54e-06 2.48031e+07 63 6728
3.1605e-06 2.4996e+07 79 8392
3.9405e-06 2.51237e+07 99 10472
4.961e-06 2.4995e+07 124 13072
6.201e-06 2.51572e+07 156 16400
7.8e-06 2.51282e+07 196 20560
9.761e-06 2.53048e+07 247 25864
1.232e-05 2.52435e+07 311 32520
1.54e-05 2.53896e+07 391 40840
1.9561e-05 2.51521e+07 492 51344
2.5121e-05 2.46407e+07 619 64552
3.18e-05 2.44969e+07 779 81192
4.0479e-05 2.42101e+07 980 102096
5.1279e-05 2.40644e+07 1234 128512
6.5439e-05 2.3732e+07 1553 161688
8.2238e-05 2.37725e+07 1955 203496
0.000103517 2.37739e+07 2461 256120
0.000130716 2.37002e+07 3098 322368
0.000165595 2.35514e+07 3900 405776
0.000211793 2.3183e+07 4909.99 510816
0.000261911 2.35996e+07 6180.99 643000
0.000331428 2.34772e+07 7780.99 809400
0.000416825 2.3499e+07 9794.98 1018856
0.000530461 2.32458e+07 12331 1282600
0.000679175 2.28571e+07 15523.9 1614672
0.000848249 2.30391e+07 19542.9 2032648
0.00108272 2.27232e+07 24602.9 2558888
0.00136559 2.26809e+07 30972.8 3221368
0.00170966 2.28067e+07 38991.6 4055344
0.00218268 2.24895e+07 49087.4 5105328
0.00271014 2.28022e+07 61797.1 6427168
0.00348595 2.23175e+07 77797.6 8091272
0.00439003 2.23098e+07 97940.8 10186248
0.00559043 2.20555e+07 123299 12823688
0.00714865 2.17137e+07 155223 16143992
0.00910302 2.14667e+07 195412 20323960
0.011434 2.15153e+07 246006 25586256
0.0149628 2.06979e+07 309699 32211160
0.0184859 2.10907e+07 389880 40551336
0.0235753 2.08191e+07 490818 51051072
0.0301133 2.05187e+07 617885 64269472
0.0376076 2.06831e+07 777842 80910408
0.047447 2.06377e+07 979199 101860064
0.0605531 2.03568e+07 1.23267e+06 128234152
0.0751748 2.06415e+07 1.55172e+06 161437192
0.0946802 2.06307e+07 1.95331e+06 203237288
0.121673 2.02081e+07 2.45879e+06 255860560
0.150633 2.05465e+07 3.09497e+06 322109288
0.192381 2.02495e+07 3.89561e+06 405511464
0.237117 2.06781e+07 4.90313e+06 510508616
0.299364 2.06132e+07 6.17085e+06 642692200
0.379281 2.04749e+07 7.76575e+06 809101456
0.49141 1.98855e+07 9.77193e+06 1018598328
0.611661 2.01008e+07 1.22949e+07 1282339208
0.775438 1.9946e+07 1.54669e+07 1614369296
0.945903 2.05661e+07 1.94535e+07 2032370464
1.20188 2.0353e+07 2.44618e+07 2558602768
