# filename: ./acpphint-HoneyComb-65536MiB-threads_16-LP64-FreeBSD_main_n262658_b347c2284603_64bit-g++_13_O3lto-libstdc++-DSIZE_ull-ISIZE_ull-using_4_threads-cpus_2_3_8_9.txt
# acpphint_main version: 0.1.34

0.000114877 130574 15 1952
0.000113077 168027 19 2368
0.000117277 196117 23 2784
0.000113317 238270 27 3200
0.000115557 268266 31 3616
0.000117837 330966 39 4448
0.000118997 394968 47 5280
0.000114117 515261 58.8001 6528
0.000116556 603434 70.3339 7776
0.000116117 744549 86.4548 9440
0.000114557 930923 106.644 11520
0.000115157 1.13281e+06 130.451 14016
0.000116277 1.39792e+06 162.546 17344
0.000116957 1.72839e+06 202.147 21504
0.000122596 2.08e+06 255 26912
0.000114476 2.78661e+06 319 33568
0.000118437 3.35752e+06 397.655 41888
0.000118797 4.19197e+06 497.994 52288
0.000117357 5.32612e+06 625.057 65600
0.000124876 6.28726e+06 785.128 82240
0.000122556 8.06602e+06 988.539 103456
0.000127477 9.74314e+06 1242.03 130080
0.000135316 1.15574e+07 1563.9 163360
0.000137516 1.42932e+07 1965.55 205376
0.000137516 1.79403e+07 2467.07 258208
0.000154596 2.01441e+07 3114.2 324768
0.000161315 2.42469e+07 3911.39 408384
0.000169035 2.90643e+07 4912.88 514048
0.000191074 3.24881e+07 6207.63 646752
0.000209234 3.72744e+07 7799.08 813984
0.000229433 4.26762e+07 9791.33 1024480
0.000266392 4.64869e+07 12383.7 1289472
0.00031111 4.99954e+07 15554.1 1623104
0.000359948 5.42477e+07 19526.4 2043264
0.000417466 5.91924e+07 24710.8 2572000
0.000497143 6.24116e+07 31027.5 3237600
0.0005881 6.62124e+07 38939.5 4075424
0.000713535 6.91033e+07 49307.6 5130400
0.00085561 7.23426e+07 61897.1 6458688
0.00105072 7.39202e+07 77669.8 8130592
0.00129587 7.59337e+07 98400.6 10235552
0.00162354 7.60594e+07 123486 12885472
0.00214012 7.23905e+07 154925 16221376
0.00284962 6.88898e+07 196309 20421312
0.0037881 6.50364e+07 246365 25708672
0.00496982 6.2182e+07 309034 32365088
0.00643333 6.08602e+07 391534 40744992
0.00833718 5.89553e+07 491521 51294752
0.0106693 5.77757e+07 616428 64575968
0.0136368 5.72629e+07 780880 81295840
0.0173377 5.65578e+07 980581 102345024
0.0220269 5.58185e+07 1.22951e+06 128844640
0.0278982 5.582e+07 1.55728e+06 162205344
0.0353232 5.53762e+07 1.95606e+06 204204288
0.0446293 5.49423e+07 2.45204e+06 257077888
0.0564182 5.50373e+07 3.10511e+06 323641632
0.0710936 5.4873e+07 3.90112e+06 407440256
0.0898841 5.43902e+07 4.88881e+06 512936608
0.113177 5.46859e+07 6.18922e+06 645748768
0.142651 5.45166e+07 7.77683e+06 812949152
0.179841 5.4169e+07 9.7418e+06 1023442240
0.226301 5.44758e+07 1.23279e+07 1288437152
0.284814 5.43838e+07 1.54893e+07 1622045856
0.359254 5.39747e+07 1.93906e+07 2042034464
0.452979 5.41319e+07 2.45206e+07 2570768800
0.569904 5.40364e+07 3.07956e+07 3236405824
0.717796 5.36512e+07 3.85106e+07 4074393312
0.903365 5.38386e+07 4.86359e+07 5129356832
1.1392 5.3557e+07 6.10123e+07 6457477184
