# filename: ./acpphint-HoneyComb-65536MiB-threads_16-LP64-FreeBSD_main_n247756_348c41d1815d_64bit-clang++_12_O3-libc++-DSIZE_ull-ISIZE_ull-using_4_threads-cpus_kx4p1_kx4p3_1_15.txt
# acpphint_main version: 0.1.24

0.000100198 149704 15 1952
0.000100917 188274 19 2368
0.000103277 222702 23 2784
0.000100637 268291 27 3200
0.000105277 294461 31 3616
0.000100198 389229 39 4448
0.000101918 461155 47 5280
0.000104677 561729 58.8001 6528
0.000102157 688488 70.3339 7776
0.000102357 844640 86.4548 9440
0.000104517 1.02035e+06 106.644 11520
0.000101277 1.28807e+06 130.451 14016
0.000101157 1.60687e+06 162.546 17344
0.000105437 1.91723e+06 202.147 21504
0.000106997 2.38324e+06 255 26912
0.000108237 2.94724e+06 319 33568
0.000107317 3.70542e+06 397.655 41888
0.000108917 4.57223e+06 497.994 52288
0.000109517 5.7074e+06 625.057 65600
0.000110717 7.0913e+06 785.128 82240
0.000114637 8.62321e+06 988.539 103456
0.000117836 1.05403e+07 1242.03 130080
0.000116356 1.34407e+07 1563.9 163360
0.000113596 1.7303e+07 1965.55 205376
0.000117996 2.09081e+07 2467.07 258208
0.000125956 2.47245e+07 3114.2 324768
0.000136876 2.85761e+07 3911.39 408384
0.000146675 3.3495e+07 4912.88 514048
0.000162315 3.82444e+07 6207.63 646752
0.000181834 4.28912e+07 7799.08 813984
0.000207873 4.71025e+07 9791.33 1024480
0.000237512 5.21394e+07 12383.7 1289472
0.00027979 5.5592e+07 15554.1 1623104
0.000329108 5.93312e+07 19526.4 2043264
0.000396345 6.23468e+07 24710.8 2572000
0.000485782 6.38712e+07 31027.5 3237600
0.000592218 6.5752e+07 38939.5 4075424
0.000723613 6.81409e+07 49307.6 5130400
0.000885047 6.99365e+07 61897.1 6458688
0.00108328 7.16987e+07 77669.8 8130592
0.00135515 7.26124e+07 98400.6 10235552
0.00169666 7.27818e+07 123486 12885472
0.00212176 7.30171e+07 154925 16221376
0.00273526 7.17701e+07 196309 20421312
0.00352647 6.98616e+07 246365 25708672
0.00455779 6.78035e+07 309034 32365088
0.00586766 6.67275e+07 391534 40744992
0.00760399 6.46399e+07 491521 51294752
0.00963411 6.39839e+07 616428 64575968
0.0122966 6.35039e+07 780880 81295840
0.0156635 6.26029e+07 980581 102345024
0.0200409 6.13501e+07 1.22951e+06 128844640
0.0250847 6.20808e+07 1.55728e+06 162205344
0.0313657 6.23632e+07 1.95606e+06 204204288
0.0400691 6.11952e+07 2.45204e+06 257077888
0.0505211 6.14616e+07 3.10511e+06 323641632
0.0637843 6.11611e+07 3.90112e+06 407440256
0.0798776 6.12038e+07 4.88881e+06 512936608
0.101744 6.0831e+07 6.18922e+06 645748768
0.127403 6.10411e+07 7.77683e+06 812949152
0.160989 6.05121e+07 9.7418e+06 1023442240
0.201436 6.12e+07 1.23279e+07 1288437152
0.254316 6.09056e+07 1.54893e+07 1622045856
0.320326 6.05341e+07 1.93906e+07 2042034464
0.401406 6.10869e+07 2.45206e+07 2570768800
0.507764 6.06494e+07 3.07956e+07 3236405824
0.636592 6.04951e+07 3.85106e+07 4074393312
0.801494 6.06815e+07 4.86359e+07 5129356832
1.01015 6.03991e+07 6.10123e+07 6457477184
