# filename: ./acpphint-HoneyComb-65536MiB-threads_16-LP64-FreeBSD_main_n247756_348c41d1815d_64bit-clang++_12_O3-libc++-DSIZE_d-ISIZE_ull-using_4_threads-cpus_kx4p3s_3_15.txt
# acpphint_main version: 0.1.24

0.000107477 139565 15 1952
0.000103397 183758 19 2368
0.000105917 217151 23 2784
0.000103797 260123 27 3200
0.000106437 291252 31 3616
0.000101397 384627 39 4448
0.000105757 444415 47 5280
0.000102198 575354 58.8001 6528
0.000104557 672684 70.3338 7776
0.000103557 834853 86.4548 9440
0.000107997 987469 106.644 11520
0.000106357 1.22654e+06 130.451 14016
0.000100517 1.6171e+06 162.546 17344
0.000106917 1.89069e+06 202.147 21504
0.000110357 2.31068e+06 255 26912
0.000107917 2.95597e+06 319 33568
0.000112476 3.53546e+06 397.655 41888
0.000109677 4.54055e+06 497.994 52288
0.000109877 5.6887e+06 625.057 65600
0.000110636 7.09649e+06 785.127 82240
0.000116156 8.51044e+06 988.538 103456
0.000115397 1.07631e+07 1242.02 130080
0.000118676 1.31779e+07 1563.9 163360
0.000118436 1.65958e+07 1965.54 205376
0.000129916 1.89897e+07 2467.07 258208
0.000144596 2.15372e+07 3114.2 324768
0.000155555 2.51447e+07 3911.38 408384
0.000172435 2.84911e+07 4912.86 514048
0.000200033 3.10329e+07 6207.61 646752
0.000216713 3.59879e+07 7799.04 813984
0.000254271 3.85072e+07 9791.26 1024480
0.00028971 4.27449e+07 12383.6 1289472
0.000357027 4.35651e+07 15553.9 1623104
0.000418225 4.66879e+07 19526.1 2043264
0.000508101 4.86328e+07 24710.4 2572000
0.000615258 5.04288e+07 31026.7 3237600
0.000756251 5.14887e+07 38938.4 4075424
0.000925846 5.32548e+07 49305.7 5130400
0.00111484 5.55185e+07 61894.1 6458688
0.00137463 5.6499e+07 77665.1 8130592
0.00173065 5.68532e+07 98393.2 10235552
0.00214808 5.74811e+07 123474 12885472
0.00270518 5.72629e+07 154906 16221376
0.00339875 5.77506e+07 196280 20421312
0.0043194 5.7026e+07 246318 25708672
0.00543827 5.68123e+07 308961 32365088
0.00691633 5.65931e+07 391417 40744992
0.00871303 5.6391e+07 491336 51294752
0.0111081 5.54673e+07 616138 64575968
0.0139676 5.58733e+07 780415 81295840
0.0176967 5.53689e+07 979847 102345024
0.0224043 5.48268e+07 1.22836e+06 128844640
0.0278709 5.58083e+07 1.55543e+06 162205344
0.0354278 5.51304e+07 1.95315e+06 204204288
0.0444498 5.50612e+07 2.44746e+06 257077888
0.0564044 5.49205e+07 3.09776e+06 323641632
0.0703597 5.52804e+07 3.88952e+06 407440256
0.0894619 5.44435e+07 4.87062e+06 512936608
0.114023 5.40249e+07 6.16009e+06 645748768
0.142239 5.4351e+07 7.73084e+06 812949152
0.17937 5.39095e+07 9.66976e+06 1023442240
0.224542 5.43893e+07 1.22127e+07 1288437152
0.287995 5.31534e+07 1.53079e+07 1622045856
