# filename: ./acpphint-HoneyComb-65536MiB-threads_16-LP64-FreeBSD_main_n247756_348c41d1815d_64bit-g++_11_O3lto-libc++-DSIZE_d-ISIZE_ul-using_4_threads-cpus_kx4sn0_1_12.txt
# acpphint_main version: 0.1.24

0.000115436 129942 15 1952
0.000116236 163461 19 2368
0.000113596 202472 23 2784
0.000116197 232364 27 3200
0.000113876 272226 31 3616
0.000118556 328958 39 4448
0.000118076 398049 47 5280
0.000122916 478376 58.8001 6528
0.000118477 593650 70.3338 7776
0.000116317 743269 86.4548 9440
0.000123916 860613 106.644 11520
0.000118396 1.10182e+06 130.451 14016
0.000115316 1.40957e+06 162.546 17344
0.000122396 1.65158e+06 202.147 21504
0.000124276 2.05188e+06 255 26912
0.000125156 2.54882e+06 319 33568
0.000123676 3.21529e+06 397.655 41888
0.000121196 4.10899e+06 497.994 52288
0.000128715 4.85613e+06 625.057 65600
0.000124316 6.31558e+06 785.127 82240
0.000132756 7.44628e+06 988.538 103456
0.000136996 9.06614e+06 1242.02 130080
0.000126676 1.23457e+07 1563.9 163360
0.000132115 1.48775e+07 1965.54 205376
0.000130916 1.88447e+07 2467.07 258208
0.000144555 2.15433e+07 3114.2 324768
0.000157795 2.47877e+07 3911.38 408384
0.000171274 2.86842e+07 4912.86 514048
0.000204113 3.04126e+07 6207.61 646752
0.000221032 3.52847e+07 7799.04 813984
0.00025591 3.82606e+07 9791.26 1024480
0.000286189 4.32708e+07 12383.6 1289472
0.000337267 4.61175e+07 15553.9 1623104
0.000394266 4.95251e+07 19526.1 2043264
0.000478822 5.16066e+07 24710.4 2572000
0.000602697 5.14798e+07 31026.7 3237600
0.000714732 5.44797e+07 38938.4 4075424
0.000889125 5.54542e+07 49305.7 5130400
0.00105408 5.87187e+07 61894.1 6458688
0.00130915 5.93249e+07 77665.1 8130592
0.00161742 6.08336e+07 98393.2 10235552
0.00199836 6.17876e+07 123474 12885472
0.00252838 6.1267e+07 154906 16221376
0.00318303 6.16644e+07 196280 20421312
0.0040634 6.06187e+07 246318 25708672
0.00517352 5.97197e+07 308961 32365088
0.00654034 5.98465e+07 391417 40744992
0.00837451 5.86705e+07 491336 51294752
0.0106378 5.79198e+07 616138 64575968
0.0134595 5.79823e+07 780415 81295840
0.01704 5.75028e+07 979847 102345024
0.0214777 5.71923e+07 1.22836e+06 128844640
0.0270674 5.74652e+07 1.55543e+06 162205344
0.0344053 5.67687e+07 1.95315e+06 204204288
0.0429738 5.69524e+07 2.44746e+06 257077888
0.0538623 5.75125e+07 3.09776e+06 323641632
0.0675821 5.75525e+07 3.88952e+06 407440256
0.0840318 5.79616e+07 4.87062e+06 512936608
0.107391 5.73611e+07 6.16009e+06 645748768
0.135237 5.71653e+07 7.73084e+06 812949152
0.169701 5.6981e+07 9.66976e+06 1023442240
0.213346 5.72434e+07 1.22127e+07 1288437152
0.267114 5.73086e+07 1.53079e+07 1622045856
