# filename: ./acpphint-HoneyComb-65536MiB-threads_16-LP64-FreeBSD_main_n247756_348c41d1815d_64bit-clang++_12_O3lto-libc++-DSIZE_f-ISIZE_ui-using_8_threads-cpus_kx2s_0_14.txt
# acpphint_main version: 0.1.24

0.000213393 145235 30.9922 2240
0.000219552 177551 38.9817 2656
0.000214873 218611 46.9737 3072
0.000223752 245595 54.9524 3488
0.000213993 294111 62.9377 3904
0.000209753 376052 78.878 4736
0.000214393 442375 94.8421 5568
0.000212633 556431 118.316 6816
0.000210273 671020 141.097 8064
0.000214193 808769 173.233 9728
0.000209393 1.01978e+06 213.534 11808
0.000223352 1.16716e+06 260.688 14304
0.000213512 1.51939e+06 324.408 17632
0.000233952 1.71945e+06 402.269 21792
0.000207793 2.43646e+06 506.278 27200
0.000224793 2.80488e+06 630.518 33856
0.000213193 3.66673e+06 781.72 42176
0.000215233 4.52175e+06 973.23 52576
