# filename: ./acpphint-HoneyComb-65536MiB-threads_16-LP64-FreeBSD_main_n247756_348c41d1815d_64bit-clang++_12_O3lto-libc++-DSIZE_d-ISIZE_ul-using_4_threads-cpus_kx2sn0_1_6.txt
# acpphint_main version: 0.1.24

0.000117397 127772 15 1952
0.000115277 164820 19 2368
0.000123476 186271 23 2784
0.000121316 222559 27 3200
0.000120156 257998 31 3616
0.000120997 322322 39 4448
0.000122316 384251 47 5280
0.000125396 468915 58.8001 6528
0.000123157 571091 70.3338 7776
0.000120997 714520 86.4548 9440
0.000122036 873871 106.644 11520
0.000123116 1.05958e+06 130.451 14016
0.000121157 1.34162e+06 162.546 17344
0.000125156 1.61516e+06 202.147 21504
0.000119756 2.12933e+06 255 26912
0.000128276 2.48682e+06 319 33568
0.000121517 3.27242e+06 397.655 41888
0.000129636 3.84148e+06 497.994 52288
0.000127716 4.89412e+06 625.057 65600
0.000132956 5.90517e+06 785.127 82240
0.000134116 7.37077e+06 988.538 103456
0.000124396 9.98444e+06 1242.02 130080
0.000131876 1.18589e+07 1563.9 163360
0.000132996 1.4779e+07 1965.54 205376
0.000142036 1.73693e+07 2467.07 258208
0.000156715 1.98717e+07 3114.2 324768
0.000178754 2.18813e+07 3911.38 408384
0.000191994 2.55886e+07 4912.86 514048
0.000221033 2.80845e+07 6207.61 646752
0.000241712 3.22658e+07 7799.04 813984
0.00029155 3.35835e+07 9791.26 1024480
0.000319189 3.87972e+07 12383.6 1289472
0.000385826 4.03133e+07 15553.9 1623104
0.000468383 4.16883e+07 19526.1 2043264
0.00054306 4.55021e+07 24710.4 2572000
0.000666255 4.65689e+07 31026.7 3237600
0.000824609 4.72204e+07 38938.4 4075424
0.00100108 4.92524e+07 49305.7 5130400
0.00121771 5.08282e+07 61894.1 6458688
0.00150882 5.1474e+07 77665.1 8130592
0.00185885 5.29323e+07 98393.2 10235552
0.00233651 5.28455e+07 123474 12885472
0.00293589 5.2763e+07 154906 16221376
0.00370662 5.29539e+07 196280 20421312
0.00466454 5.28065e+07 246318 25708672
0.00594509 5.19691e+07 308961 32365088
0.00746823 5.24109e+07 391417 40744992
0.00950507 5.1692e+07 491336 51294752
0.01202 5.12593e+07 616138 64575968
0.0151772 5.14202e+07 780415 81295840
0.0195102 5.02224e+07 979847 102345024
0.0245635 5.00074e+07 1.22836e+06 128844640
0.0304082 5.11516e+07 1.55543e+06 162205344
0.0380953 5.127e+07 1.95315e+06 204204288
0.0484772 5.04868e+07 2.44746e+06 257077888
0.0616967 5.02095e+07 3.09776e+06 323641632
0.0778068 4.99894e+07 3.88952e+06 407440256
0.0961377 5.06629e+07 4.87062e+06 512936608
0.122018 5.0485e+07 6.16009e+06 645748768
0.155007 4.98742e+07 7.73084e+06 812949152
0.191577 5.04746e+07 9.66976e+06 1023442240
0.243312 5.01935e+07 1.22127e+07 1288437152
0.30799 4.97027e+07 1.53079e+07 1622045856
