# filename: ./acpphint-HoneyComb-65536MiB-threads_16-LP64-FreeBSD_main_n247756_348c41d1815d_64bit-clang++_12_O3-libc++-DSIZE_d-ISIZE_ull-using_4_threads-cpus_kx4_kx4p1_0_13.txt
# acpphint_main version: 0.1.24

0.000101317 148050 15 1952
9.8677e-05 192547 19 2368
9.8838e-05 232704 23 2784
9.6358e-05 280205 27 3200
9.5477e-05 324686 31 3616
9.4797e-05 411405 39 4448
9.7717e-05 480981 47 5280
9.7597e-05 602478 58.8001 6528
0.000100918 696941 70.3338 7776
9.7477e-05 886925 86.4548 9440
9.8477e-05 1.08293e+06 106.644 11520
9.7597e-05 1.33663e+06 130.451 14016
9.8717e-05 1.64659e+06 162.546 17344
9.9717e-05 2.02721e+06 202.147 21504
0.000101997 2.50007e+06 255 26912
0.000101357 3.14729e+06 319 33568
0.000104756 3.79601e+06 397.655 41888
0.000102957 4.83691e+06 497.994 52288
0.000107477 5.81573e+06 625.057 65600
0.000112117 7.00275e+06 785.127 82240
0.000111717 8.84859e+06 988.538 103456
0.000115317 1.07705e+07 1242.02 130080
0.000109997 1.42177e+07 1563.9 163360
0.000113037 1.73885e+07 1965.54 205376
0.000123717 1.99412e+07 2467.07 258208
0.000132875 2.34371e+07 3114.2 324768
0.000147356 2.65437e+07 3911.38 408384
0.000161995 3.03272e+07 4912.86 514048
0.000184474 3.36503e+07 6207.61 646752
0.000205233 3.80009e+07 7799.04 813984
0.000238872 4.09896e+07 9791.26 1024480
0.00028375 4.36427e+07 12383.6 1289472
0.000335108 4.64146e+07 15553.9 1623104
0.000401305 4.86564e+07 19526.1 2043264
0.000485103 5.09384e+07 24710.4 2572000
0.000593258 5.22989e+07 31026.7 3237600
0.000732453 5.31616e+07 38938.4 4075424
0.000889927 5.54042e+07 49305.7 5130400
0.00110188 5.61715e+07 61894.1 6458688
0.00135127 5.74757e+07 77665.1 8130592
0.00168706 5.83224e+07 98393.2 10235552
0.00212472 5.81131e+07 123474 12885472
0.00268138 5.77711e+07 154906 16221376
0.00342283 5.73443e+07 196280 20421312
0.00438463 5.61776e+07 246318 25708672
0.00565538 5.46313e+07 308961 32365088
0.00720661 5.43136e+07 391417 40744992
0.00923309 5.32147e+07 491336 51294752
0.0118039 5.2198e+07 616138 64575968
0.0148824 5.24388e+07 780415 81295840
0.0188664 5.19362e+07 979847 102345024
0.0239655 5.12551e+07 1.22836e+06 128844640
0.0299938 5.18584e+07 1.55543e+06 162205344
0.0380573 5.13212e+07 1.95315e+06 204204288
0.0481073 5.08751e+07 2.44746e+06 257077888
0.0608114 5.09405e+07 3.09776e+06 323641632
0.0763956 5.09128e+07 3.88952e+06 407440256
0.0967806 5.03264e+07 4.87062e+06 512936608
0.121078 5.08772e+07 6.16009e+06 645748768
0.154263 5.01148e+07 7.73084e+06 812949152
0.194182 4.97974e+07 9.66976e+06 1023442240
0.243069 5.02438e+07 1.22127e+07 1288437152
0.305208 5.01557e+07 1.53079e+07 1622045856
