# filename: ./acpphint-HoneyComb-65536MiB-threads_16-LP64-FreeBSD_main_n259950_5723e5ac6d76_64bit-g++_12_O3lto-libstdc++-DSIZE_ull-ISIZE_ull-using_1_threads-cpus_1.txt
# acpphint_main version: 0.1.30

8.68113e-08 1.15192e+07 1 280
1.26886e-07 1.57622e+07 2 384
1.67731e-07 1.78858e+07 3 488
2.07667e-07 1.92616e+07 4 592
2.44765e-07 2.04278e+07 5 696
2.85333e-07 2.1028e+07 6 800
3.17e-07 2.2082e+07 7 904
4.121e-07 2.18394e+07 9 1112
4.72563e-07 2.32773e+07 11 1320
6.00143e-07 2.33278e+07 14 1632
7.161e-07 2.37397e+07 17 1944
8.70125e-07 2.41345e+07 21 2360
1.06683e-06 2.43712e+07 26 2880
1.30017e-06 2.46122e+07 32 3504
1.61025e-06 2.48409e+07 40 4336
1.97025e-06 2.53775e+07 50 5376
2.4605e-06 2.56046e+07 63 6728
3.1005e-06 2.54798e+07 79 8392
3.8605e-06 2.56443e+07 99 10472
4.761e-06 2.60449e+07 124 13072
5.961e-06 2.61701e+07 156 16400
7.481e-06 2.61997e+07 196 20560
9.401e-06 2.62738e+07 247 25864
1.1961e-05 2.60012e+07 311 32520
1.5081e-05 2.59267e+07 391 40840
1.8961e-05 2.5948e+07 492 51344
2.5e-05 2.476e+07 619 64552
3.1319e-05 2.48731e+07 779 81192
3.988e-05 2.45737e+07 980 102096
5.1559e-05 2.39337e+07 1234 128512
6.4598e-05 2.4041e+07 1553 161688
8.0838e-05 2.41842e+07 1955 203496
0.000104037 2.3655e+07 2461 256120
0.000131796 2.3506e+07 3098 322368
0.000164515 2.3706e+07 3900 405776
0.000205914 2.38449e+07 4909.99 510816
0.000258471 2.39137e+07 6180.99 643000
0.000332429 2.34065e+07 7780.99 809400
0.000417106 2.34832e+07 9794.98 1018856
0.000533741 2.31029e+07 12331 1282600
0.000682615 2.27419e+07 15523.9 1614672
0.000843049 2.31812e+07 19542.9 2032648
0.00109288 2.25119e+07 24602.9 2558888
0.00136315 2.27215e+07 30972.8 3221368
0.0017001 2.2935e+07 38991.6 4055344
0.00219956 2.2317e+07 49087.4 5105328
0.00271866 2.27307e+07 61797.1 6427168
0.00348727 2.2309e+07 77797.6 8091272
0.00434384 2.25471e+07 97940.8 10186248
0.00556143 2.21705e+07 123299 12823688
0.00719465 2.15748e+07 155223 16143992
0.00907178 2.15407e+07 195412 20323960
0.011944 2.05966e+07 246006 25586256
0.0153529 2.01721e+07 309699 32211160
0.0184714 2.11072e+07 389880 40551336
0.023597 2.08e+07 490818 51051072
0.0293313 2.10658e+07 617885 64269472
0.0395932 1.96459e+07 777842 80910408
0.0479289 2.04302e+07 979199 101860064
0.0604246 2.04001e+07 1.23267e+06 128234152
0.0753989 2.05801e+07 1.55172e+06 161437192
0.0954453 2.04653e+07 1.95331e+06 203237288
0.121485 2.02395e+07 2.45879e+06 255860560
0.152371 2.03121e+07 3.09497e+06 322109288
0.186311 2.09092e+07 3.89561e+06 405511464
0.243052 2.01732e+07 4.90313e+06 510508616
0.303575 2.03272e+07 6.17085e+06 642692200
0.399404 1.94433e+07 7.76575e+06 809101456
0.509922 1.91636e+07 9.77193e+06 1018598328
0.589444 2.08584e+07 1.22949e+07 1282339208
0.76497 2.02189e+07 1.54669e+07 1614369296
0.956752 2.03329e+07 1.94535e+07 2032370464
1.28516 1.90341e+07 2.44618e+07 2558602768
