# filename: ./acpphint-HoneyComb-65536MiB-threads_16-LP64-FreeBSD_main_n247756_348c41d1815d_64bit-g++_11_O3lto-libc++-DSIZE_ull-ISIZE_ull-using_8_threads-cpus_kx4_kx4p3_0_15.txt
# acpphint_main version: 0.1.24

0.000200313 154758 31 3904
0.000209393 186253 39 4736
0.000203113 231398 47 5568
0.000197634 278292 55 6400
0.000205113 307148 63 7232
0.000205313 384778 79 8896
0.000209193 454126 95 10560
0.000201913 587052 118.533 13056
0.000217712 649687 141.445 15552
0.000205353 845994 173.727 18880
0.000206313 1.03806e+06 214.164 23040
0.000211433 1.23789e+06 261.732 28032
0.000206673 1.57713e+06 325.949 34688
0.000204793 1.97768e+06 405.014 43008
0.000210793 2.42418e+06 511 53824
0.000208393 3.06632e+06 639 67136
0.000210793 3.77562e+06 795.875 83776
0.000201593 4.94382e+06 996.639 104576
0.000215513 5.80201e+06 1250.41 131200
0.000208952 7.51683e+06 1570.66 164480
0.000213753 9.25007e+06 1977.23 206912
0.000213793 1.16152e+07 2483.26 260160
0.000211233 1.48075e+07 3127.82 326720
0.000217353 1.80822e+07 3930.23 410752
0.000227793 2.16463e+07 4930.87 516416
0.000239072 2.60503e+07 6227.89 649536
0.000248751 3.14363e+07 7819.82 816768
0.000251191 3.90835e+07 9817.41 1028096
0.00027087 4.58298e+07 12413.9 1293504
0.00028627 5.44626e+07 15591 1627968
0.000310109 6.30869e+07 19563.8 2048960
0.000344948 7.17931e+07 24764.9 2578944
0.000395426 7.86304e+07 31092.5 3246208
0.000443343 8.79954e+07 39012.1 4086528
0.000504142 9.80227e+07 49417.3 5144000
0.000615898 1.00702e+08 62022 6475200
0.000733413 1.0607e+08 77793.3 8150848
0.000872448 1.13026e+08 98609.2 10260800
0.00103336 1.19731e+08 123726 12917376
0.00125175 1.23954e+08 155160 16261184
0.00170853 1.15183e+08 196794 20471104
0.00245635 1.00486e+08 246829 25770944
0.00345515 8.95685e+07 309472 32442752
0.00468926 8.37208e+07 392589 40842624
0.00622012 7.9167e+07 492428 51417344
0.00814353 7.57989e+07 617270 64730176
0.0105768 7.4023e+07 782923 81489984
0.0136159 7.21498e+07 982382 102589504
0.0176761 6.96497e+07 1.23114e+06 129151936
0.0226749 6.88531e+07 1.56124e+06 162591680
0.0283306 6.91697e+07 1.95962e+06 204690048
0.0360109 6.81784e+07 2.45516e+06 257689280
0.0458086 6.79517e+07 3.11277e+06 324410688
0.0577565 6.76663e+07 3.90817e+06 408408576
0.0734701 6.66236e+07 4.89484e+06 514155776
0.0925089 6.70648e+07 6.20409e+06 647283264
0.117486 6.63128e+07 7.79083e+06 814880512
0.147211 6.6255e+07 9.75343e+06 1025873216
0.186097 6.63992e+07 1.23567e+07 1291497536
0.233589 6.64287e+07 1.5517e+07 1625898304
0.294549 6.59076e+07 1.9413e+07 2046884480
0.371175 6.62122e+07 2.45763e+07 2576874304
0.466242 6.61684e+07 3.08505e+07 3244091712
0.593467 6.49634e+07 3.85537e+07 4084068928
0.745136 6.54147e+07 4.87428e+07 5141537600
0.936712 6.52497e+07 6.11202e+07 6472811648
1.17148 6.50719e+07 7.62307e+07 8148786624
