# filename: ./acpphint-HoneyComb-65536MiB-threads_16-LP64-FreeBSD_main_n247756_348c41d1815d_64bit-g++_11_O3lto-libc++-DSIZE_ui-ISIZE_ui-using_4_threads-cpus_kx2sp1w0_0_7.txt
# acpphint_main version: 0.1.24

0.000120277 124684 14.9966 1120
0.000116516 163020 18.9944 1328
0.000112037 205217 22.9919 1536
0.000115836 232992 26.9889 1744
0.000120237 257702 30.9854 1952
0.000111517 349513 38.9766 2368
0.000113556 413595 46.9661 2784
0.000116476 504378 58.7479 3408
0.000124676 563518 70.2572 4032
0.000115556 747181 86.3413 4864
0.000120076 886692 106.47 5904
0.000118477 1.09887e+06 130.191 7152
0.000117756 1.37695e+06 162.144 8816
0.000125076 1.61122e+06 201.526 10896
0.000120796 2.10282e+06 254.012 13600
0.000123276 2.57514e+06 317.453 16928
0.000118957 3.32271e+06 395.259 21088
0.000120517 4.10105e+06 494.246 26288
0.000124636 4.96766e+06 619.15 32944
0.000123956 6.25907e+06 775.849 41264
0.000123796 7.86659e+06 973.853 51872
0.000124476 9.7923e+06 1218.91 65184
0.000132716 1.15093e+07 1527.47 81824
0.000120557 1.58297e+07 1908.38 102832
0.000126996 1.87214e+07 2377.55 129248
0.000127796 2.32633e+07 2972.96 162528
0.000133396 2.76719e+07 3691.32 204336
0.000144835 3.15554e+07 4570.33 257168
0.000154595 3.66809e+07 5670.69 323520
0.000179114 3.89132e+07 6969.9 407136
0.000196393 4.33759e+07 8518.73 512384
0.000238271 4.37145e+07 10415.9 644880
0.000269191 4.66999e+07 12571.2 811696
