# filename: ./acpphint-HoneyComb-65536MiB-threads_16-LP64-FreeBSD_main_n247756_348c41d1815d_64bit-clang++_12_O3lto-libc++-DSIZE_d-ISIZE_ull-using_4_threads-cpus_0_1_8_9.txt
# acpphint_main version: 0.1.24

0.000100237 149645 15 1952
0.000104917 181096 19 2368
0.000111517 206247 23 2784
0.000103797 260123 27 3200
0.000104197 297513 31 3616
0.000104197 374291 39 4448
0.000107197 438445 47 5280
0.000110237 533397 58.8001 6528
0.000107356 655146 70.3338 7776
0.000105157 822150 86.4548 9440
0.000101437 1.05133e+06 106.644 11520
9.8557e-05 1.32361e+06 130.451 14016
0.000105597 1.53931e+06 162.546 17344
0.000108517 1.86282e+06 202.147 21504
0.000104397 2.4426e+06 255 26912
0.000101797 3.13369e+06 319 33568
0.000107397 3.70266e+06 397.655 41888
0.000107717 4.62317e+06 497.994 52288
0.000115836 5.39605e+06 625.057 65600
0.000112757 6.963e+06 785.127 82240
0.000111157 8.89317e+06 988.538 103456
0.000118757 1.04585e+07 1242.02 130080
0.000118837 1.31601e+07 1563.9 163360
0.000117596 1.67144e+07 1965.54 205376
0.000136356 1.80929e+07 2467.07 258208
0.000145476 2.1407e+07 3114.2 324768
0.000162995 2.39969e+07 3911.38 408384
0.000188634 2.60444e+07 4912.86 514048
0.000204953 3.0288e+07 6207.61 646752
0.000233632 3.33817e+07 7799.04 813984
0.000263871 3.71062e+07 9791.26 1024480
0.000319988 3.87003e+07 12383.6 1289472
0.000394826 3.93943e+07 15553.9 1623104
0.000465063 4.19859e+07 19526.1 2043264
0.000550979 4.48481e+07 24710.4 2572000
0.000693253 4.47553e+07 31026.7 3237600
0.000913286 4.26355e+07 38938.4 4075424
0.00119647 4.12092e+07 49305.7 5130400
0.0015619 3.96274e+07 61894.1 6458688
0.00202996 3.82594e+07 77665.1 8130592
0.00283393 3.47197e+07 98393.2 10235552
0.00414312 2.98022e+07 123474 12885472
0.00591261 2.61993e+07 154906 16221376
0.00816328 2.40442e+07 196280 20421312
0.0110134 2.23654e+07 246318 25708672
0.0146585 2.10772e+07 308961 32365088
0.0193187 2.0261e+07 391417 40744992
0.0253611 1.93736e+07 491336 51294752
0.0332077 1.8554e+07 616138 64575968
0.0432769 1.80331e+07 780415 81295840
0.0560853 1.74707e+07 979847 102345024
0.0721326 1.70291e+07 1.22836e+06 128844640
0.0925503 1.68063e+07 1.55543e+06 162205344
0.117973 1.65559e+07 1.95315e+06 204204288
0.149674 1.63519e+07 2.44746e+06 257077888
0.189495 1.63474e+07 3.09776e+06 323641632
0.239331 1.62516e+07 3.88952e+06 407440256
0.302155 1.61196e+07 4.87062e+06 512936608
0.381302 1.61554e+07 6.16009e+06 645748768
0.480938 1.60745e+07 7.73084e+06 812949152
0.605535 1.59689e+07 9.66976e+06 1023442240
0.763015 1.60058e+07 1.22127e+07 1288437152
0.961148 1.59267e+07 1.53079e+07 1622045856
