# filename: ./acpphint-HoneyComb-65536MiB-threads_16-LP64-FreeBSD_main_n247756_348c41d1815d_64bit-clang++_12_O3lto-libc++-DSIZE_ui-ISIZE_ui-using_4_threads-cpus_kx4s_0_12.txt
# acpphint_main version: 0.1.24

0.000113876 131692 14.9966 1120
0.000115196 164888 18.9944 1328
0.000115516 199036 22.9919 1536
0.000113876 237002 26.9889 1744
0.000112756 274800 30.9854 1952
0.000115677 336943 38.9766 2368
0.000119636 392575 46.9661 2784
0.000117157 501446 58.7479 3408
0.000117636 597242 70.2572 4032
0.000116957 738231 86.3413 4864
0.000113556 937603 106.47 5904
0.000118197 1.10147e+06 130.191 7152
0.000116956 1.38637e+06 162.144 8816
0.000121756 1.65516e+06 201.526 10896
0.000114637 2.21579e+06 254.012 13600
0.000119717 2.65169e+06 317.453 16928
0.000122037 3.23885e+06 395.259 21088
0.000121356 4.0727e+06 494.246 26288
0.000126357 4.9e+06 619.15 32944
0.000123316 6.29155e+06 775.849 41264
0.000126076 7.72433e+06 973.853 51872
0.000122917 9.9165e+06 1218.91 65184
0.000127756 1.19561e+07 1527.47 81824
0.000134356 1.42039e+07 1908.38 102832
0.000126116 1.8852e+07 2377.55 129248
0.000128356 2.31618e+07 2972.96 162528
0.000137916 2.6765e+07 3691.32 204336
0.000154595 2.95633e+07 4570.33 257168
0.000172994 3.27797e+07 5670.69 323520
0.000199113 3.50048e+07 6969.9 407136
0.000217352 3.91933e+07 8518.73 512384
0.000246671 4.22258e+07 10415.9 644880
0.00028547 4.40369e+07 12571.2 811696
