# filename: ./acpphint-HoneyComb-65536MiB-threads_16-LP64-FreeBSD_main_n259950_5723e5ac6d76_64bit-clang++_15_O3lto-libc++-cpulockdown-DSIZE_ul-ISIZE_ul-using_4_threads-cpus_2_3_8_9.txt
# acpphint_main version: 0.1.31

0.000104197 143958 15 1952
0.000105117 180751 19 2368
0.000103077 223134 23 2784
0.000101197 266806 27 3200
0.000101957 304050 31 3616
0.000105437 369889 39 4448
0.000104117 451415 47 5280
0.000107117 548933 58.8001 6528
0.000104477 673199 70.3339 7776
0.000107157 806805 86.4548 9440
0.000107517 991878 106.644 11520
0.000103517 1.26019e+06 130.451 14016
0.000107477 1.51238e+06 162.546 17344
0.000106797 1.89282e+06 202.147 21504
0.000105717 2.4121e+06 255 26912
0.000104557 3.05097e+06 319 33568
0.000108837 3.65367e+06 397.655 41888
0.000101157 4.92298e+06 497.994 52288
0.000109837 5.69077e+06 625.057 65600
0.000109437 7.17424e+06 785.128 82240
0.000109597 9.01976e+06 988.539 103456
0.000106037 1.17131e+07 1242.03 130080
0.000115796 1.35057e+07 1563.9 163360
0.000122596 1.60327e+07 1965.55 205376
0.000124276 1.98516e+07 2467.07 258208
0.000138156 2.25412e+07 3114.2 324768
0.000140475 2.7844e+07 3911.39 408384
0.000161075 3.05006e+07 4912.88 514048
0.000174234 3.56281e+07 6207.63 646752
0.000193874 4.02276e+07 7799.08 813984
0.000223312 4.3846e+07 9791.33 1024480
0.000259832 4.76606e+07 12383.7 1289472
0.00029879 5.20569e+07 15554.1 1623104
0.000356508 5.47712e+07 19526.4 2043264
0.000420025 5.88318e+07 24710.8 2572000
0.000497582 6.23565e+07 31027.5 3237600
0.000595179 6.54249e+07 38939.5 4075424
0.000721254 6.83637e+07 49307.6 5130400
0.000884168 7.0006e+07 61897.1 6458688
0.0010872 7.14401e+07 77669.8 8130592
0.00135247 7.27562e+07 98400.6 10235552
0.00169954 7.26584e+07 123486 12885472
0.00222352 6.96755e+07 154925 16221376
0.00293833 6.68098e+07 196309 20421312
0.00387498 6.35783e+07 246365 25708672
0.00507809 6.08562e+07 309034 32365088
0.00660016 5.93219e+07 391534 40744992
0.00847873 5.79711e+07 491521 51294752
0.0109283 5.64067e+07 616428 64575968
0.0140194 5.56999e+07 780880 81295840
0.0177932 5.51098e+07 980581 102345024
0.0225168 5.4604e+07 1.22951e+06 128844640
0.0285147 5.46132e+07 1.55728e+06 162205344
0.0360513 5.42579e+07 1.95606e+06 204204288
0.0454997 5.38913e+07 2.45204e+06 257077888
0.0574105 5.4086e+07 3.10511e+06 323641632
0.0727106 5.36526e+07 3.90112e+06 407440256
0.0918879 5.32041e+07 4.88881e+06 512936608
0.115867 5.34168e+07 6.18922e+06 645748768
0.145261 5.35371e+07 7.77683e+06 812949152
0.183361 5.3129e+07 9.7418e+06 1023442240
0.230031 5.35923e+07 1.23279e+07 1288437152
0.291481 5.31399e+07 1.54893e+07 1622045856
0.366394 5.29228e+07 1.93906e+07 2042034464
0.460688 5.32261e+07 2.45206e+07 2570768800
0.581996 5.29137e+07 3.07956e+07 3236405824
0.730235 5.27373e+07 3.85106e+07 4074393312
0.919812 5.28759e+07 4.86359e+07 5129356832
1.16475 5.23825e+07 6.10123e+07 6457477184
