# filename: ./acpphint-HoneyComb-65536MiB-threads_16-LP64-FreeBSD_main_n247756_348c41d1815d_64bit-clang++_12_O3lto-libc++-DSIZE_d-ISIZE_ui-using_8_threads-cpus_kx4p1_kx4p3_1_15.txt
# acpphint_main version: 0.1.24

0.000230312 134594 30.9985 3648
0.000233432 167064 38.9981 4416
0.000257671 182395 46.9978 5184
0.000227792 241435 54.997 5952
0.000229112 274953 62.9951 6720
0.000245591 321642 78.9924 8256
0.000235071 404091 94.9901 9792
0.000230712 513706 118.518 12096
0.000242631 582888 141.427 14400
0.000248191 699828 173.691 17472
0.000241071 888146 214.106 21312
0.000226872 1.15329e+06 261.649 25920
0.000234311 1.39058e+06 325.828 32064
0.000234752 1.72443e+06 404.813 39744
0.000233391 2.18812e+06 510.688 49728
0.000231312 2.76045e+06 638.524 62016
0.000239271 3.32321e+06 795.147 77376
0.000239231 4.16056e+06 995.336 96576
0.000240152 5.19795e+06 1248.3 121152
0.000238552 6.57003e+06 1567.29 151872
0.000242631 8.1266e+06 1971.77 191040
0.000246951 1.002e+07 2474.44 240192
0.00025763 1.20866e+07 3113.88 301632
0.000257951 1.51502e+07 3908.02 379200
0.00026815 1.82575e+07 4895.74 476736
0.00028215 2.18737e+07 6171.66 599616
0.00028155 2.74641e+07 7732.52 753984
0.000302509 3.19992e+07 9680.04 949056
0.000320948 3.79897e+07 12192.7 1194048
0.000346508 4.39987e+07 15245.9 1502784
