# filename: ./acpphint-HoneyComb-65536MiB-threads_16-LP64-FreeBSD_main_n247756_348c41d1815d_64bit-clang++_12_O3-libc++-DSIZE_ull-ISIZE_ull-using_8_threads-cpus_kx4_kx4p3_0_15.txt
# acpphint_main version: 0.1.24

0.000199793 155161 31 3904
0.000196793 198178 39 4736
0.000196033 239756 47 5568
0.000193033 284925 55 6400
0.000205913 305954 63 7232
0.000202993 389176 79 8896
0.000190914 497606 95 10560
0.000193714 611899 118.533 13056
0.000197593 715839 141.445 15552
0.000195313 889482 173.727 18880
0.000203233 1.05379e+06 214.164 23040
0.000193673 1.35141e+06 261.732 28032
0.000198833 1.63931e+06 325.949 34688
0.000196033 2.06605e+06 405.014 43008
0.000197553 2.58665e+06 511 53824
0.000200314 3.18999e+06 639 67136
0.000205434 3.87411e+06 795.875 83776
0.000203593 4.89525e+06 996.639 104576
0.000198154 6.31029e+06 1250.41 131200
0.000207353 7.5748e+06 1570.66 164480
0.000207113 9.54663e+06 1977.23 206912
0.000213553 1.16283e+07 2483.26 260160
0.000216513 1.44463e+07 3127.82 326720
0.000225832 1.74033e+07 3930.23 410752
0.000232192 2.12362e+07 4930.87 516416
0.000238072 2.61597e+07 6227.89 649536
0.000245111 3.19032e+07 7819.82 816768
0.000251231 3.90772e+07 9817.41 1028096
0.000264271 4.69742e+07 12413.9 1293504
0.00029247 5.33081e+07 15591 1627968
0.000317869 6.15467e+07 19563.8 2048960
0.000353467 7.00628e+07 24764.9 2578944
0.000393626 7.899e+07 31092.5 3246208
0.000448183 8.70451e+07 39012.1 4086528
0.000527701 9.36465e+07 49417.3 5144000
0.000629496 9.85264e+07 62022 6475200
0.000759811 1.02385e+08 77793.3 8150848
0.000900966 1.09448e+08 98609.2 10260800
0.0010748 1.15115e+08 123726 12917376
0.00131615 1.17889e+08 155160 16261184
0.00174293 1.1291e+08 196794 20471104
0.00251326 9.82106e+07 246829 25770944
0.00346747 8.92503e+07 309472 32442752
0.00471002 8.33519e+07 392589 40842624
0.00623648 7.89593e+07 492428 51417344
0.00814396 7.57948e+07 617270 64730176
0.0105505 7.42074e+07 782923 81489984
0.0135883 7.22963e+07 982382 102589504
0.0174544 7.05346e+07 1.23114e+06 129151936
0.0222644 7.01226e+07 1.56124e+06 162591680
0.0283104 6.92192e+07 1.95962e+06 204690048
0.0360038 6.81918e+07 2.45516e+06 257689280
0.0455976 6.82662e+07 3.11277e+06 324410688
0.0576516 6.77895e+07 3.90817e+06 408408576
0.0729768 6.7074e+07 4.89484e+06 514155776
0.092065 6.73881e+07 6.20409e+06 647283264
0.116028 6.71463e+07 7.79083e+06 814880512
0.146771 6.64532e+07 9.75343e+06 1025873216
0.184739 6.68873e+07 1.23567e+07 1291497536
0.23259 6.6714e+07 1.5517e+07 1625898304
0.293959 6.60399e+07 1.9413e+07 2046884480
0.369519 6.65087e+07 2.45763e+07 2576874304
0.466915 6.60731e+07 3.08505e+07 3244091712
0.586518 6.57331e+07 3.85537e+07 4084068928
0.740161 6.58544e+07 4.87428e+07 5141537600
0.929604 6.57486e+07 6.11202e+07 6472811648
1.1709 6.51046e+07 7.62307e+07 8148786624
