# filename: ./acpphint-HoneyComb-65536MiB-threads_16-LP64-FreeBSD_main_n247756_348c41d1815d_64bit-g++_11_O3lto-libstdc++-DSIZE_ul-ISIZE_ul-using_4_threads-cpus_kx4sn0_1_12.txt
# acpphint_main version: 0.1.24

0.000166795 89930.8 15 1952
0.000167914 113153 19 2368
0.000162875 141213 23 2784
0.000167355 161334 27 3200
0.000166154 186574 31 3616
0.000164595 236945 39 4448
0.000159155 295310 47 5280
0.000164235 358024 58.8001 6528
0.000166074 423509 70.3339 7776
0.000165074 523734 86.4548 9440
0.000161635 659781 106.644 11520
0.000166635 782857 130.451 14016
0.000165555 981826 162.546 17344
0.000167715 1.2053e+06 202.147 21504
0.000167114 1.5259e+06 255 26912
0.000169754 1.87919e+06 319 33568
0.000180754 2.19998e+06 397.655 41888
0.000178114 2.79593e+06 497.994 52288
0.000180473 3.46344e+06 625.057 65600
0.000182994 4.29046e+06 785.128 82240
0.000182074 5.42933e+06 988.539 103456
0.000186193 6.67064e+06 1242.03 130080
0.000186994 8.36339e+06 1563.9 163360
0.000189394 1.03781e+07 1965.55 205376
0.000194074 1.2712e+07 2467.07 258208
0.000207153 1.50334e+07 3114.2 324768
0.000212153 1.84366e+07 3911.39 408384
0.000230072 2.13536e+07 4912.88 514048
0.000240231 2.58403e+07 6207.63 646752
0.000263751 2.95699e+07 7799.08 813984
0.000287269 3.40842e+07 9791.33 1024480
0.000318468 3.88854e+07 12383.7 1289472
0.000354187 4.39149e+07 15554.1 1623104
0.000399346 4.88958e+07 19526.4 2043264
0.000471303 5.24309e+07 24710.8 2572000
0.000561539 5.52544e+07 31027.5 3237600
0.000669335 5.81764e+07 38939.5 4075424
0.000800249 6.16153e+07 49307.6 5130400
0.000958363 6.45862e+07 61897.1 6458688
0.0011618 6.68533e+07 77669.8 8130592
0.00140182 7.01946e+07 98400.6 10235552
0.00174893 7.06064e+07 123486 12885472
0.0021836 7.09493e+07 154925 16221376
0.00276589 7.09751e+07 196309 20421312
0.00357898 6.88365e+07 246365 25708672
0.0046227 6.68513e+07 309034 32365088
0.00591993 6.61383e+07 391534 40744992
0.00764342 6.43064e+07 491521 51294752
0.00967218 6.37321e+07 616428 64575968
0.0124393 6.27752e+07 780880 81295840
0.0156613 6.26119e+07 980581 102345024
0.0197448 6.227e+07 1.22951e+06 128844640
0.0251097 6.2019e+07 1.55728e+06 162205344
0.0315178 6.20622e+07 1.95606e+06 204204288
0.0399483 6.13802e+07 2.45204e+06 257077888
0.0505631 6.14106e+07 3.10511e+06 323641632
0.0636549 6.12855e+07 3.90112e+06 407440256
0.0799558 6.11439e+07 4.88881e+06 512936608
0.100744 6.14353e+07 6.18922e+06 645748768
0.126983 6.12432e+07 7.77683e+06 812949152
0.159659 6.10162e+07 9.7418e+06 1023442240
0.201634 6.114e+07 1.23279e+07 1288437152
0.252932 6.12389e+07 1.54893e+07 1622045856
0.317561 6.1061e+07 1.93906e+07 2042034464
0.400696 6.1195e+07 2.45206e+07 2570768800
0.502542 6.12796e+07 3.07956e+07 3236405824
0.632235 6.09119e+07 3.85106e+07 4074393312
0.792348 6.1382e+07 4.86359e+07 5129356832
1.00175 6.09056e+07 6.10123e+07 6457477184
