# filename: ./acpphint-HoneyComb-65536MiB-threads_16-LP64-FreeBSD_main_n247756_348c41d1815d_64bit-g++_11_O3lto-libstdc++-DSIZE_d-ISIZE_ui-using_4_threads-cpus_kx8_kx8p2n0_1_2_8_10.txt
# acpphint_main version: 0.1.24

0.000167595 89501.5 15 1824
0.000167475 113446 18.9994 2208
0.000167514 137295 22.9989 2592
0.000164435 164192 26.9989 2976
0.000166074 186655 30.9985 3360
0.000166274 234541 38.9981 4128
0.000166954 281502 46.9978 4896
0.000169595 346684 58.7958 6048
0.000167034 421031 70.3266 7200
0.000164074 526870 86.4457 8736
0.000168835 631579 106.633 10656
0.000169514 769452 130.433 12960
0.000169514 958698 162.513 16032
0.000165114 1.22401e+06 202.101 19872
0.000169794 1.50136e+06 254.922 24864
0.000175474 1.81727e+06 318.884 31008
0.000181354 2.19165e+06 397.465 38688
0.000179594 2.77124e+06 497.697 48288
0.000179554 3.4786e+06 624.596 60576
0.000178114 4.40413e+06 784.438 75936
0.000188513 5.237e+06 987.242 95520
0.000190673 6.50282e+06 1239.91 120096
0.000193353 8.07101e+06 1560.55 150816
0.000200154 9.79333e+06 1960.17 189600
0.000208473 1.17939e+07 2458.71 238368
0.000215272 1.44032e+07 3100.6 299808
0.000230992 1.68375e+07 3889.33 376992
0.000244511 1.99506e+07 4878.14 474528
0.000246471 2.49609e+07 6152.14 597024
0.00026947 2.86184e+07 7711.8 751392
0.000300469 3.21257e+07 9652.77 945696
0.000334388 3.63762e+07 12163.8 1190304
0.000385146 3.94874e+07 15208.4 1498272
