# filename: ./acpphint-HoneyComb-65536MiB-threads_16-LP64-FreeBSD_main_n247756_348c41d1815d_64bit-clang++_12_O3lto-libc++-cpulockdown-DSIZE_s-ISIZE_s-using_1_threads.txt
# acpphint_main version: 0.1.24

9.16875e-08 1.09066e+07 1 124
1.31281e-07 1.50777e+07 1.97942 150
1.73375e-07 1.70514e+07 2.95628 176
2.16842e-07 1.80245e+07 3.90847 202
2.57562e-07 1.88783e+07 4.86235 228
2.96962e-07 1.96328e+07 5.83019 254
3.43417e-07 1.9636e+07 6.74332 280
4.22278e-07 2.02657e+07 8.55776 332
5.075e-07 2.04076e+07 10.3569 384
6.33333e-07 2.05111e+07 12.9903 462
7.561e-07 2.05018e+07 15.5014 540
9.35e-07 2.00726e+07 18.7679 644
1.14017e-06 1.99424e+07 22.7377 774
1.4e-06 1.94178e+07 27.1849 930
1.73e-06 1.88869e+07 32.6744 1138
2.1405e-06 1.83239e+07 39.2222 1398
2.6805e-06 1.74112e+07 46.6708 1736
3.3405e-06 1.64127e+07 54.8265 2152
4.161e-06 1.53998e+07 64.0787 2672
5.201e-06 1.42237e+07 73.9773 3322
