# filename: ./acpphint-HoneyComb-65536MiB-threads_16-LP64-FreeBSD_main_n262658_b347c2284603_64bit-g++_13_O3lto-libstdc++-DSIZE_ul-ISIZE_ul-using_6_threads.txt
# acpphint_main version: 0.1.34

0.000180954 127104 23 2928
0.000172835 167790 29 3552
0.000172515 202881 35 4176
0.000177155 231436 41 4800
0.000176234 266691 47 5424
0.000175475 336230 59 6672
0.000173314 409661 71 7920
0.000176835 501409 88.6667 9792
0.000178435 593433 105.889 11664
0.000174754 744424 130.091 14160
0.000175554 913702 160.404 17280
0.000174435 1.12415e+06 196.091 21024
0.000172195 1.41844e+06 244.247 26016
0.000178554 1.70022e+06 303.581 32256
0.000179115 2.13829e+06 383 40368
0.000184274 2.59939e+06 479 50352
0.000183674 3.24904e+06 596.764 62832
0.000182394 4.09727e+06 747.317 78432
0.000186594 5.02553e+06 937.734 98400
0.000185434 6.35208e+06 1177.89 123360
0.000186474 7.95224e+06 1482.89 155184
0.000192874 9.65731e+06 1862.64 195120
0.000194034 1.209e+07 2345.86 245040
0.000201473 1.46317e+07 2947.89 308064
0.000203593 1.81685e+07 3698.98 387312
0.000210473 2.21931e+07 4671.04 487152
0.000219033 2.67795e+07 5865.6 612576
0.000231472 3.18188e+07 7365.16 771072
0.000246752 3.77334e+07 9310.78 970128
0.000267351 4.37442e+07 11695.1 1220976
0.000286231 5.12789e+07 14677.6 1536720
0.000317269 5.85444e+07 18574.3 1934208
0.000352989 6.60738e+07 23323.3 2434656
0.000408626 7.16287e+07 29269.3 3064896
0.000463064 8.0041e+07 37064.1 3858000
0.000540901 8.60135e+07 46524.8 4856400
0.000635058 9.19075e+07 58366.6 6113136
0.000764493 9.67419e+07 73958.5 7695600
0.000909328 1.02066e+08 92811.6 9688032
0.00109048 1.06756e+08 116415 12195888
0.00135831 1.08663e+08 147598 15353328
0.00187125 9.89488e+07 185158 19328208
0.00262595 8.84254e+07 232200 24332064
0.00357447 8.23762e+07 294451 30631968
0.00483631 7.63806e+07 369400 38563008
0.00641269 7.22253e+07 463158 48547632
0.00833674 7.04397e+07 587238 61117488
0.0108103 6.81726e+07 736966 76942128
0.0138991 6.6465e+07 923806 96863952
0.0172753 6.77899e+07 1.17109e+06 121943760
0.0226065 6.50326e+07 1.47016e+06 153517536
0.0279611 6.58925e+07 1.84243e+06 193266960
0.0365106 6.39586e+07 2.33517e+06 243308016
0.0461541 6.35336e+07 2.93234e+06 306306432
0.0585227 6.27755e+07 3.67379e+06 385616832
0.0717982 6.48367e+07 4.65516e+06 485462448
0.0931068 6.27973e+07 5.84686e+06 611160384
0.117455 6.23433e+07 7.32251e+06 769404912
0.142932 6.48923e+07 9.27519e+06 968623152
0.180154 6.46692e+07 1.16504e+07 1219423728
0.227742 6.40327e+07 1.45829e+07 1535163360
0.297886 6.1973e+07 1.84609e+07 1932655728
0.374029 6.19837e+07 2.31837e+07 2433068784
0.455282 6.3683e+07 2.89937e+07 3063051696
0.573732 6.39083e+07 3.66662e+07 3856153200
0.747668 6.15407e+07 4.6012e+07 4854608736
0.941955 6.09951e+07 5.74547e+07 6111589968
1.14515 6.33291e+07 7.25212e+07 7694035248
