# filename: ./acpphint-HoneyComb-65536MiB-threads_16-LP64-FreeBSD_main_n264334_215bab7924f6_64bit-clang++_16_O3lto-libc++-cpulockdown-DSIZE_ul-ISIZE_ul-using_1_threads-cpus_6.txt
# acpphint_main version: 0.1.35

8.07455e-08 1.23846e+07 1 280
1.13541e-07 1.76149e+07 2 384
1.5113e-07 1.98505e+07 3 488
1.90909e-07 2.09524e+07 4 592
2.25583e-07 2.21648e+07 5 696
2.61367e-07 2.29563e+07 6 800
3.00038e-07 2.33303e+07 7 904
3.70955e-07 2.42617e+07 9 1112
4.42278e-07 2.48712e+07 11 1320
5.60071e-07 2.49968e+07 14 1632
6.70083e-07 2.537e+07 17 1944
8.242e-07 2.54793e+07 21 2360
1e-06 2.6e+07 26 2880
1.22017e-06 2.62259e+07 32 3504
1.52025e-06 2.63115e+07 40 4336
1.88025e-06 2.65922e+07 50 5376
2.36e-06 2.66949e+07 63 6728
2.9405e-06 2.68662e+07 79 8392
3.6805e-06 2.68985e+07 99 10472
4.601e-06 2.69507e+07 124 13072
5.761e-06 2.70786e+07 156 16400
7.241e-06 2.70681e+07 196 20560
9.081e-06 2.71996e+07 247 25864
1.1601e-05 2.6808e+07 311 32520
1.456e-05 2.68544e+07 391 40840
1.8481e-05 2.66219e+07 492 51344
2.4e-05 2.57917e+07 619 64552
3.04e-05 2.5625e+07 779 81192
3.8239e-05 2.56283e+07 980 102096
4.8919e-05 2.52254e+07 1234 128512
6.0759e-05 2.556e+07 1553 161688
7.7758e-05 2.51421e+07 1955 203496
9.8077e-05 2.50925e+07 2461 256120
0.000123476 2.50899e+07 3098 322368
0.000156075 2.4988e+07 3900 405776
0.000197074 2.49145e+07 4909.99 510816
0.000248671 2.48561e+07 6180.99 643000
0.00031159 2.49719e+07 7780.99 809400
0.000394426 2.48335e+07 9794.98 1018856
0.000502463 2.4541e+07 12331 1282600
0.000632978 2.45253e+07 15523.9 1614672
0.000813891 2.40117e+07 19542.9 2032648
0.00101704 2.41906e+07 24602.9 2558888
0.00130039 2.3818e+07 30972.8 3221368
0.00164606 2.36879e+07 38991.6 4055344
0.00206224 2.38029e+07 49087.4 5105328
0.00259499 2.38141e+07 61797.1 6427168
0.00326856 2.38018e+07 77797.6 8091272
0.00418601 2.33972e+07 97940.8 10186248
0.00555144 2.22104e+07 123299 12823688
0.00703318 2.20702e+07 155223 16143992
0.00904779 2.15978e+07 195412 20323960
0.011447 2.14908e+07 246006 25586256
0.0146385 2.11564e+07 309699 32211160
0.0191033 2.0409e+07 389880 40551336
0.024866 1.97385e+07 490818 51051072
0.0311453 1.98388e+07 617885 64269472
0.0392327 1.98264e+07 777842 80910408
0.049666 1.97157e+07 979199 101860064
0.063088 1.95388e+07 1.23267e+06 128234152
0.0808651 1.9189e+07 1.55172e+06 161437192
0.100305 1.94738e+07 1.95331e+06 203237288
0.125809 1.95438e+07 2.45879e+06 255860560
0.158454 1.95324e+07 3.09497e+06 322109288
0.199909 1.9487e+07 3.89561e+06 405511464
0.251682 1.94814e+07 4.90313e+06 510508616
0.312765 1.973e+07 6.17085e+06 642692200
0.391949 1.98132e+07 7.76575e+06 809101456
0.499053 1.95809e+07 9.77193e+06 1018598328
0.626324 1.96302e+07 1.22949e+07 1282339208
0.801402 1.92998e+07 1.54669e+07 1614369296
0.98758 1.96982e+07 1.94535e+07 2032370464
1.2517 1.95429e+07 2.44618e+07 2558602768
