# filename: ./acpphint-HoneyComb-65536MiB-threads_16-LP64-FreeBSD_main_n247756_348c41d1815d_64bit-clang++_12_O3lto-libc++-DSIZE_f-ISIZE_ui-using_8_threads.txt
# acpphint_main version: 0.1.24

0.000225353 137527 30.9922 2240
0.000229473 169875 38.9817 2656
0.000228712 205384 46.9737 3072
0.000240912 228102 54.9524 3488
0.000225912 278594 62.9377 3904
0.000233152 338311 78.878 4736
0.000231552 409593 94.8421 5568
0.000227192 520774 118.316 6816
0.000227793 619410 141.097 8064
0.000225233 769127 173.233 9728
0.000226032 944708 213.534 11808
0.000231112 1.12797e+06 260.688 14304
0.000231312 1.40247e+06 324.408 17632
0.000249592 1.61171e+06 402.269 21792
0.000232832 2.17444e+06 506.278 27200
0.000236272 2.66861e+06 630.518 33856
0.000236632 3.30353e+06 781.72 42176
0.000238513 4.08041e+06 973.23 52576
