# filename: ./acpphint-HoneyComb-65536MiB-threads_16-LP64-FreeBSD_main_n264334_215bab7924f6_64bit-clang++_16_O3lto-libc++-cpulockdown-DSIZE_ul-ISIZE_ul-using_2_threads-cpus_2_10.txt
# acpphint_main version: 0.1.35

9.1558e-05 76454.3 7 976
9.2957e-05 96819 9 1184
9.1158e-05 120670 11 1392
9.2598e-05 140392 13 1600
9.1518e-05 163902 15 1808
9.2478e-05 205454 19 2224
9.2998e-05 247317 23 2640
9.0398e-05 320067 28.9334 3264
9.0957e-05 382362 34.7785 3888
9.1238e-05 469306 42.8186 4720
9.3757e-05 564038 52.8825 5760
9.3597e-05 692478 64.8139 7008
9.3437e-05 865251 80.8465 8672
9.3557e-05 1.07651e+06 100.715 10752
9.3877e-05 1.35283e+06 127 13456
9.4357e-05 1.68509e+06 159 16784
9.6558e-05 2.05625e+06 198.548 20944
9.5038e-05 2.61652e+06 248.668 26144
9.6557e-05 3.23508e+06 312.369 32800
9.8117e-05 3.99899e+06 392.369 41120
0.000101277 4.87956e+06 494.187 51728
0.000102397 6.06836e+06 621.382 65040
0.000105397 7.41914e+06 781.955 81680
0.000109797 8.95467e+06 983.196 102688
0.000114317 1.08043e+07 1235.11 129104
0.000121277 1.28415e+07 1557.38 162384
0.000129516 1.51113e+07 1957.15 204192
0.000140476 1.75153e+07 2460.47 257024
0.000152476 2.03606e+07 3104.51 323376
0.000169554 2.30196e+07 3903.07 406992
0.000190794 2.57074e+07 4904.82 512240
0.000216913 2.85515e+07 6193.19 644736
0.000249752 3.117e+07 7784.78 811552
0.00029243 3.34537e+07 9782.87 1021632
0.000349148 3.53934e+07 12357.5 1286000
0.000423905 3.66355e+07 15530 1618800
0.000518782 3.761e+07 19511.4 2037712
0.000630898 3.90816e+07 24656.5 2565200
0.000772172 4.01232e+07 30982 3229344
0.000949966 4.09717e+07 38921.7 4065296
0.00116492 4.22367e+07 49202.3 5117776
0.00143047 4.32105e+07 61811.3 6442736
0.00178126 4.35887e+07 77642.6 8110688
0.00229232 4.28226e+07 98162.9 10210656
0.00288929 4.26824e+07 123322 12854336
0.00372022 4.16348e+07 154891 16182544
0.00486362 4.02604e+07 195811 20372496
0.00617321 3.98573e+07 246048 25647376
0.00799287 3.86585e+07 308992 32287984
0.0102247 3.82009e+07 390591 40647920
0.013038 3.7651e+07 490894 51172512
0.0165698 3.71997e+07 616392 64422320
0.0208446 3.73764e+07 779097 81102672
0.027018 3.6248e+07 979346 102102144
0.0339426 3.62239e+07 1.22953e+06 128538944
0.0421126 3.6899e+07 1.55391e+06 161820816
0.0534659 3.65394e+07 1.95361e+06 203720128
0.0675445 3.63057e+07 2.45225e+06 256468304
0.0849804 3.64642e+07 3.09874e+06 322874384
0.10531 3.69977e+07 3.89624e+06 406474576
0.135495 3.60867e+07 4.88954e+06 511721120
0.166754 3.70438e+07 6.17721e+06 644218576
0.211195 3.6777e+07 7.76712e+06 811022928
0.259968 3.74809e+07 9.74384e+06 1021017232
0.332727 3.69832e+07 1.23053e+07 1285384400
0.412891 3.74672e+07 1.54699e+07 1618202912
0.532582 3.64184e+07 1.93958e+07 2037196656
0.653985 3.74294e+07 2.44783e+07 2564678416
0.834701 3.68479e+07 3.0757e+07 3228738592
1.03088 3.73688e+07 3.85229e+07 4064740928
