# filename: ./acpphint-HoneyComb-65536MiB-threads_16-LP64-FreeBSD_main_n262658_b347c2284603_64bit-g++_13_O3lto-libstdc++-cpulockdown-DSIZE_ull-ISIZE_ull-using_8_threads.txt
# acpphint_main version: 0.1.34

0.000221553 139921 31 3904
0.000214554 181772 39 4736
0.000220913 212753 47 5568
0.000224513 244975 55 6400
0.000218793 287943 63 7232
0.000221273 357025 79 8896
0.000225033 422160 95 10560
0.000227993 519899 118.533 13056
0.000218033 648731 141.445 15552
0.000221193 785411 173.727 18880
0.000218353 980817 214.164 23040
0.000216754 1.20751e+06 261.732 28032
0.000223913 1.4557e+06 325.949 34688
0.000213833 1.89407e+06 405.014 43008
0.000217793 2.34626e+06 511 53824
0.000218953 2.91843e+06 639 67136
0.000219713 3.62234e+06 795.875 83776
0.000228033 4.37059e+06 996.639 104576
0.000223393 5.59735e+06 1250.41 131200
0.000225353 6.96977e+06 1570.66 164480
0.000224033 8.82563e+06 1977.23 206912
0.000226112 1.09824e+07 2483.26 260160
0.000228512 1.36878e+07 3127.82 326720
0.000231593 1.69704e+07 3930.23 410752
0.000239113 2.06215e+07 4930.87 516416
0.000241993 2.57358e+07 6227.89 649536
0.000249072 3.13958e+07 7819.82 816768
0.000263552 3.72504e+07 9817.41 1028096
0.000273272 4.5427e+07 12413.9 1293504
0.000293591 5.31046e+07 15591 1627968
0.00031451 6.22041e+07 19563.8 2048960
0.000343549 7.20854e+07 24764.9 2578944
0.000368668 8.43374e+07 31092.5 3246208
0.000410987 9.49231e+07 39012.1 4086528
0.000464264 1.06442e+08 49417.3 5144000
0.000544621 1.13881e+08 62022 6475200
0.000641458 1.21276e+08 77793.3 8150848
0.000772893 1.27585e+08 98609.2 10260800
0.000929527 1.33106e+08 123726 12917376
0.00113248 1.37009e+08 155160 16261184
0.00156755 1.25543e+08 196794 20471104
0.00230096 1.07272e+08 246829 25770944
0.00325312 9.51308e+07 309472 32442752
0.00440968 8.90288e+07 392589 40842624
0.00584563 8.42387e+07 492428 51417344
0.00763381 8.08601e+07 617270 64730176
0.00990565 7.90381e+07 782923 81489984
0.0127642 7.69637e+07 982382 102589504
0.0163339 7.53729e+07 1.23114e+06 129151936
0.0208369 7.49264e+07 1.56124e+06 162591680
0.0265155 7.39047e+07 1.95962e+06 204690048
0.0336439 7.2975e+07 2.45516e+06 257689280
0.0426793 7.29341e+07 3.11277e+06 324410688
0.0539651 7.24203e+07 3.90817e+06 408408576
0.0683203 7.16455e+07 4.89484e+06 514155776
0.0860707 7.20813e+07 6.20409e+06 647283264
0.108876 7.15572e+07 7.79083e+06 814880512
0.137056 7.11639e+07 9.75343e+06 1025873216
0.172908 7.1464e+07 1.23567e+07 1291497536
0.218041 7.11656e+07 1.5517e+07 1625898304
0.274881 7.06235e+07 1.9413e+07 2046884480
0.345925 7.10452e+07 2.45763e+07 2576874304
0.434966 7.09262e+07 3.08505e+07 3244091712
0.548003 7.03531e+07 3.85537e+07 4084068928
0.690312 7.06099e+07 4.87428e+07 5141537600
0.868999 7.0334e+07 6.11202e+07 6472811648
1.09607 6.95492e+07 7.62307e+07 8148786624
