# filename: ./acpphint-HoneyComb-65536MiB-threads_16-LP64-FreeBSD_main_n247756_348c41d1815d_64bit-clang++_12_O3-libc++-DSIZE_ul-ISIZE_ul-using_1_threads-cpus_6.txt
# acpphint_main version: 0.1.24

8.52283e-08 1.17332e+07 1 280
1.29048e-07 1.54981e+07 2 384
1.73065e-07 1.73345e+07 3 488
2.17806e-07 1.8365e+07 4 592
2.61367e-07 1.91302e+07 5 696
3.06192e-07 1.95955e+07 6 800
3.50955e-07 1.99456e+07 7 904
4.4e-07 2.04545e+07 9 1112
5.28643e-07 2.0808e+07 11 1320
6.60083e-07 2.12094e+07 14 1632
7.921e-07 2.14619e+07 17 1944
9.75125e-07 2.15357e+07 21 2360
1.20017e-06 2.16637e+07 26 2880
1.46025e-06 2.19141e+07 32 3504
1.81025e-06 2.20964e+07 40 4336
2.2605e-06 2.2119e+07 50 5376
2.8205e-06 2.23365e+07 63 6728
3.5405e-06 2.23132e+07 79 8392
4.401e-06 2.24949e+07 99 10472
5.521e-06 2.24597e+07 124 13072
6.921e-06 2.25401e+07 156 16400
8.681e-06 2.2578e+07 196 20560
1.0921e-05 2.2617e+07 247 25864
1.384e-05 2.24711e+07 311 32520
1.7361e-05 2.25217e+07 391 40840
2.204e-05 2.2323e+07 492 51344
2.84e-05 2.17958e+07 619 64552
3.528e-05 2.20805e+07 779 81192
4.4839e-05 2.1856e+07 980 102096
5.7199e-05 2.15738e+07 1234 128512
7.2518e-05 2.14154e+07 1553 161688
9.1958e-05 2.12597e+07 1955 203496
0.000114197 2.15505e+07 2461 256120
0.000144796 2.13956e+07 3098 322368
0.000181834 2.14481e+07 3900 405776
0.000232632 2.11063e+07 4909.99 510816
0.00029295 2.10991e+07 6180.99 643000
0.000364587 2.13419e+07 7780.99 809400
0.000463143 2.11489e+07 9794.98 1018856
0.000582899 2.11545e+07 12331 1282600
0.000748132 2.07503e+07 15523.9 1614672
0.000947685 2.06217e+07 19542.9 2032648
0.00119828 2.05319e+07 24602.9 2558888
0.00151274 2.04746e+07 30972.8 3221368
0.00191001 2.04144e+07 38991.6 4055344
0.00240759 2.03886e+07 49087.4 5105328
0.00301257 2.05131e+07 61797.1 6427168
0.00377402 2.0614e+07 77797.6 8091272
0.00485121 2.01889e+07 97940.8 10186248
0.00614653 2.006e+07 123299 12823688
0.0078787 1.97017e+07 155223 16143992
0.00996742 1.96051e+07 195412 20323960
0.0126062 1.95147e+07 246006 25586256
0.0161107 1.92231e+07 309699 32211160
0.0207502 1.87892e+07 389880 40551336
0.026061 1.88335e+07 490818 51051072
0.0329002 1.87806e+07 617885 64269472
0.0413736 1.88005e+07 777842 80910408
0.0525514 1.86332e+07 979199 101860064
0.0662321 1.86113e+07 1.23267e+06 128234152
0.0826172 1.8782e+07 1.55172e+06 161437192
0.103867 1.88059e+07 1.95331e+06 203237288
0.132122 1.86099e+07 2.45879e+06 255860560
0.165026 1.87544e+07 3.09497e+06 322109288
0.208423 1.86909e+07 3.89561e+06 405511464
0.262344 1.86897e+07 4.90313e+06 510508616
0.330827 1.86528e+07 6.17085e+06 642692200
0.416444 1.86478e+07 7.76575e+06 809101456
0.525342 1.86011e+07 9.77193e+06 1018598328
0.656677 1.87229e+07 1.22949e+07 1282339208
0.825882 1.87277e+07 1.54669e+07 1614369296
1.01794 1.91106e+07 1.94535e+07 2032370464
