# filename: ./acpphint-HoneyComb-65536MiB-threads_16-LP64-FreeBSD_main_n247756_348c41d1815d_64bit-clang++_12_O3lto-libc++-cpulockdown-DSIZE_f-ISIZE_ui-using_1_threads.txt
# acpphint_main version: 0.1.24

1.143e-07 8.75318e+06 1.00049 176
1.73935e-07 1.15017e+07 2.00055 228
2.31794e-07 1.29467e+07 3.00098 280
2.91429e-07 1.37281e+07 4.00076 332
3.49136e-07 1.43242e+07 5.0011 384
4.0605e-07 1.47802e+07 6.00149 436
4.65062e-07 1.50559e+07 7.00195 488
5.80071e-07 1.5518e+07 9.00152 592
6.961e-07 1.58023e+07 11 696
8.70125e-07 1.60896e+07 14 852
1.04683e-06 1.62371e+07 16.9975 1008
1.28017e-06 1.64041e+07 21 1216
1.57025e-06 1.65543e+07 25.9944 1476
1.92025e-06 1.6658e+07 31.9875 1788
2.4e-06 1.66586e+07 39.9807 2204
2.98e-06 1.67619e+07 49.9504 2724
3.7205e-06 1.69164e+07 62.9376 3400
4.681e-06 1.68508e+07 78.8784 4232
5.841e-06 1.69167e+07 98.8103 5272
7.281e-06 1.69979e+07 123.762 6572
9.121e-06 1.70574e+07 155.581 8236
1.1441e-05 1.70835e+07 195.452 10316
1.44e-05 1.70885e+07 246.074 12968
1.816e-05 1.70456e+07 309.548 16296
2.276e-05 1.70785e+07 388.706 20456
2.864e-05 1.7028e+07 487.683 25708
3.604e-05 1.69638e+07 611.374 32312
4.5759e-05 1.67195e+07 765.065 40632
5.7799e-05 1.65624e+07 957.287 51084
7.3558e-05 1.62797e+07 1197.5 64292
9.2838e-05 1.61238e+07 1496.9 80880
0.000118116 1.58204e+07 1868.64 101784
0.000149555 1.55104e+07 2319.66 128096
0.000189033 1.5209e+07 2875.01 161220
0.000238992 1.48671e+07 3553.12 202924
