# filename: ./acpphint-HoneyComb-65536MiB-threads_16-LP64-FreeBSD_main_n247756_348c41d1815d_64bit-g++_11_O3lto-libc++-DSIZE_d-ISIZE_ui-using_8_threads-cpus_kx2s_0_14.txt
# acpphint_main version: 0.1.24

0.000197993 156564 30.9985 3648
0.000206833 188549 38.9981 4416
0.000215713 217872 46.9978 5184
0.000200433 274391 54.997 5952
0.000200833 313669 62.9951 6720
0.000202313 390446 78.9924 8256
0.000209793 452780 94.9901 9792
0.000204633 579174 118.518 12096
0.000207273 682320 141.427 14400
0.000204113 850955 173.691 17472
0.000207913 1.02979e+06 214.106 21312
0.000202513 1.29201e+06 261.649 25920
0.000198114 1.64465e+06 325.828 32064
0.000202314 2.00091e+06 404.813 39744
0.000207393 2.46242e+06 510.688 49728
0.000201553 3.16802e+06 638.524 62016
0.000206113 3.85782e+06 795.147 77376
0.000203713 4.88597e+06 995.336 96576
0.000211273 5.90846e+06 1248.3 121152
0.000214193 7.31721e+06 1567.29 151872
0.000210993 9.34517e+06 1971.77 191040
0.000214913 1.15137e+07 2474.44 240192
0.000218632 1.42426e+07 3113.88 301632
0.000227712 1.71621e+07 3908.02 379200
0.000234232 2.09013e+07 4895.74 476736
0.000242952 2.54028e+07 6171.66 599616
0.000240032 3.22145e+07 7732.52 753984
0.000250911 3.85796e+07 9680.04 949056
0.000267151 4.56398e+07 12192.7 1194048
0.000309029 4.93349e+07 15245.9 1502784
