# filename: ./acpphint-HoneyComb-65536MiB-threads_16-LP64-FreeBSD_main_n247756_348c41d1815d_64bit-clang++_12_O3lto-libc++-DSIZE_ld-ISIZE_ull-using_4_threads-cpus_kx8p1_kx8p3w0_0_3_9_11.txt
# acpphint_main version: 0.1.24

0.000119796 125213 15 3360
0.000126676 149989 19 4128
0.000118436 194198 23 4896
0.000119397 226136 27 5664
0.000121356 255447 31 6432
0.000120716 323072 39 7968
0.000122236 384502 47 9504
0.000129796 453019 58.8001 11808
0.000127596 551223 70.3339 14112
0.000141635 610406 86.4548 17184
0.000148795 716716 106.644 21024
0.000164915 791022 130.451 25632
0.000179194 907096 162.546 31776
0.000199594 1.01279e+06 202.147 39456
0.000222512 1.14601e+06 255 49440
0.00026199 1.2176e+06 319 61728
0.00028635 1.3887e+06 397.655 77088
0.000331668 1.50148e+06 497.994 96288
0.000391826 1.59524e+06 625.057 120864
0.000457664 1.71551e+06 785.128 151584
0.000562539 1.75728e+06 988.539 190752
0.000679134 1.82884e+06 1242.03 239904
0.000831208 1.88148e+06 1563.9 301344
0.00102244 1.92241e+06 1965.55 378912
0.00124019 1.98927e+06 2467.08 476448
0.00154858 2.01101e+06 3114.21 599328
0.00191009 2.04776e+06 3911.39 753696
0.00238187 2.06262e+06 4912.88 948768
0.00297332 2.08778e+06 6207.64 1193760
0.00371542 2.09912e+06 7799.09 1502496
0.00466506 2.09887e+06 9791.35 1891104
0.00586105 2.11289e+06 12383.8 2380320
0.00736295 2.11249e+06 15554.1 2996256
0.009218 2.11829e+06 19526.4 3771936
0.0116121 2.12803e+06 24711 4748064
0.0146653 2.11571e+06 31027.7 5976864
0.0185996 2.09359e+06 38939.8 7523616
0.0235097 2.09735e+06 49308.1 9471264
0.0298336 2.07477e+06 61897.9 11923488
0.0380173 2.04304e+06 77671 15010080
0.0484815 2.0297e+06 98402.6 18896160
0.0619191 1.99436e+06 123489 23788320
0.0785605 1.97211e+06 154930 29946912
0.0998634 1.96586e+06 196318 37700640
0.126783 1.9433e+06 246377 47461920
0.160707 1.92309e+06 309054 59750688
0.203434 1.92478e+06 391566 75221280
0.257288 1.91059e+06 491572 94697760
0.326497 1.88825e+06 616508 119216928
0.410525 1.90246e+06 781008 150084384
0.517907 1.89374e+06 980783 188944416
0.655563 1.87599e+06 1.22983e+06 237866784
0.827232 1.88313e+06 1.55779e+06 299455776
1.03985 1.88187e+06 1.95687e+06 376992288
