# filename: ./acpphint-HoneyComb-65536MiB-threads_16-LP64-FreeBSD_main_n264334_215bab7924f6_64bit-clang++_16_O3lto-libc++-cpulockdown-DSIZE_ul-ISIZE_ul-using_14_threads.txt
# acpphint_main version: 0.1.35

0.000342628 160524 55 6832
0.000352348 195829 69 8288
0.000351068 236421 83 9744
0.000356748 271901 97 11200
0.000354868 312792 111 12656
0.000351509 395438 139 15568
0.000347109 481117 167 18480
0.000335949 619539 208.133 22848
0.000354588 699717 248.111 27216
0.000356108 855461 304.636 33040
0.000338869 1.10793e+06 375.444 40320
0.000338709 1.35412e+06 458.654 49056
0.000350068 1.63127e+06 571.055 60704
0.000343668 2.06396e+06 709.316 75264
0.000352709 2.5375e+06 895 94192
0.000348269 3.21303e+06 1119 117488
0.000349309 3.98846e+06 1393.21 146608
0.000356428 4.89469e+06 1744.6 183008
0.000351628 6.2237e+06 2188.43 229600
0.000363667 7.55899e+06 2748.96 287840
0.000357588 9.67668e+06 3460.27 362096
0.000364988 1.19047e+07 4345.08 455280
0.000357068 1.53296e+07 5473.71 571760
0.000373667 1.84047e+07 6877.24 718816
0.000361988 2.38309e+07 8626.51 903728
0.000390867 2.78827e+07 10898.4 1136688
0.000405066 3.37783e+07 13682.4 1429344
0.000398627 4.30832e+07 17174.1 1799168
0.000430106 5.0507e+07 21723.4 2263632
0.000431265 6.32531e+07 27278.9 2848944
0.000460064 7.43859e+07 34222.3 3585680
0.000496022 8.73681e+07 43336.5 4513152
0.000542701 1.00239e+08 54399.9 5680864
0.000612739 1.11369e+08 68240.2 7151424
0.000680016 1.27169e+08 86476.6 9002000
0.000782212 1.38726e+08 108513 11331600
0.000885649 1.53641e+08 136072 14263984
0.0012692 1.3596e+08 172559 17956400
0.00196269 1.1029e+08 216465 22605408
0.00283838 9.56138e+07 271388 28457072
0.00388242 8.87013e+07 344375 35824432
0.00511677 8.43951e+07 431830 45099152
0.00672079 8.05367e+07 541270 56774816
0.00873072 7.86847e+07 686974 71474592
0.0111927 7.69674e+07 861470 89980352
0.014396 7.49889e+07 1.07954e+06 113277808
0.018295 7.4877e+07 1.36987e+06 142607472
0.0232718 7.38432e+07 1.71846e+06 179531632
0.0296494 7.26107e+07 2.15286e+06 226015888
0.0374493 7.29316e+07 2.73124e+06 284535440
0.0475497 7.20793e+07 3.42735e+06 358207584
0.0600936 7.14271e+07 4.29231e+06 450956240
0.0760623 7.15716e+07 5.4439e+06 567718704
0.0959026 7.12494e+07 6.83301e+06 714715008
0.121223 7.05627e+07 8.55381e+06 899772608
0.152629 7.10492e+07 1.08442e+07 1132745712
0.192771 7.06134e+07 1.36122e+07 1426040896
0.242495 7.02267e+07 1.70296e+07 1795278128
0.305999 7.05059e+07 2.15747e+07 2260120688
0.384836 7.03549e+07 2.70751e+07 2845322032
0.486226 6.95934e+07 3.38382e+07 3582047840
0.611117 7.0065e+07 4.28179e+07 4509530032
0.769395 6.97777e+07 5.36866e+07 5677160496
0.968435 6.91611e+07 6.6978e+07 7147120624
1.22079 6.92706e+07 8.45651e+07 8997690800
