# filename: ./acpphint-HoneyComb-65536MiB-threads_16-LP64-FreeBSD_main_n247756_348c41d1815d_64bit-clang++_12_O3-libc++-DSIZE_ld-ISIZE_ul-using_4_threads-cpus_kx8_kx8p2_0_2_8_10.txt
# acpphint_main version: 0.1.24

0.000105716 141890 15 3360
0.000106477 178442 19 4128
0.000107357 214238 23 4896
0.000107716 250659 27 5664
0.000107317 288864 31 6432
0.000109877 354942 39 7968
0.000114957 408849 47 9504
0.000109597 536512 58.8001 11808
0.000114596 613755 70.3339 14112
0.000122397 706348 86.4548 17184
0.000128077 832653 106.644 21024
0.000141636 921033 130.451 25632
0.000165195 983965 162.546 31776
0.000180074 1.12258e+06 202.147 39456
0.000198034 1.28766e+06 255 49440
0.000223792 1.42543e+06 319 61728
0.000260471 1.52668e+06 397.655 77088
0.000304709 1.63433e+06 497.994 96288
0.000348508 1.79352e+06 625.057 120864
0.000419665 1.87084e+06 785.128 151584
0.000498462 1.98318e+06 988.539 190752
0.000604858 2.05342e+06 1242.03 239904
0.000735253 2.12703e+06 1563.9 301344
0.000903566 2.17532e+06 1965.55 378912
0.00111908 2.20456e+06 2467.08 476448
0.00137811 2.25977e+06 3114.21 599328
0.00170142 2.2989e+06 3911.39 753696
0.002111 2.32728e+06 4912.88 948768
0.00264646 2.34564e+06 6207.64 1193760
0.00330739 2.35808e+06 7799.09 1502496
0.00413848 2.36593e+06 9791.35 1891104
0.00519792 2.38245e+06 12383.8 2380320
0.00652399 2.38414e+06 15554.1 2996256
0.00818377 2.386e+06 19526.4 3771936
0.0103024 2.39855e+06 24711 4748064
0.0129319 2.39931e+06 31027.7 5976864
0.0162329 2.39882e+06 38939.8 7523616
0.0204361 2.41279e+06 49308.1 9471264
0.0257042 2.40808e+06 61897.9 11923488
0.0322942 2.40511e+06 77671 15010080
0.0405848 2.42462e+06 98402.6 18896160
0.0511031 2.41647e+06 123489 23788320
0.0644482 2.40394e+06 154930 29946912
0.0811913 2.41796e+06 196318 37700640
0.10214 2.41214e+06 246377 47461920
0.128732 2.40076e+06 309054 59750688
0.161691 2.42169e+06 391566 75221280
0.203337 2.41752e+06 491572 94697760
0.256543 2.40314e+06 616508 119216928
0.322468 2.42197e+06 781008 150084384
0.406648 2.41187e+06 980783 188944416
0.511859 2.40267e+06 1.22983e+06 237866784
0.643963 2.41906e+06 1.55779e+06 299455776
0.810872 2.41329e+06 1.95687e+06 376992288
1.02048 2.40406e+06 2.4533e+06 474605088
