# filename: ./acpphint-HoneyComb-65536MiB-threads_16-LP64-FreeBSD_main_n247756_348c41d1815d_64bit-g++_11_O3lto-libc++-DSIZE_us-ISIZE_s-using_1_threads-cpus_11.txt
# acpphint_main version: 0.1.24

8.00164e-08 1.24974e+07 1 124
1.13025e-07 1.75132e+07 1.97942 150
1.467e-07 2.01519e+07 2.95628 176
1.80042e-07 2.17087e+07 3.90847 202
2.1205e-07 2.29302e+07 4.86235 228
2.44765e-07 2.38196e+07 5.83019 254
2.8e-07 2.40833e+07 6.74332 280
3.43417e-07 2.49195e+07 8.55776 332
4.12e-07 2.5138e+07 10.3569 384
5.07562e-07 2.55936e+07 12.9903 462
6.0675e-07 2.55483e+07 15.5014 540
7.401e-07 2.53586e+07 18.7679 644
9.05125e-07 2.51211e+07 22.7377 774
1.10667e-06 2.45647e+07 27.1849 930
1.38e-06 2.36771e+07 32.6744 1138
1.71025e-06 2.29336e+07 39.2222 1398
2.14e-06 2.18088e+07 46.6708 1736
2.6605e-06 2.06076e+07 54.8265 2152
3.3605e-06 1.90682e+07 64.0787 2672
4.281e-06 1.72804e+07 73.9773 3322
