# filename: ./acpphint-HoneyComb-65536MiB-threads_16-LP64-FreeBSD_main_n247756_348c41d1815d_64bit-g++_11_O3lto-libc++-DSIZE_ui-ISIZE_ui-using_8_threads.txt
# acpphint_main version: 0.1.24

0.000235392 131633 30.9854 2240
0.000245311 158886 38.9766 2656
0.000237311 197910 46.9661 3072
0.000236952 231920 54.9539 3488
0.000234392 268522 62.9395 3904
0.000234752 336118 78.9044 4736
0.000234672 404233 94.8621 5568
0.000235312 502825 118.321 6816
0.000235952 598168 141.139 8064
0.000233952 740602 173.265 9728
0.000242231 881259 213.468 11808
0.000239271 1.08952e+06 260.69 14304
0.000250591 1.29427e+06 324.332 17632
0.000238352 1.68885e+06 402.541 21792
0.000238352 2.1273e+06 507.046 27200
0.000238112 2.65768e+06 632.826 33856
0.000240472 3.26994e+06 786.33 42176
0.000235911 4.16152e+06 981.747 52576
0.000240311 5.10592e+06 1227.01 65888
0.000242351 6.32954e+06 1533.97 82528
0.000245952 7.80379e+06 1919.36 103744
0.000247992 9.64782e+06 2392.58 130368
0.000250831 1.19019e+07 2985.37 163648
0.000255591 1.45082e+07 3708.16 205664
0.000256591 1.78725e+07 4585.92 258496
0.000264591 2.14957e+07 5687.58 325056
0.00027263 2.5628e+07 6986.96 408672
0.00028575 2.98818e+07 8538.72 514336
0.000279271 3.73743e+07 10437.6 647040
0.00029411 4.2826e+07 12595.5 814272
