# filename: ./acpphint-HoneyComb-65536MiB-threads_16-LP64-FreeBSD_main_n247756_348c41d1815d_64bit-clang++_12_O3lto-libc++-DSIZE_f-ISIZE_ui-using_4_threads-cpus_kx4p1_kx4p1w0_0_15.txt
# acpphint_main version: 0.1.24

0.000114957 130484 15 1120
0.000115157 164966 18.9969 1328
0.000115437 199243 23 1536
0.000114957 234819 26.994 1744
0.000114396 270920 30.9922 1952
0.000115197 338392 38.9817 2368
0.000113796 412789 46.9737 2784
0.000113316 518423 58.7456 3408
0.000117556 597477 70.2371 4032
0.000114797 751969 86.3238 4864
0.000113756 936124 106.49 5904
0.000116556 1.11682e+06 130.172 7152
0.000115037 1.40913e+06 162.102 8816
0.000122837 1.64054e+06 201.519 10896
0.000120397 2.10972e+06 254.004 13600
0.000122316 2.59562e+06 317.486 16928
0.000122036 3.23876e+06 395.245 21088
0.000125676 3.9269e+06 493.517 26288
0.000126996 4.85942e+06 617.127 32944
0.000132196 5.83296e+06 771.094 41264
0.000129916 7.43161e+06 965.485 51872
