# filename: ./acpphint-HoneyComb-65536MiB-threads_16-LP64-FreeBSD_main_n247756_348c41d1815d_64bit-clang++_12_O3lto-libc++-DSIZE_d-ISIZE_ul-using_8_threads-cpus_kx4p1_kx4p2w0_0_14.txt
# acpphint_main version: 0.1.24

0.000222032 139620 31 3904
0.000220672 176733 39 4736
0.000218513 215090 47 5568
0.000221353 248472 55 6400
0.000222792 282775 63 7232
0.000221873 356060 79 8896
0.000212873 446275 95 10560
0.000224033 529089 118.533 13056
0.000218273 648018 141.445 15552
0.000226392 767374 173.727 18880
0.000223193 959547 214.164 23040
0.000215473 1.21468e+06 261.732 28032
0.000214673 1.51835e+06 325.949 34688
0.000219472 1.8454e+06 405.014 43008
0.000225432 2.26676e+06 511 53824
0.000220913 2.89254e+06 639 67136
0.000223113 3.56713e+06 795.874 83776
0.000224672 4.43597e+06 996.638 104576
0.000224352 5.57342e+06 1250.41 131200
0.000228672 6.8686e+06 1570.66 164480
0.000239192 8.26628e+06 1977.23 206912
0.000237552 1.04535e+07 2483.25 260160
0.000246711 1.26781e+07 3127.82 326720
0.000262631 1.49648e+07 3930.22 410752
0.000264951 1.86104e+07 4930.85 516416
0.000266831 2.33401e+07 6227.86 649536
0.00028239 2.76914e+07 7819.77 816768
0.00029679 3.30784e+07 9817.34 1028096
0.000320229 3.87654e+07 12413.8 1293504
0.000345988 4.50618e+07 15590.8 1627968
0.000384466 5.08849e+07 19563.5 2048960
0.000424104 5.83923e+07 24764.4 2578944
0.000493743 6.29716e+07 31091.8 3246208
0.000564459 6.91122e+07 39011 4086528
0.000677975 7.28868e+07 49415.5 5144000
0.00080977 7.65884e+07 62019 6475200
0.000979764 7.93952e+07 77788.6 8150848
0.0011698 8.42897e+07 98601.7 10260800
0.00139519 8.86718e+07 123714 12917376
0.00191141 8.1166e+07 155141 16261184
0.00299985 6.55914e+07 196764 20471104
0.00453939 5.43647e+07 246782 25770944
0.00643364 4.80909e+07 309399 32442752
0.0088819 4.41877e+07 392471 40842624
0.0120282 4.09241e+07 492243 51417344
0.0161197 3.8275e+07 616979 64730176
0.0214994 3.63944e+07 782456 81489984
0.0285722 3.43566e+07 981645 102589504
0.0374118 3.28768e+07 1.22998e+06 129151936
0.0493525 3.15968e+07 1.55938e+06 162591680
0.0646369 3.02721e+07 1.9567e+06 204690048
0.0842221 2.90966e+07 2.45057e+06 257689280
0.108995 2.84912e+07 3.10539e+06 324410688
0.140042 2.78241e+07 3.89653e+06 408408576
0.178943 2.72523e+07 4.8766e+06 514155776
0.227692 2.71191e+07 6.17482e+06 647283264
0.289569 2.67456e+07 7.7447e+06 814880512
0.3661 2.64441e+07 9.68119e+06 1025873216
0.462599 2.64612e+07 1.22409e+07 1291497536
0.58397 2.62598e+07 1.53349e+07 1625898304
