# filename: ./acpphint-HoneyComb-65536MiB-threads_16-LP64-FreeBSD_main_n247756_348c41d1815d_64bit-g++_11_O3lto-libstdc++-cpulockdown-DSIZE_f-ISIZE_ui-using_16_threads.txt
# acpphint_main version: 0.1.24

0.000575338 109393 62.9377 4480
0.000545858 144503 78.878 5312
0.000538579 176097 94.8421 6144
0.000557258 198846 110.809 6976
0.000561498 225735 126.75 7808
0.000563818 281186 158.538 9472
0.000551578 345258 190.437 11136
0.000554058 428186 237.24 13632
0.000558139 506137 282.495 16128
0.000556978 622214 346.559 19456
0.000573657 742811 426.119 23616
0.000565898 917778 519.369 28608
0.000560139 1.15006e+06 644.191 35264
0.000557698 1.42794e+06 796.358 43584
