# filename: ./acpphint-HoneyComb-65536MiB-threads_16-LP64-FreeBSD_main_n247756_348c41d1815d_64bit-g++_11_O3lto-libc++-DSIZE_ui-ISIZE_ui-using_8_threads-cpus_kx4_kx4p3n0_1_15.txt
# acpphint_main version: 0.1.24

0.000224392 138086 30.9854 2240
0.000234872 165948 38.9766 2656
0.000225072 208672 46.9661 3072
0.000220072 249709 54.9539 3488
0.000234392 268522 62.9395 3904
0.000221112 356853 78.9044 4736
0.000216112 438949 94.8621 5568
0.000219072 540100 118.321 6816
0.000221632 636816 141.139 8064
0.000231992 746859 173.265 9728
0.000222792 958151 213.468 11808
0.000220633 1.18156e+06 260.69 14304
0.000231272 1.40238e+06 324.332 17632
0.000229632 1.75298e+06 402.541 21792
0.000223312 2.27057e+06 507.046 27200
0.000222113 2.84912e+06 632.826 33856
0.000226952 3.46474e+06 786.33 42176
0.000232911 4.21512e+06 981.747 52576
0.000222872 5.50544e+06 1227.01 65888
0.000233112 6.5804e+06 1533.97 82528
0.000229831 8.35118e+06 1919.36 103744
0.000234471 1.02042e+07 2392.58 130368
0.000237552 1.25672e+07 2985.37 163648
0.000242991 1.52605e+07 3708.16 205664
0.000247991 1.84923e+07 4585.92 258496
0.000257311 2.21039e+07 5687.58 325056
0.00025843 2.70362e+07 6986.96 408672
0.000270471 3.15698e+07 8538.72 514336
0.00026811 3.89301e+07 10437.6 647040
0.000282069 4.46541e+07 12595.5 814272
