# filename: ./acpphint-HoneyComb-65536MiB-threads_16-LP64-FreeBSD_main_n262658_b347c2284603_64bit-g++_13_O3lto-libstdc++-cpulockdown-DSIZE_ul-ISIZE_ul-using_8_threads-cpus_kx4p2_kx4p3_2_15.txt
# acpphint_main version: 0.1.34

0.000225473 137489 31 3904
0.000226313 172328 39 4736
0.000221233 212446 47 5568
0.000216833 253651 55 6400
0.000227193 277297 63 7232
0.000218913 360874 79 8896
0.000223633 424803 95 10560
0.000224992 526834 118.533 13056
0.000219593 644122 141.445 15552
0.000226713 766288 173.727 18880
0.000227713 940501 214.164 23040
0.000220033 1.18951e+06 261.732 28032
0.000223673 1.45726e+06 325.949 34688
0.000222113 1.82346e+06 405.014 43008
0.000228873 2.23268e+06 511 53824
0.000222553 2.87123e+06 639 67136
0.000225353 3.53168e+06 795.875 83776
0.000228833 4.35531e+06 996.639 104576
0.000234632 5.32923e+06 1250.41 131200
0.000228353 6.8782e+06 1570.66 164480
0.000234553 8.42978e+06 1977.23 206912
0.000231153 1.07429e+07 2483.26 260160
0.000236912 1.32025e+07 3127.82 326720
0.000240513 1.6341e+07 3930.23 410752
0.000237792 2.07361e+07 4930.87 516416
0.000249832 2.49283e+07 6227.89 649536
0.000258792 3.02166e+07 7819.82 816768
0.000268871 3.65135e+07 9817.41 1028096
0.000282911 4.38793e+07 12413.9 1293504
0.00029787 5.23417e+07 15591 1627968
0.00032699 5.983e+07 19563.8 2048960
0.000360468 6.8702e+07 24764.9 2578944
0.000408066 7.61948e+07 31092.5 3246208
0.000459984 8.4812e+07 39012.1 4086528
0.000523782 9.43472e+07 49417.3 5144000
0.000598859 1.03567e+08 62022 6475200
0.000697056 1.11603e+08 77793.3 8150848
0.000811292 1.21546e+08 98609.2 10260800
0.000999685 1.23765e+08 123726 12917376
0.00137771 1.12621e+08 155160 16261184
0.00197445 9.96702e+07 196794 20471104
0.00275874 8.94716e+07 246829 25770944
0.00369919 8.36595e+07 309472 32442752
0.00488547 8.03585e+07 392589 40842624
0.00637037 7.72997e+07 492428 51417344
0.00822842 7.50168e+07 617270 64730176
0.010545 7.42458e+07 782923 81489984
0.013473 7.29151e+07 982382 102589504
0.0171248 7.18919e+07 1.23114e+06 129151936
0.0217939 7.16364e+07 1.56124e+06 162591680
0.027611 7.09725e+07 1.95962e+06 204690048
0.0349087 7.0331e+07 2.45516e+06 257689280
0.0441668 7.04777e+07 3.11277e+06 324410688
0.0560257 6.97567e+07 3.90817e+06 408408576
0.0704092 6.95199e+07 4.89484e+06 514155776
0.0889428 6.97537e+07 6.20409e+06 647283264
0.112049 6.95305e+07 7.79083e+06 814880512
0.141724 6.88197e+07 9.75343e+06 1025873216
0.178242 6.93255e+07 1.23567e+07 1291497536
0.224075 6.92493e+07 1.5517e+07 1625898304
0.282955 6.86082e+07 1.9413e+07 2046884480
0.357013 6.88387e+07 2.45763e+07 2576874304
0.44832 6.88134e+07 3.08505e+07 3244091712
0.564127 6.83422e+07 3.85537e+07 4084068928
0.71082 6.85727e+07 4.87428e+07 5141537600
0.896808 6.8153e+07 6.11202e+07 6472811648
1.12753 6.76083e+07 7.62307e+07 8148786624
