# filename: ./acpphint-HoneyComb-65536MiB-threads_16-LP64-FreeBSD_main_n262658_b347c2284603_64bit-g++_13_O3lto-libc++-DSIZE_ul-ISIZE_ul-using_11_threads.txt
# acpphint_main version: 0.1.34

0.000232473 184968 43 5368
0.000239592 225383 54 6512
0.000231553 280713 65 7656
0.000236913 320793 76 8800
0.000224593 387367 87 9944
0.000236353 461175 109 12232
0.000235552 556140 131 14520
0.000235752 692819 163.333 17952
0.000240553 809709 194.778 21384
0.000238193 1.00415e+06 239.182 25960
0.000254152 1.15995e+06 294.804 31680
0.000243553 1.47891e+06 360.193 38544
0.000245553 1.8265e+06 448.502 47696
0.000249072 2.23696e+06 557.165 59136
0.000250832 2.80267e+06 703 74008
0.000254552 3.45312e+06 879 92312
0.000246512 4.44011e+06 1094.54 115192
0.000251512 5.44953e+06 1370.62 143792
0.000252672 6.80494e+06 1719.42 180400
0.000254672 8.48074e+06 2159.81 226160
0.000256272 1.06088e+07 2718.75 284504
0.000257071 1.3281e+07 3414.17 357720
0.000263312 1.63333e+07 4300.76 449240
0.000274991 1.96506e+07 5403.73 564784
0.000276391 2.45257e+07 6778.7 710072
0.000285111 3.00345e+07 8563.15 893112
0.000294471 3.651e+07 10751.1 1123056
0.00032427 4.16189e+07 13495.8 1413632
0.000336669 5.06986e+07 17068.6 1778568
0.000358348 5.9816e+07 21434.9 2238456
0.000377908 7.1163e+07 26893.1 2817320
0.000442665 7.69221e+07 34050.7 3546048
0.000486623 8.78426e+07 42746.2 4463536
0.000550261 9.7456e+07 53626.2 5618976
0.000622299 1.09187e+08 67947.1 7073000
0.000731574 1.16554e+08 85267.5 8903400
0.000848931 1.25962e+08 106933 11207416
0.000993846 1.36424e+08 135585 14108600
0.00121592 1.39891e+08 170096 17761392
0.00177922 1.1987e+08 213275 22359128
0.00262931 1.02911e+08 270586 28147768
0.00364235 9.31628e+07 339332 35435048
0.00492638 8.63462e+07 425375 44608784
0.00655013 8.24085e+07 539786 56158608
0.00856485 7.9039e+07 676957 70698848
0.0110925 7.64854e+07 848417 89003992
0.0142028 7.57893e+07 1.07642e+06 112048728
0.0182124 7.41505e+07 1.35045e+06 141060568
0.0231959 7.2946e+07 1.69205e+06 177583912
0.0295555 7.262e+07 2.14632e+06 223563560
0.0374075 7.20073e+07 2.69361e+06 281448816
0.047501 7.10287e+07 3.37393e+06 354322760
0.0599722 7.1344e+07 4.27865e+06 446064696
0.075374 7.12592e+07 5.37109e+06 561561792
0.0956099 7.03391e+07 6.72511e+06 706964192
0.119997 7.10465e+07 8.52538e+06 890014488
0.152136 7.03546e+07 1.07035e+07 1120460704
0.191731 6.98616e+07 1.33946e+07 1410575672
0.241816 7.01803e+07 1.69707e+07 1775809112
0.304557 6.99504e+07 2.13039e+07 2235610168
0.384734 6.92369e+07 2.66378e+07 2814466160
0.482981 6.98094e+07 3.37166e+07 3543202168
0.60599 6.98018e+07 4.22992e+07 4460626104
0.766201 6.8929e+07 5.28135e+07 5615594776
0.968378 6.89089e+07 6.67298e+07 7069614200
1.21479 6.88037e+07 8.35821e+07 8900116016
