# filename: ./acpphint-HoneyComb-65536MiB-threads_16-LP64-FreeBSD_main_n264334_215bab7924f6_64bit-clang++_16_O3lto-libc++-cpulockdown-DSIZE_ul-ISIZE_ul-using_9_threads.txt
# acpphint_main version: 0.1.35

0.000252391 138674 35 4392
0.000251791 174748 44 5328
0.000237153 223484 53 6264
0.000242712 255447 62 7200
0.000239632 296288 71 8136
0.000248312 358420 89 10008
0.000242792 440706 107 11880
0.000253632 526222 133.467 14688
0.000238233 668348 159.222 17496
0.000241672 809136 195.546 21240
0.000244032 987757 241.044 25920
0.000241832 1.218e+06 294.552 31536
0.000238832 1.53581e+06 366.8 39024
0.000251112 1.81485e+06 455.731 48384
0.000241232 2.3836e+06 575 60552
0.000228433 3.14753e+06 719 75528
0.000245752 3.64363e+06 895.43 94248
0.000244152 4.59263e+06 1121.3 117648
0.000253312 5.55341e+06 1406.75 147600
0.000249312 7.08767e+06 1767.04 185040
0.000248152 8.96388e+06 2224.4 232776
0.000258391 1.08114e+07 2793.56 292680
0.000258912 1.35907e+07 3518.8 367560
0.000270752 1.63301e+07 4421.39 462096
0.000276191 2.00832e+07 5546.81 580968
0.000278951 2.51166e+07 7006.31 730728
0.000284551 3.09151e+07 8796.92 918864
0.00029351 3.76257e+07 11043.5 1156608
0.00030891 4.5209e+07 13965.5 1455192
0.000327269 5.3592e+07 17539 1831464
0.000352068 6.25075e+07 22006.9 2305080
0.000383267 7.26913e+07 27860.2 2901312
0.000419945 8.32897e+07 34977.1 3651984
0.000478263 9.1756e+07 43883.5 4597344
0.000540461 1.02864e+08 55593.9 5787000
0.000624178 1.1178e+08 69770.5 7284600
0.000709975 1.23253e+08 87506.5 9169704
0.000850809 1.30387e+08 110934 11543400
0.00106004 1.31299e+08 139182 14532048
0.00148251 1.17727e+08 174532 18293832
0.00215812 1.02585e+08 221392 23029992
0.00303037 9.1627e+07 277664 28992312
0.00408749 8.5164e+07 348107 36498096
0.00538284 8.20488e+07 441656 45947952
0.00703454 7.87456e+07 553940 57844512
0.00909655 7.63281e+07 694322 72821448
0.011703 7.52595e+07 880759 91676232
0.0149017 7.41582e+07 1.10508e+06 115413192
0.0190889 7.2544e+07 1.38478e+06 145295928
0.0241485 7.27283e+07 1.75628e+06 182915640
0.0306471 7.19256e+07 2.20431e+06 230276304
0.0389594 7.08805e+07 2.76146e+06 289900440
0.0491052 7.13055e+07 3.50147e+06 364962024
0.0620087 7.0892e+07 4.39592e+06 459459648
0.0783873 7.02296e+07 5.50511e+06 578425248
0.0991005 7.04147e+07 6.97813e+06 728193672
0.124816 7.02006e+07 8.76216e+06 916740576
0.157419 6.96729e+07 1.09679e+07 1154107368
0.198432 7.00281e+07 1.38958e+07 1452934728
0.249958 6.98025e+07 1.74477e+07 1829135592
0.314866 6.9312e+07 2.1824e+07 2302745040
0.396763 6.96321e+07 2.76274e+07 2898983592
0.499848 6.93682e+07 3.46736e+07 3649603176
0.629171 6.88486e+07 4.33176e+07 4594577544
0.793194 6.90316e+07 5.47555e+07 5784229800
0.99769 6.8793e+07 6.8634e+07 7281913104
1.25878 6.79678e+07 8.55564e+07 9167384952
