# filename: ./acpphint-HoneyComb-65536MiB-threads_16-LP64-FreeBSD_main_n247756_348c41d1815d_64bit-clang++_12_O3lto-libc++-DSIZE_ul-ISIZE_ul-using_4_threads-cpus_kx4p1_kx4p2w0_0_14.txt
# acpphint_main version: 0.1.24

0.000109956 136418 15 1952
0.000110636 171734 19 2368
0.000112516 204415 23 2784
0.000111597 241942 27 3200
0.000112317 276005 31 3616
0.000106397 366552 39 4448
0.000107357 437792 47 5280
0.000108917 539861 58.8001 6528
0.000111557 630475 70.3339 7776
0.000116517 741993 86.4548 9440
0.000110596 964264 106.644 11520
0.000114237 1.14194e+06 130.451 14016
0.000108997 1.49129e+06 162.546 17344
0.000107477 1.88084e+06 202.147 21504
0.000108237 2.35594e+06 255 26912
0.000112317 2.84018e+06 319 33568
0.000108357 3.66986e+06 397.655 41888
0.000113597 4.38386e+06 497.994 52288
0.000113557 5.50435e+06 625.057 65600
0.000119956 6.54513e+06 785.128 82240
0.000127836 7.73287e+06 988.539 103456
0.000130476 9.51919e+06 1242.03 130080
0.000125276 1.24837e+07 1563.9 163360
0.000122796 1.60066e+07 1965.55 205376
0.000129276 1.90838e+07 2467.07 258208
0.000136516 2.2812e+07 3114.2 324768
0.000146035 2.67839e+07 3911.39 408384
0.000161075 3.05006e+07 4912.88 514048
0.000179554 3.45725e+07 6207.63 646752
0.000206073 3.78462e+07 7799.08 813984
0.000235152 4.16383e+07 9791.33 1024480
0.000265231 4.66904e+07 12383.7 1289472
0.000313988 4.95372e+07 15554.1 1623104
0.000366387 5.32943e+07 19526.4 2043264
0.000443424 5.57273e+07 24710.8 2572000
0.00053714 5.77642e+07 31027.5 3237600
0.000654936 5.94555e+07 38939.5 4075424
0.00080165 6.15077e+07 49307.6 5130400
0.00106716 5.80017e+07 61897.1 6458688
0.00141327 5.49576e+07 77669.8 8130592
0.00194909 5.04855e+07 98400.6 10235552
0.00189213 6.52629e+07 123486 12885472
0.00425556 3.64053e+07 154925 16221376
0.003004 6.53493e+07 196309 20421312
0.00382297 6.44432e+07 246365 25708672
0.00495313 6.23916e+07 309034 32365088
0.006261 6.25354e+07 391534 40744992
0.00809701 6.0704e+07 491521 51294752
0.0102718 6.00117e+07 616428 64575968
0.0130565 5.98077e+07 780880 81295840
0.0167188 5.86514e+07 980581 102345024
0.064545 1.90489e+07 1.22951e+06 128844640
0.0263908 5.90084e+07 1.55728e+06 162205344
0.033377 5.86051e+07 1.95606e+06 204204288
0.136934 1.79067e+07 2.45204e+06 257077888
0.0536347 5.78936e+07 3.10511e+06 323641632
0.0664876 5.86744e+07 3.90112e+06 407440256
0.0832187 5.87465e+07 4.88881e+06 512936608
0.103989 5.95182e+07 6.18922e+06 645748768
0.132098 5.88717e+07 7.77683e+06 812949152
0.165832 5.87451e+07 9.7418e+06 1023442240
0.711588 1.73245e+07 1.23279e+07 1288437152
0.266963 5.80203e+07 1.54893e+07 1622045856
0.332639 5.82933e+07 1.93906e+07 2042034464
0.412931 5.93819e+07 2.45206e+07 2570768800
0.522537 5.89348e+07 3.07956e+07 3236405824
0.657136 5.86037e+07 3.85106e+07 4074393312
0.825974 5.88831e+07 4.86359e+07 5129356832
1.03786 5.87865e+07 6.10123e+07 6457477184
