# filename: ./acpphint-HoneyComb-65536MiB-threads_16-LP64-FreeBSD_main_n247756_348c41d1815d_64bit-clang++_12_O3-libc++-DSIZE_ld-ISIZE_ul-using_1_threads-cpus_11.txt
# acpphint_main version: 0.1.24

2.121e-06 471476 1 456
3.721e-06 537490 2 648
5.281e-06 568074 3 840
6.921e-06 577951 4 1032
8.68e-06 576037 5 1224
1.0321e-05 581339 6 1416
1.196e-05 585284 7 1608
1.5281e-05 588967 9 1992
1.864e-05 590129 11 2376
2.38e-05 588235 14 2952
2.876e-05 591099 17 3528
3.5439e-05 592568 21 4296
4.3599e-05 596344 26 5256
5.3679e-05 596136 32 6408
6.6599e-05 600610 40 7944
8.2878e-05 603296 50 9864
0.000104357 603697 63 12360
0.000130275 606410 79 15432
0.000162915 607679 99 19272
0.000204074 607623 124 24072
0.000256071 609206 156 30216
0.000321309 610005 196 37896
0.000404345 610864 247 47688
0.000510261 609492 311 59976
0.000641736 609285 391 75336
0.00080713 609567 492 94728
0.0010148 609971 619 119112
0.00127527 610850 779 149832
0.00160602 610204 980 188424
0.00202172 610370 1234 237192
0.00254574 610038 1553 298440
0.00319972 610991 1955 375624
0.00402561 611336 2461 472776
0.00506989 611059 3098 595080
0.00638592 610719 3900 749064
0.00803993 610702 4910 942984
0.0101168 610965 6181 1187016
0.0127472 610409 7781 1494216
0.0160612 609855 9795 1880904
0.0201833 610949 12331 2367816
0.025423 610627 15524 2980872
0.0320106 610517 19543 3752520
0.0403317 610016 24603 4724040
0.0507693 610074 30973 5947080
0.0638281 610890 38992 7486728
0.0803512 610917 49087.9 9425160
0.101384 609546 61797.9 11865480
0.1273 611148 77798.9 14937672
0.159646 613498 97942.8 18805320
0.201137 613027 123303 23674440
0.252715 614244 155228 29804232
0.318678 613221 195420 37521096
0.400929 613621 246019 47236104
0.5034 615254 309719 59466696
0.636173 612902 389912 74863944
0.798444 614782 490869 94248072
1.00619 614162 617965 118651272
