# filename: ./acpphint-HoneyComb-65536MiB-threads_16-LP64-FreeBSD_main_n262658_b347c2284603_64bit-g++_13_O3lto-libc++-cpulockdown-DSIZE_ull-ISIZE_ull-using_4_threads.txt
# acpphint_main version: 0.1.34

0.000100317 149526 15 1952
0.000101277 187604 19 2368
9.7557e-05 235760 23 2784
9.8957e-05 272846 27 3200
9.6717e-05 320523 31 3616
9.5997e-05 406263 39 4448
0.000100558 467392 47 5280
9.4478e-05 622368 58.8001 6528
0.000100757 698054 70.3339 7776
9.7717e-05 884747 86.4548 9440
9.6597e-05 1.10401e+06 106.644 11520
9.8997e-05 1.31773e+06 130.451 14016
9.6958e-05 1.67646e+06 162.546 17344
0.000100157 2.0183e+06 202.147 21504
9.7478e-05 2.61597e+06 255 26912
9.7997e-05 3.2552e+06 319 33568
0.000101477 3.91867e+06 397.655 41888
0.000102117 4.8767e+06 497.994 52288
0.000106877 5.84838e+06 625.057 65600
0.000104997 7.47762e+06 785.128 82240
0.000107716 9.17727e+06 988.539 103456
0.000115676 1.07371e+07 1242.03 130080
0.000113437 1.37865e+07 1563.9 163360
0.000109437 1.79605e+07 1965.55 205376
0.000108197 2.28017e+07 2467.07 258208
0.000114876 2.71093e+07 3114.2 324768
0.000120877 3.23584e+07 3911.39 408384
0.000129796 3.78508e+07 4912.88 514048
0.000147796 4.20014e+07 6207.63 646752
0.000167755 4.64909e+07 7799.08 813984
0.000181634 5.39069e+07 9791.33 1024480
0.000210873 5.87261e+07 12383.7 1289472
0.000251951 6.17346e+07 15554.1 1623104
0.00028579 6.83241e+07 19526.4 2043264
0.000350988 7.04036e+07 24710.8 2572000
0.000412825 7.51589e+07 31027.5 3237600
0.000512382 7.59971e+07 38939.5 4075424
0.000623058 7.91381e+07 49307.6 5130400
0.000749652 8.25677e+07 61897.1 6458688
0.000944325 8.2249e+07 77669.8 8130592
0.00120028 8.19816e+07 98400.6 10235552
0.00149802 8.24324e+07 123486 12885472
0.00193189 8.01934e+07 154925 16221376
0.00260386 7.53916e+07 196309 20421312
0.00334048 7.37513e+07 246365 25708672
0.00453883 6.80866e+07 309034 32365088
0.00551512 7.09929e+07 391534 40744992
0.00745768 6.5908e+07 491521 51294752
0.00949297 6.49352e+07 616428 64575968
0.0119888 6.51341e+07 780880 81295840
0.0151687 6.4645e+07 980581 102345024
0.019335 6.35899e+07 1.22951e+06 128844640
0.0242973 6.40928e+07 1.55728e+06 162205344
0.0305435 6.40419e+07 1.95606e+06 204204288
0.0405794 6.04257e+07 2.45204e+06 257077888
0.0483419 6.42323e+07 3.10511e+06 323641632
0.06127 6.36709e+07 3.90112e+06 407440256
0.0771258 6.33875e+07 4.88881e+06 512936608
0.103466 5.9819e+07 6.18922e+06 645748768
0.126222 6.16122e+07 7.77683e+06 812949152
0.155853 6.25061e+07 9.7418e+06 1023442240
0.198277 6.21751e+07 1.23279e+07 1288437152
0.256785 6.03199e+07 1.54893e+07 1622045856
0.310668 6.24158e+07 1.93906e+07 2042034464
0.404832 6.05698e+07 2.45206e+07 2570768800
0.498504 6.1776e+07 3.07956e+07 3236405824
0.63053 6.10766e+07 3.85106e+07 4074393312
0.794946 6.11814e+07 4.86359e+07 5129356832
0.959712 6.35735e+07 6.10123e+07 6457477184
1.23061 6.18788e+07 7.61488e+07 8129481856
