# filename: ./acpphint-HoneyComb-65536MiB-threads_16-LP64-FreeBSD_main_n247756_348c41d1815d_64bit-g++_11_O3lto-libstdc++-DSIZE_ld-ISIZE_ul-using_4_threads-cpus_kx8_kx8p2_0_2_8_10.txt
# acpphint_main version: 0.1.24

0.000149355 100432 15 3360
0.000148596 127863 19 4128
0.000151435 151880 23 4896
0.000151715 177965 27 5664
0.000151435 204708 31 6432
0.000151395 257604 39 7968
0.000161315 291355 47 9504
0.000163595 359425 58.8001 11808
0.000167034 421075 70.3339 14112
0.000163954 527311 86.4548 17184
0.000172274 619035 106.644 21024
0.000181394 719160 130.451 25632
0.000189474 857881 162.546 31776
0.000203913 991341 202.147 39456
0.000223992 1.13843e+06 255 49440
0.000247151 1.29071e+06 319 61728
0.000272551 1.45901e+06 397.655 77088
0.000307429 1.61987e+06 497.994 96288
0.000352108 1.77519e+06 625.057 120864
0.000404745 1.93981e+06 785.128 151584
0.000478903 2.06417e+06 988.539 190752
0.000568179 2.18598e+06 1242.03 239904
0.000673254 2.3229e+06 1563.9 301344
0.000811049 2.42346e+06 1965.55 378912
0.000986202 2.50159e+06 2467.08 476448
0.00120755 2.57894e+06 3114.21 599328
0.0014851 2.63375e+06 3911.39 753696
0.00182981 2.68491e+06 4912.88 948768
0.00226871 2.7362e+06 6207.64 1193760
0.00281789 2.76771e+06 7799.09 1502496
0.00351122 2.78859e+06 9791.35 1891104
0.00439067 2.82048e+06 12383.8 2380320
0.00549519 2.8305e+06 15554.1 2996256
0.00690641 2.82729e+06 19526.4 3771936
0.00866786 2.85087e+06 24711 4748064
0.0108869 2.84999e+06 31027.7 5976864
0.0136344 2.85601e+06 38939.8 7523616
0.017132 2.87813e+06 49308.1 9471264
0.021565 2.87029e+06 61897.9 11923488
0.0270265 2.87388e+06 77671 15010080
0.0338684 2.90544e+06 98402.6 18896160
0.0425736 2.9006e+06 123489 23788320
0.0534252 2.89994e+06 154930 29946912
0.0670672 2.92718e+06 196318 37700640
0.0843611 2.92051e+06 246377 47461920
0.10594 2.91726e+06 309054 59750688
0.133093 2.94206e+06 391566 75221280
0.167565 2.93363e+06 491572 94697760
0.210422 2.92987e+06 616508 119216928
0.264891 2.94841e+06 781008 150084384
0.333574 2.94023e+06 980783 188944416
0.419589 2.93103e+06 1.22983e+06 237866784
0.528073 2.94995e+06 1.55779e+06 299455776
0.66484 2.94337e+06 1.95687e+06 376992288
0.836482 2.93288e+06 2.4533e+06 474605088
1.05278 2.95135e+06 3.10713e+06 597492000
