# filename: ./acpphint-HoneyComb-65536MiB-threads_16-LP64-FreeBSD_main_n247756_348c41d1815d_64bit-g++_11_O3lto-libstdc++-DSIZE_ull-ISIZE_ull-using_4_threads-cpus_kx4p3s_3_15.txt
# acpphint_main version: 0.1.24

0.000147035 102017 15 1952
0.000147395 128905 19 2368
0.000147156 156297 23 2784
0.000151915 177731 27 3200
0.000150196 206397 31 3616
0.000150795 258629 39 4448
0.000143955 326491 47 5280
0.000151475 388183 58.8001 6528
0.000147595 476533 70.3339 7776
0.000147115 587668 86.4548 9440
0.000149875 711551 106.644 11520
0.000149355 873432 130.451 14016
0.000152755 1.0641e+06 162.546 17344
0.000153795 1.31439e+06 202.147 21504
0.000153035 1.66629e+06 255 26912
0.000152235 2.09544e+06 319 33568
0.000156075 2.54784e+06 397.655 41888
0.000159555 3.12114e+06 497.994 52288
0.000159595 3.91652e+06 625.057 65600
0.000167755 4.6802e+06 785.128 82240
0.000166874 5.92386e+06 988.539 103456
0.000168635 7.36517e+06 1242.03 130080
0.000169235 9.24102e+06 1563.9 163360
0.000174034 1.1294e+07 1965.55 205376
0.000179034 1.37799e+07 2467.07 258208
0.000188713 1.65023e+07 3114.2 324768
0.000196433 1.99121e+07 3911.39 408384
0.000205273 2.39334e+07 4912.88 514048
0.000221952 2.79684e+07 6207.63 646752
0.000235672 3.30929e+07 7799.08 813984
0.000260751 3.75505e+07 9791.33 1024480
0.000287669 4.30486e+07 12383.7 1289472
0.000318149 4.88893e+07 15554.1 1623104
0.000365107 5.34812e+07 19526.4 2043264
0.000427784 5.77647e+07 24710.8 2572000
0.000506222 6.12922e+07 31027.5 3237600
0.000601698 6.47161e+07 38939.5 4075424
0.000730093 6.75361e+07 49307.6 5130400
0.000873487 7.0862e+07 61897.1 6458688
0.0010486 7.407e+07 77669.8 8130592
0.00127859 7.69602e+07 98400.6 10235552
0.0015811 7.81012e+07 123486 12885472
0.00199744 7.75615e+07 154925 16221376
0.00257222 7.63191e+07 196309 20421312
0.00334315 7.36923e+07 246365 25708672
0.00435503 7.09601e+07 309034 32365088
0.00564722 6.93321e+07 391534 40744992
0.00730288 6.73051e+07 491521 51294752
0.00929004 6.63537e+07 616428 64575968
0.0119253 6.54812e+07 780880 81295840
0.0151636 6.46667e+07 980581 102345024
0.0191571 6.41803e+07 1.22951e+06 128844640
0.0243621 6.39223e+07 1.55728e+06 162205344
0.0306066 6.39098e+07 1.95606e+06 204204288
0.0387772 6.3234e+07 2.45204e+06 257077888
0.0489121 6.34835e+07 3.10511e+06 323641632
0.0618289 6.30954e+07 3.90112e+06 407440256
0.077573 6.30221e+07 4.88881e+06 512936608
0.097927 6.32023e+07 6.18922e+06 645748768
0.123232 6.31075e+07 7.77683e+06 812949152
0.155125 6.27996e+07 9.7418e+06 1023442240
0.194938 6.32403e+07 1.23279e+07 1288437152
0.245905 6.29888e+07 1.54893e+07 1622045856
0.309412 6.26693e+07 1.93906e+07 2042034464
0.389771 6.29103e+07 2.45206e+07 2570768800
0.489708 6.28856e+07 3.07956e+07 3236405824
0.616814 6.24348e+07 3.85106e+07 4074393312
0.775107 6.27473e+07 4.86359e+07 5129356832
0.977565 6.24125e+07 6.10123e+07 6457477184
1.22933 6.19432e+07 7.61488e+07 8129481856
