# filename: ./acpphint-HoneyComb-65536MiB-threads_16-LP64-FreeBSD_main_n259950_5723e5ac6d76_64bit-clang++_15_O3lto-libc++-cpulockdown-DSIZE_ul-ISIZE_ul-using_1_threads-cpus_11.txt
# acpphint_main version: 0.1.31

8.58542e-08 1.16477e+07 1 280
1.30016e-07 1.53828e+07 2 384
1.68354e-07 1.78196e+07 3 488
2.10553e-07 1.89976e+07 4 592
2.525e-07 1.9802e+07 5 696
2.93885e-07 2.04162e+07 6 800
3.36667e-07 2.07921e+07 7 904
4.22278e-07 2.1313e+07 9 1112
5.05063e-07 2.17795e+07 11 1320
6.33417e-07 2.21024e+07 14 1632
7.601e-07 2.23655e+07 17 1944
9.35125e-07 2.24569e+07 21 2360
1.15333e-06 2.25434e+07 26 2880
1.40025e-06 2.28531e+07 32 3504
1.74025e-06 2.29852e+07 40 4336
2.1805e-06 2.29305e+07 50 5376
2.7205e-06 2.31575e+07 63 6728
3.4e-06 2.32353e+07 79 8392
4.241e-06 2.33436e+07 99 10472
5.361e-06 2.313e+07 124 13072
6.641e-06 2.34904e+07 156 16400
8.321e-06 2.35549e+07 196 20560
1.0521e-05 2.34769e+07 247 25864
1.3401e-05 2.32072e+07 311 32520
1.6721e-05 2.33838e+07 391 40840
2.1481e-05 2.2904e+07 492 51344
2.728e-05 2.26906e+07 619 64552
3.416e-05 2.28044e+07 779 81192
4.3559e-05 2.24982e+07 980 102096
5.5199e-05 2.23555e+07 1234 128512
6.9678e-05 2.22882e+07 1553 161688
8.7837e-05 2.22571e+07 1955 203496
0.000110797 2.22118e+07 2461 256120
0.000139836 2.21545e+07 3098 322368
0.000176275 2.21245e+07 3900 405776
0.000221993 2.21178e+07 4909.99 510816
0.000280391 2.20442e+07 6180.99 643000
0.000353268 2.20257e+07 7780.99 809400
0.000447264 2.18998e+07 9794.98 1018856
0.00056786 2.17148e+07 12331 1282600
0.000717175 2.1646e+07 15523.9 1614672
0.000910768 2.14576e+07 19542.9 2032648
0.00114944 2.14042e+07 24602.9 2558888
0.00145839 2.12377e+07 30972.8 3221368
0.00186725 2.08818e+07 38991.6 4055344
0.00230964 2.12533e+07 49087.4 5105328
0.00292029 2.11613e+07 61797.1 6427168
0.0036983 2.1036e+07 77797.6 8091272
0.00476279 2.05638e+07 97940.8 10186248
0.00614601 2.00617e+07 123299 12823688
0.00777011 1.9977e+07 155223 16143992
0.00996607 1.96077e+07 195412 20323960
0.0126408 1.94613e+07 246006 25586256
0.0160091 1.93452e+07 309699 32211160
0.0200631 1.94327e+07 389880 40551336
0.026415 1.8581e+07 490818 51051072
0.0321531 1.92169e+07 617885 64269472
0.0416735 1.86652e+07 777842 80910408
0.051495 1.90154e+07 979199 101860064
0.0653108 1.88738e+07 1.23267e+06 128234152
0.0828895 1.87203e+07 1.55172e+06 161437192
0.102716 1.90167e+07 1.95331e+06 203237288
0.129594 1.89731e+07 2.45879e+06 255860560
0.163251 1.89583e+07 3.09497e+06 322109288
0.20417 1.90802e+07 3.89561e+06 405511464
0.257978 1.9006e+07 4.90313e+06 510508616
0.322667 1.91245e+07 6.17085e+06 642692200
0.413236 1.87925e+07 7.76575e+06 809101456
0.511964 1.90871e+07 9.77193e+06 1018598328
0.64166 1.91611e+07 1.22949e+07 1282339208
0.824393 1.87615e+07 1.54669e+07 1614369296
1.01915 1.9088e+07 1.94535e+07 2032370464
