# filename: ./acpphint-HoneyComb-65536MiB-threads_16-LP64-FreeBSD_main_n247756_348c41d1815d_64bit-g++_11_O3lto-libc++-DSIZE_ld-ISIZE_ul-using_15_threads-cpus_kp1_1_15.txt
# acpphint_main version: 0.1.24

0.000485622 121494 59 12600
0.000452424 163563 74 15480
0.000437904 203241 89 18360
0.000454503 228821 104 21240
0.000440744 269998 119 24120
0.000453623 328467 149 29880
0.000444704 402515 179 35640
0.000442823 503738 223.067 44280
0.000468023 568111 265.889 52920
0.000439744 742374 326.455 64440
0.000454304 885584 402.325 78840
0.000460822 1.06652e+06 491.474 96120
0.000471663 1.29734e+06 611.906 119160
0.000487742 1.55827e+06 760.033 147960
0.000496181 1.93276e+06 959 185400
0.000517021 2.31905e+06 1199 231480
0.000546259 2.7327e+06 1492.76 289080
0.000589938 3.16858e+06 1869.27 361080
0.000642576 3.64901e+06 2344.76 453240
0.000715013 4.11928e+06 2945.34 568440
0.00079433 4.66738e+06 3707.44 715320
0.000889485 5.2338e+06 4655.39 899640
0.00101316 5.78851e+06 5864.69 1130040
0.00117831 6.25335e+06 7368.42 1420920
0.00137231 6.73499e+06 9242.47 1786680
0.00162394 7.19047e+06 11676.9 2247480
0.00194544 7.53534e+06 14659.6 2826360
0.00234523 7.84584e+06 18400.3 3557880
0.00284813 8.17205e+06 23275 4476600
0.00348882 8.37733e+06 29227 5634360
0.00429715 8.53254e+06 36665.6 7091640
0.00528939 8.77836e+06 46432.2 8926200
0.00652366 8.93442e+06 58285.2 11235960
0.00806256 9.06815e+06 73112.6 14144760
0.00999097 9.27387e+06 92654.9 17805240
0.0123909 9.38301e+06 116264 22413240
0.0154065 9.46285e+06 145789 28213560
0.0192016 9.62898e+06 184891 35517240
0.0239393 9.68837e+06 231932 44713080
0.0299099 9.72176e+06 290777 56287800
0.0374619 9.85001e+06 369000 70860600
0.0469985 9.84516e+06 462707 89206200
0.0591203 9.81003e+06 579971 112300920
0.0740838 9.93669e+06 736148 141377400
0.0934106 9.88272e+06 923150 177982200
0.11733 9.85986e+06 1.15685e+06 224065080
0.147465 9.95584e+06 1.46813e+06 282079800
0.185969 9.90396e+06 1.84183e+06 355116600
0.233793 9.8701e+06 2.30756e+06 447063480
0.294063 9.95697e+06 2.92798e+06 562816440
0.370003 9.93154e+06 3.6747e+06 708541560
0.46599 9.87744e+06 4.60279e+06 892000440
0.58596 9.96539e+06 5.83932e+06 1122959160
0.73821 9.93126e+06 7.33136e+06 1413721080
0.927009 9.90356e+06 9.18069e+06 1779769080
1.16685 9.9798e+06 1.16449e+07 2240595000
