# filename: ./acpphint-HoneyComb-65536MiB-threads_16-LP64-FreeBSD_main_n247756_348c41d1815d_64bit-clang++_12_O3lto-libc++-DSIZE_f-ISIZE_ui-using_4_threads-cpus_kp2_2_5.txt
# acpphint_main version: 0.1.24

0.000109797 136616 15 1120
0.000112597 168716 18.9969 1328
0.000106037 216905 23 1536
0.000109837 245764 26.994 1744
0.000111476 278017 30.9922 1952
0.000110477 352849 38.9817 2368
0.000110156 426429 46.9737 2784
0.000111077 528873 58.7456 3408
0.000111596 629387 70.2371 4032
0.000116277 742398 86.3238 4864
0.000113356 939428 106.49 5904
0.000114236 1.1395e+06 130.172 7152
0.000113877 1.42348e+06 162.102 8816
0.000112796 1.78658e+06 201.519 10896
0.000120836 2.10205e+06 254.004 13600
0.000115877 2.73986e+06 317.486 16928
0.000114356 3.45627e+06 395.245 21088
0.000114357 4.31558e+06 493.517 26288
0.000117637 5.24603e+06 617.127 32944
0.000123116 6.26315e+06 771.094 41264
0.000123477 7.81915e+06 965.485 51872
