# filename: ./acpphint-HoneyComb-65536MiB-threads_16-LP64-FreeBSD_main_n247756_348c41d1815d_64bit-g++_11_O3lto-libstdc++-cpulockdown-DSIZE_ld-ISIZE_ull-using_16_threads.txt
# acpphint_main version: 0.1.24

0.000563538 111794 63 13440
0.000583138 135474 79 16512
0.000586457 161990 95 19584
0.000561338 197742 111 22656
0.000571858 222083 127 25728
0.000556539 285694 159 31872
0.000592698 322255 191 38016
0.000571018 416799 238 47232
0.000589377 481299 283.667 56448
0.000569659 611371 348.273 68736
0.000563698 761409 429.205 84096
0.000577257 908252 524.295 102528
0.00050918 1.28198e+06 652.757 127104
0.0005223 1.55227e+06 810.75 157824
0.000549698 1.86102e+06 1023 197760
0.000575737 2.2215e+06 1279 246912
0.000597497 2.66498e+06 1592.32 308352
0.000643535 3.0984e+06 1993.93 385152
0.000698172 3.58235e+06 2501.1 483456
0.000756531 4.1528e+06 3141.72 606336
0.000837408 4.72244e+06 3954.61 763008
0.000930403 5.33714e+06 4965.69 959616
0.00105828 5.91118e+06 6255.67 1205376
0.00121087 6.49085e+06 7859.58 1515648
0.00140062 7.03858e+06 9858.41 1905792
0.00165581 7.52215e+06 12455.3 2397312
0.001974 7.92131e+06 15636.7 3014784
0.00236567 8.29636e+06 19626.4 3795072
0.00286737 8.65834e+06 24826.6 4775040
0.00350662 8.89032e+06 31175 6009984
0.00431035 9.07321e+06 39108.7 7564416
0.00530051 9.34391e+06 49527.5 9521280
0.00655694 9.48153e+06 62169.8 11985024
0.00811208 9.61332e+06 77984 15087744
0.0100258 9.85769e+06 98831.6 18992256
0.0127643 9.71557e+06 124013 23907456
0.0163323 9.52115e+06 155503 30094464
0.0209272 9.42395e+06 197217 37885056
0.0267572 9.24572e+06 247390 47693952
0.0340284 9.11442e+06 310150 60040320
0.0431563 9.12032e+06 393600 75584640
0.054833 9.00089e+06 493545 95153280
0.0693192 8.92409e+06 618611 119787648
0.0876616 8.95744e+06 785223 150802560
0.110564 8.90593e+06 984674 189847680
0.13958 8.84025e+06 1.23392e+06 239002752
0.17584 8.90585e+06 1.566e+06 300885120
0.222042 8.84779e+06 1.96458e+06 378791040
0.279634 8.80179e+06 2.46128e+06 476867712
0.352337 8.86409e+06 3.12314e+06 600337536
0.444678 8.81445e+06 3.91959e+06 755777664
0.560407 8.76042e+06 4.9094e+06 951467136
0.705931 8.82312e+06 6.22852e+06 1197823104
0.888318 8.80303e+06 7.81989e+06 1507969152
1.11845 8.75511e+06 9.79217e+06 1898420352
