# filename: ./acpphint-HoneyComb-65536MiB-threads_16-LP64-FreeBSD_main_n247756_348c41d1815d_64bit-g++_11_O3lto-libstdc++-DSIZE_ld-ISIZE_ul-using_8_threads-cpus_kx4p2_kx4p3_2_15.txt
# acpphint_main version: 0.1.24

0.000240112 129106 31 6720
0.000245871 158620 39 8256
0.000239112 196561 47 9792
0.000241752 227506 55 11328
0.000238792 263828 63 12864
0.000250031 315961 79 15936
0.000247831 383326 95 19008
0.000256831 461523 118.533 23616
0.000253271 558472 141.445 28224
0.000259711 668926 173.727 34368
0.000261351 819451 214.164 42048
0.000274391 953864 261.732 51264
0.00028291 1.15213e+06 325.949 63552
0.000295629 1.37001e+06 405.014 78912
0.000314069 1.62703e+06 511 98880
0.000340308 1.87771e+06 639 123456
0.000366467 2.17175e+06 795.875 154176
0.000397585 2.50673e+06 996.639 192576
0.000441784 2.83036e+06 1250.41 241728
0.000499942 3.14168e+06 1570.66 303168
0.000579218 3.41362e+06 1977.23 381504
0.000665136 3.73346e+06 2483.26 479808
0.000773651 4.04294e+06 3127.82 602688
0.000915406 4.29343e+06 3930.23 757824
0.00108528 4.54342e+06 4930.87 952896
0.00130739 4.76361e+06 6227.9 1198656
0.00158722 4.92675e+06 7819.83 1507392
0.00193701 5.06835e+06 9817.43 1897536
0.00237927 5.21755e+06 12414 2387520
0.00294909 5.28675e+06 15591.1 3004992
0.00365502 5.35261e+06 19563.9 3782208
0.0045409 5.45376e+06 24765 4760640
0.0056413 5.51162e+06 31092.7 5992512
0.00700745 5.56728e+06 39012.5 7543872
0.0087477 5.64924e+06 49417.9 9496128
0.0109439 5.66734e+06 62022.8 11953728
0.0136557 5.69687e+06 77794.5 15047232
0.0170608 5.77998e+06 98611.2 18942528
0.0213293 5.80089e+06 123729 23846976
0.0267012 5.81115e+06 155165 30020160
0.0334701 5.87994e+06 196802 37792320
0.0420168 5.87483e+06 246842 47576640
0.0528664 5.85423e+06 309492 59893824
0.0663409 5.91824e+06 392621 75401280
0.0832847 5.9132e+06 492479 94923840
0.104885 5.88596e+06 617350 119501376
0.131892 5.93709e+06 783052 150442560
0.165818 5.92569e+06 982585 189395520
0.208753 5.8991e+06 1.23145e+06 238433856
0.262204 5.95623e+06 1.56175e+06 300168768
0.330026 5.94023e+06 1.96043e+06 377888832
0.415498 5.91201e+06 2.45643e+06 475733568
0.523428 5.95079e+06 3.11481e+06 598911552
0.65826 5.942e+06 3.91138e+06 753984576
0.828204 5.91628e+06 4.89988e+06 949210176
1.04214 5.96101e+06 6.21219e+06 1194984000
