# filename: ./acpphint-HoneyComb-65536MiB-threads_16-LP64-FreeBSD_main_n247756_348c41d1815d_64bit-g++_11_O3lto-libstdc++-cpulockdown-DSIZE_us-ISIZE_us-using_1_threads.txt
# acpphint_main version: 0.1.24

8.83208e-08 1.13224e+07 1 124
1.246e-07 1.59344e+07 1.98542 150
1.61538e-07 1.83795e+07 2.96899 176
2.05762e-07 1.91238e+07 3.93494 202
2.37647e-07 2.06273e+07 4.90202 228
2.774e-07 2.11697e+07 5.87248 254
3.13885e-07 2.17175e+07 6.81679 280
3.92e-07 2.21511e+07 8.68322 332
4.67563e-07 2.25382e+07 10.538 384
5.88714e-07 2.25437e+07 13.2718 462
7.001e-07 2.26978e+07 15.8907 540
8.55125e-07 2.26611e+07 19.3781 644
1.04683e-06 2.25448e+07 23.6006 774
1.28017e-06 2.21961e+07 28.4147 930
1.6e-06 2.15876e+07 34.5401 1138
1.98025e-06 2.10974e+07 41.7781 1398
2.4805e-06 2.03677e+07 50.522 1736
3.1e-06 1.9435e+07 60.2486 2152
3.8605e-06 1.84783e+07 71.3355 2672
4.801e-06 1.73825e+07 83.4536 3322
6.041e-06 1.60022e+07 96.6692 4154
7.641e-06 1.45055e+07 110.836 5194
9.68e-06 1.29667e+07 125.517 6520
