# filename: ./acpphint-HoneyComb-65536MiB-threads_16-LP64-FreeBSD_main_n259950_5723e5ac6d76_64bit-clang++_15_O3lto-libc++-cpulockdown-DSIZE_ull-ISIZE_ull-using_2_threads-cpus_2_10.txt
# acpphint_main version: 0.1.31

5.7759e-05 121193 7 976
5.6999e-05 157898 9 1184
5.8599e-05 187717 11 1392
5.7559e-05 225855 13 1600
5.9278e-05 253045 15 1808
6.0078e-05 316256 19 2224
5.7199e-05 402105 23 2640
6.1038e-05 474023 28.9334 3264
5.7599e-05 603803 34.7785 3888
6.0639e-05 706122 42.8186 4720
6.1959e-05 853508 52.8825 5760
6.4759e-05 1.00085e+06 64.8139 7008
6.2118e-05 1.3015e+06 80.8465 8672
6.3279e-05 1.5916e+06 100.715 10752
7.1279e-05 1.78173e+06 127 13456
8.6838e-05 1.831e+06 159 16784
6.1319e-05 3.23795e+06 198.548 20944
8.8357e-05 2.81436e+06 248.668 26144
8.8638e-05 3.5241e+06 312.369 32800
8.9197e-05 4.3989e+06 392.369 41120
9.0638e-05 5.45232e+06 494.187 51728
9.4678e-05 6.56311e+06 621.382 65040
9.2877e-05 8.41925e+06 781.955 81680
9.6037e-05 1.02377e+07 983.196 102688
0.000105637 1.1692e+07 1235.11 129104
0.000116837 1.33295e+07 1557.38 162384
0.000125317 1.56176e+07 1957.15 204192
0.000136236 1.80604e+07 2460.47 257024
0.000148595 2.08924e+07 3104.51 323376
0.000169755 2.29924e+07 3903.07 406992
0.000181234 2.70634e+07 4904.82 512240
0.000224833 2.75457e+07 6193.19 644736
0.000261951 2.97184e+07 7784.78 811552
0.000309829 3.15751e+07 9782.87 1021632
0.000371467 3.32668e+07 12357.5 1286000
0.000446984 3.47439e+07 15530 1618800
0.000545421 3.5773e+07 19511.4 2037712
0.000668137 3.69033e+07 24656.5 2565200
0.000819931 3.77861e+07 30982 3229344
0.00101384 3.83903e+07 38921.7 4065296
0.00125592 3.91765e+07 49202.3 5117776
0.0015491 3.99013e+07 61811.3 6442736
0.00194209 3.99789e+07 77642.6 8110688
0.00245995 3.99044e+07 98162.9 10210656
0.00311489 3.95912e+07 123322 12854336
0.0039473 3.92397e+07 154891 16182544
0.00502197 3.89909e+07 195811 20372496
0.00637728 3.85819e+07 246048 25647376
0.00821734 3.76025e+07 308992 32287984
0.0102788 3.79997e+07 390591 40647920
0.0130809 3.75275e+07 490894 51172512
0.0166535 3.70128e+07 616392 64422320
0.0210366 3.70353e+07 779097 81102672
0.0263129 3.72192e+07 979346 102102144
0.0333808 3.68335e+07 1.22953e+06 128538944
0.0416285 3.73281e+07 1.55391e+06 161820816
0.052798 3.70016e+07 1.95361e+06 203720128
0.066988 3.66072e+07 2.45225e+06 256468304
0.0831901 3.72489e+07 3.09874e+06 322874384
0.105019 3.71004e+07 3.89624e+06 406474576
0.132568 3.68833e+07 4.88954e+06 511721120
0.167517 3.6875e+07 6.17721e+06 644218576
0.209546 3.70664e+07 7.76712e+06 811022928
0.265378 3.67169e+07 9.74384e+06 1021017232
0.334598 3.67765e+07 1.23053e+07 1285384400
0.414636 3.73095e+07 1.54699e+07 1618202912
0.525403 3.6916e+07 1.93958e+07 2037196656
0.661107 3.70262e+07 2.44783e+07 2564678416
0.831764 3.69781e+07 3.0757e+07 3228738592
1.04727 3.67841e+07 3.85229e+07 4064740928
