# filename: ./acpphint-HoneyComb-65536MiB-threads_16-LP64-FreeBSD_main_n262658_b347c2284603_64bit-g++_13_O3lto-libc++-cpulockdown-DSIZE_ul-ISIZE_ul-using_2_threads-cpus_2_6.txt
# acpphint_main version: 0.1.34

6.3039e-05 111042 7 976
6.2638e-05 143683 9 1184
6.2559e-05 175834 11 1392
6.3239e-05 205569 13 1600
5.5199e-05 271744 15 1808
6.2878e-05 302172 19 2224
6.3278e-05 363475 23 2640
5.5879e-05 517787 28.9334 3264
6.2279e-05 558430 34.7785 3888
6.3519e-05 674106 42.8186 4720
6.3998e-05 826315 52.8825 5760
5.7919e-05 1.11904e+06 64.8139 7008
6.4358e-05 1.2562e+06 80.8465 8672
6.4079e-05 1.57173e+06 100.715 10752
6.5478e-05 1.93958e+06 127 13456
6.5598e-05 2.42385e+06 159 16784
5.7199e-05 3.47118e+06 198.548 20944
7.6158e-05 3.26517e+06 248.668 26144
7.8958e-05 3.95614e+06 312.369 32800
7.9038e-05 4.9643e+06 392.369 41120
8.2358e-05 6.00048e+06 494.187 51728
7.9758e-05 7.79084e+06 621.382 65040
8.0478e-05 9.71638e+06 781.955 81680
8.7798e-05 1.11984e+07 983.196 102688
9.6078e-05 1.28553e+07 1235.11 129104
0.000103877 1.49925e+07 1557.38 162384
0.000105678 1.852e+07 1957.15 204192
0.000118837 2.07046e+07 2460.47 257024
0.000134076 2.31548e+07 3104.51 323376
0.000150315 2.5966e+07 3903.07 406992
0.000171674 2.85705e+07 4904.82 512240
0.000198434 3.12103e+07 6193.19 644736
0.000232392 3.34985e+07 7784.78 811552
0.00026651 3.67073e+07 9782.87 1021632
0.000326349 3.7866e+07 12357.5 1286000
0.000403506 3.84876e+07 15530 1618800
0.000496822 3.92724e+07 19511.4 2037712
0.000607538 4.05843e+07 24656.5 2565200
0.000758132 4.08662e+07 30982 3229344
0.000922726 4.21812e+07 38921.7 4065296
0.00115696 4.25273e+07 49202.3 5117776
0.00144287 4.28392e+07 61811.3 6442736
0.00181089 4.28753e+07 77642.6 8110688
0.00225616 4.35089e+07 98162.9 10210656
0.00291057 4.23704e+07 123322 12854336
0.00373746 4.14428e+07 154891 16182544
0.00504441 3.88175e+07 195811 20372496
0.00606053 4.05984e+07 246048 25647376
0.00808094 3.82372e+07 308992 32287984
0.0101509 3.84785e+07 390591 40647920
0.0125424 3.91387e+07 490894 51172512
0.0168714 3.65347e+07 616392 64422320
0.0203457 3.82929e+07 779097 81102672
0.0255985 3.8258e+07 979346 102102144
0.0323099 3.80544e+07 1.22953e+06 128538944
0.0408058 3.80807e+07 1.55391e+06 161820816
0.0522755 3.73715e+07 1.95361e+06 203720128
0.065745 3.72994e+07 2.45225e+06 256468304
0.0795435 3.89566e+07 3.09874e+06 322874384
0.101613 3.83438e+07 3.89624e+06 406474576
0.131369 3.72199e+07 4.88954e+06 511721120
0.158711 3.89211e+07 6.17721e+06 644218576
0.198334 3.91617e+07 7.76712e+06 811022928
0.252989 3.85149e+07 9.74384e+06 1021017232
0.320232 3.84262e+07 1.23053e+07 1285384400
0.399023 3.87694e+07 1.54699e+07 1618202912
0.511242 3.79386e+07 1.93958e+07 2037196656
0.655683 3.73325e+07 2.44783e+07 2564678416
0.848398 3.62531e+07 3.0757e+07 3228738592
1.0198 3.7775e+07 3.85229e+07 4064740928
