# filename: ./acpphint-HoneyComb-65536MiB-threads_16-LP64-FreeBSD_main_n247756_348c41d1815d_64bit-g++_11_O3lto-libc++-DSIZE_ui-ISIZE_ui-using_4_threads-cpus_kx4p1_kx4p3_1_15.txt
# acpphint_main version: 0.1.24

0.000105597 142017 14.9966 1120
0.000105197 180560 18.9944 1328
0.000106037 216829 22.9919 1536
0.000104517 258225 26.9889 1744
0.000105037 294995 30.9854 1952
0.000107077 364005 38.9766 2368
0.000105916 443428 46.9661 2784
0.000106797 550090 58.7479 3408
0.000107517 653452 70.2572 4032
0.000106197 813030 86.3413 4864
0.000108876 977906 106.47 5904
0.000108037 1.20506e+06 130.191 7152
0.000105757 1.53317e+06 162.144 8816
0.000106677 1.88912e+06 201.526 10896
0.000107796 2.35641e+06 254.012 13600
0.000108597 2.92322e+06 317.453 16928
0.000108397 3.6464e+06 395.259 21088
0.000109157 4.52785e+06 494.246 26288
0.000111077 5.57406e+06 619.15 32944
0.000110757 7.00496e+06 775.849 41264
0.000114196 8.52791e+06 973.853 51872
0.000115996 1.05082e+07 1218.91 65184
0.000117916 1.29539e+07 1527.47 81824
0.000119037 1.60318e+07 1908.38 102832
0.000122676 1.93807e+07 2377.55 129248
0.000116157 2.55943e+07 2972.96 162528
0.000119396 3.09166e+07 3691.32 204336
0.000130796 3.49424e+07 4570.33 257168
0.000142515 3.97901e+07 5670.69 323520
0.000156036 4.46685e+07 6969.9 407136
0.000174274 4.88813e+07 8518.73 512384
0.000195193 5.3362e+07 10415.9 644880
0.000222993 5.63749e+07 12571.2 811696
