# filename: ./acpphint-HoneyComb-65536MiB-threads_16-LP64-FreeBSD_main_n247756_348c41d1815d_64bit-g++_11_O3lto-libc++-DSIZE_ull-ISIZE_ull-using_8_threads-cpus_kx4_kx4p1_0_13.txt
# acpphint_main version: 0.1.24

0.000208153 148929 31 3904
0.000214193 182079 39 4736
0.000206033 228119 47 5568
0.000201954 272339 55 6400
0.000196994 319807 63 7232
0.000204553 386208 79 8896
0.000208033 456658 95 10560
0.000202313 585891 118.533 13056
0.000197674 715546 141.445 15552
0.000206873 839778 173.727 18880
0.000222952 960585 214.164 23040
0.000208433 1.25571e+06 261.732 28032
0.000203913 1.59847e+06 325.949 34688
0.000208353 1.94389e+06 405.014 43008
0.000204034 2.50448e+06 511 53824
0.000198593 3.21764e+06 639 67136
0.000211393 3.7649e+06 795.875 83776
0.000201394 4.9487e+06 996.639 104576
0.000213912 5.84543e+06 1250.41 131200
0.000211073 7.4413e+06 1570.66 164480
0.000211793 9.33568e+06 1977.23 206912
0.000212113 1.17072e+07 2483.26 260160
0.000219713 1.42359e+07 3127.82 326720
0.000219153 1.79337e+07 3930.23 410752
0.000224952 2.19197e+07 4930.87 516416
0.000241232 2.5817e+07 6227.89 649536
0.000250391 3.12304e+07 7819.82 816768
0.000254111 3.86343e+07 9817.41 1028096
0.000265631 4.67337e+07 12413.9 1293504
0.00029091 5.3594e+07 15591 1627968
0.000329909 5.93006e+07 19563.8 2048960
0.000368187 6.72617e+07 24764.9 2578944
0.000427785 7.26826e+07 31092.5 3246208
0.000490822 7.94833e+07 39012.1 4086528
0.00055386 8.92235e+07 49417.3 5144000
0.000629977 9.84512e+07 62022 6475200
0.000739492 1.05198e+08 77793.3 8150848
0.000884247 1.11518e+08 98609.2 10260800
0.00105908 1.16824e+08 123726 12917376
0.00143595 1.08054e+08 155160 16261184
0.00204396 9.62806e+07 196794 20471104
0.00284301 8.68196e+07 246829 25770944
0.00382665 8.08728e+07 309472 32442752
0.00508313 7.72337e+07 392589 40842624
0.00664687 7.40843e+07 492428 51417344
0.00860147 7.17634e+07 617270 64730176
0.0110604 7.07863e+07 782923 81489984
0.0141352 6.94991e+07 982382 102589504
0.0180232 6.83083e+07 1.23114e+06 129151936
0.0229106 6.81449e+07 1.56124e+06 162591680
0.0291068 6.73252e+07 1.95962e+06 204690048
0.0368702 6.65894e+07 2.45516e+06 257689280
0.0466239 6.67635e+07 3.11277e+06 324410688
0.0589134 6.63376e+07 3.90817e+06 408408576
0.0744423 6.57536e+07 4.89484e+06 514155776
0.0937139 6.62024e+07 6.20409e+06 647283264
0.118519 6.57349e+07 7.79083e+06 814880512
0.14922 6.53629e+07 9.75343e+06 1025873216
0.187959 6.57415e+07 1.23567e+07 1291497536
0.236905 6.54989e+07 1.5517e+07 1625898304
0.298271 6.50852e+07 1.9413e+07 2046884480
0.375745 6.54068e+07 2.45763e+07 2576874304
0.473387 6.51697e+07 3.08505e+07 3244091712
0.595731 6.47165e+07 3.85537e+07 4084068928
0.750209 6.49723e+07 4.87428e+07 5141537600
0.944768 6.46933e+07 6.11202e+07 6472811648
1.19011 6.40536e+07 7.62307e+07 8148786624
