# filename: ./acpphint-HoneyComb-65536MiB-threads_16-LP64-FreeBSD_main_n247756_348c41d1815d_64bit-g++_11_O3lto-libstdc++-DSIZE_ld-ISIZE_ul-using_8_threads-cpus_kx4p1_kx4p2w0_0_14.txt
# acpphint_main version: 0.1.24

0.000261751 118433 31 6720
0.000268351 145332 39 8256
0.00026299 178714 47 9792
0.00026455 207900 55 11328
0.00027751 227019 63 12864
0.00027131 291180 79 15936
0.00027579 344465 95 19008
0.00028151 421063 118.533 23616
0.00028603 494510 141.445 28224
0.00029427 590367 173.727 34368
0.000294429 727388 214.164 42048
0.000309909 844543 261.732 51264
0.000314388 1.03677e+06 325.949 63552
0.000333308 1.21514e+06 405.014 78912
0.000352387 1.45011e+06 511 98880
0.000377507 1.69268e+06 639 123456
0.000412585 1.929e+06 795.875 154176
0.000444823 2.24053e+06 996.639 192576
0.000507421 2.46424e+06 1250.41 241728
0.00056098 2.79985e+06 1570.66 303168
0.000633376 3.12174e+06 1977.23 381504
0.000735093 3.37815e+06 2483.26 479808
0.000854648 3.65978e+06 3127.82 602688
0.00101028 3.89023e+06 3930.23 757824
0.00120487 4.09244e+06 4930.87 952896
0.00144059 4.32317e+06 6227.9 1198656
0.00174993 4.46865e+06 7819.83 1507392
0.00211736 4.63664e+06 9817.43 1897536
0.00260438 4.76657e+06 12414 2387520
0.00320604 4.86304e+06 15591.1 3004992
0.00396109 4.93902e+06 19563.9 3782208
0.00493113 5.02218e+06 24765 4760640
0.00614724 5.05799e+06 31092.7 5992512
0.00768082 5.0792e+06 39012.5 7543872
0.00960635 5.14429e+06 49417.9 9496128
0.0120212 5.15944e+06 62022.8 11953728
0.0150279 5.17669e+06 77794.5 15047232
0.0191445 5.15088e+06 98611.2 18942528
0.02457 5.03577e+06 123729 23846976
0.03147 4.93056e+06 155165 30020160
0.0402217 4.89293e+06 196802 37792320
0.0513642 4.80571e+06 246842 47576640
0.0653078 4.73898e+06 309492 59893824
0.0829672 4.73225e+06 392621 75401280
0.105123 4.68478e+06 492479 94923840
0.133076 4.63909e+06 617350 119501376
0.168249 4.65414e+06 783052 150442560
0.212593 4.62191e+06 982585 189395520
0.268296 4.5899e+06 1.23145e+06 238433856
0.338544 4.61313e+06 1.56175e+06 300168768
0.426924 4.59199e+06 1.96043e+06 377888832
0.538121 4.56483e+06 2.45643e+06 475733568
0.677841 4.59519e+06 3.11481e+06 598911552
0.854142 4.57931e+06 3.91138e+06 753984576
1.077 4.54954e+06 4.89988e+06 949210176
