# filename: ./acpphint-HoneyComb-65536MiB-threads_16-LP64-FreeBSD_main_n247756_348c41d1815d_64bit-clang++_12_O3-libc++-DSIZE_ld-ISIZE_ull-using_1_threads.txt
# acpphint_main version: 0.1.24

2.121e-06 471476 1 456
3.761e-06 531773 2 648
5.321e-06 563804 3 840
7.001e-06 571347 4 1032
8.8e-06 568182 5 1224
1.0361e-05 579095 6 1416
1.196e-05 585284 7 1608
1.536e-05 585938 9 1992
1.8681e-05 588834 11 2376
2.384e-05 587248 14 2952
2.872e-05 591922 17 3528
3.548e-05 591883 21 4296
4.3639e-05 595797 26 5256
5.3759e-05 595249 32 6408
6.6639e-05 600249 40 7944
8.2918e-05 603005 50 9864
0.000104677 601851 63 12360
0.000130556 605104 79 15432
0.000162835 607977 99 19272
0.000203753 608580 124 24072
0.000256072 609204 156 30216
0.000321429 609777 196 37896
0.000404066 611286 247 47688
0.000510581 609110 311 59976
0.000641857 609170 391 75336
0.00080757 609235 492 94728
0.00101444 610188 619 119112
0.00127675 610142 779 149832
0.0016075 609643 980 188424
0.00202252 610129 1234 237192
0.00254438 610364 1553 298440
0.0032002 610900 1955 375624
0.00402773 611015 2461 472776
0.00506797 611291 3098 595080
0.00637924 611358 3900 749064
0.00803449 611115 4910 942984
0.0101113 611297 6181 1187016
0.0127405 610729 7781 1494216
0.0160345 610869 9795 1880904
0.0202058 610269 12331 2367816
0.0254079 610992 15524 2980872
0.032039 609976 19543 3752520
0.0403203 610189 24603 4724040
0.0507942 609773 30973 5947080
0.0638033 611128 38992 7486728
0.0802542 611656 49087.9 9425160
0.101111 611186 61797.9 11865480
0.127293 611179 77798.9 14937672
0.160272 611104 97942.8 18805320
0.200876 613824 123303 23674440
0.25296 613647 155228 29804232
0.318492 613579 195420 37521096
0.399983 615073 246019 47236104
0.504958 613356 309719 59466696
0.635795 613266 389912 74863944
0.7983 614892 490869 94248072
1.00494 614930 617965 118651272
