# filename: ./acpphint-HoneyComb-65536MiB-threads_16-LP64-FreeBSD_main_n259950_5723e5ac6d76_64bit-g++_12_O3lto-libstdc++-cpulockdown-DSIZE_ull-ISIZE_ull-using_5_threads.txt
# acpphint_main version: 0.1.30

0.000175754 108106 19 2440
0.000173035 138700 24 2960
0.000173715 166940 29 3480
0.000174435 194915 34 4000
0.000174675 223272 39 4520
0.000173195 282918 49 5560
0.000175394 336386 59 6600
0.000173674 424550 73.7334 8160
0.000172435 510984 88.1116 9720
0.000177035 611591 108.273 11800
0.000176354 757136 133.524 14400
0.000179234 910939 163.271 17520
0.000178194 1.14143e+06 203.397 21680
0.000176675 1.43124e+06 252.864 26880
0.000180434 1.76796e+06 319 33640
0.000179274 2.22564e+06 399 41960
0.000181754 2.73562e+06 497.209 52360
0.000182714 3.40781e+06 622.655 65360
0.000180195 4.33639e+06 781.396 82000
0.000182234 5.38598e+06 981.51 102800
0.000185394 6.66533e+06 1235.71 129320
0.000186594 8.31933e+06 1552.34 162600
0.000191234 1.02225e+07 1954.88 204200
0.000193714 1.26822e+07 2456.72 256720
0.000195514 1.57688e+07 3083.03 322760
0.000202194 1.92519e+07 3892.62 405960
0.000212834 2.29686e+07 4888.5 510480
0.000220033 2.79005e+07 6139.02 642560
0.000233593 3.32168e+07 7759.21 808440
0.000254552 3.82911e+07 9747.07 1017480
0.00027747 4.4093e+07 12234.5 1280600
0.00030783 5.02843e+07 15479 1611840
0.000338948 5.73501e+07 19438.7 2028880
0.000385307 6.33206e+07 24397.9 2554080
0.000439585 7.02651e+07 30887.5 3215000
0.000513103 7.55719e+07 38776.2 4047000
0.000614419 7.91856e+07 48653.1 5094280
0.000736454 8.3689e+07 61633.1 6413000
0.000874609 8.84445e+07 77354.4 8073360
0.0010624 9.13428e+07 97042.7 10163240
0.00129619 9.48928e+07 122999 12794440
0.00164278 9.39396e+07 154322 16106840
0.00216136 8.9556e+07 193563 20276720
0.00291297 8.42373e+07 245381 25526640
0.00384854 8e+07 307883 32135840
0.00508566 7.5919e+07 386098 40456360
0.00663208 7.37911e+07 489388 50931240
0.00854641 7.18719e+07 614247 64118440
0.0109774 7.01551e+07 770123 80719960
0.0140382 6.95241e+07 975996 101619800
0.0179027 6.8447e+07 1.22538e+06 127931280
0.0226951 6.76795e+07 1.53599e+06 161055800
0.0287314 6.77397e+07 1.94626e+06 202756680
0.0364867 6.69904e+07 2.44426e+06 255255360
0.0460132 6.65679e+07 3.063e+06 321347360
0.0581139 6.67702e+07 3.88028e+06 404552040
0.0734835 6.63307e+07 4.87421e+06 509300320
0.0923753 6.61e+07 6.10601e+06 641170760
0.116505 6.63726e+07 7.73276e+06 807185960
0.146717 6.62124e+07 9.7145e+06 1016186440
0.18503 6.57394e+07 1.21637e+07 1279302800
0.233171 6.60314e+07 1.53966e+07 1610546440
0.293731 6.58422e+07 1.93399e+07 2027557320
0.369865 6.54228e+07 2.41976e+07 2552543080
0.465894 6.56846e+07 3.06021e+07 3213461000
0.586301 6.5525e+07 3.84174e+07 4045507280
0.73912 6.49473e+07 4.80038e+07 5092991640
0.931685 6.50566e+07 6.06123e+07 6411696040
1.17095 6.48869e+07 7.59796e+07 8071846480
