# filename: ./acpphint-HoneyComb-65536MiB-threads_16-LP64-FreeBSD_main_n247756_348c41d1815d_64bit-g++_11_O3lto-libc++-cpulockdown-DSIZE_d-ISIZE_ull-using_4_threads.txt
# acpphint_main version: 0.1.24

0.000119636 125380 15 1952
0.000117357 161899 19 2368
0.000120636 190656 23 2784
0.000115356 234058 27 3200
0.000115156 269200 31 3616
0.000116597 334485 39 4448
0.000115196 408000 47 5280
0.000115996 506914 58.8001 6528
0.000117677 597686 70.3338 7776
0.000118157 731694 86.4548 9440
0.000117637 906549 106.644 11520
0.000117916 1.10631e+06 130.451 14016
0.000119236 1.36323e+06 162.546 17344
0.000120956 1.67125e+06 202.147 21504
0.000119596 2.13218e+06 255 26912
0.000122556 2.60289e+06 319 33568
0.000122917 3.23515e+06 397.655 41888
0.000122157 4.07667e+06 497.994 52288
0.000125837 4.9672e+06 625.057 65600
0.000131076 5.98986e+06 785.127 82240
0.000130596 7.56944e+06 988.538 103456
0.000126716 9.80164e+06 1242.02 130080
0.000117637 1.32943e+07 1563.9 163360
0.000123916 1.58619e+07 1965.54 205376
0.000130836 1.88562e+07 2467.07 258208
0.000137875 2.25871e+07 3114.2 324768
0.000147356 2.65437e+07 3911.38 408384
0.000161514 3.04175e+07 4912.86 514048
0.000179634 3.4557e+07 6207.61 646752
0.000200713 3.88567e+07 7799.04 813984
0.000224992 4.35183e+07 9791.26 1024480
0.000257911 4.80151e+07 12383.6 1289472
0.000305949 5.08382e+07 15553.9 1623104
0.000349228 5.59121e+07 19526.1 2043264
0.000428264 5.76989e+07 24710.4 2572000
0.000509141 6.09394e+07 31026.7 3237600
0.000625697 6.2232e+07 38938.4 4075424
0.000780691 6.31565e+07 49305.7 5130400
0.000929085 6.66183e+07 61894.1 6458688
0.0011368 6.83192e+07 77665.1 8130592
0.00141579 6.94972e+07 98393.2 10235552
0.00178089 6.93326e+07 123474 12885472
0.00226787 6.83046e+07 154906 16221376
0.00290421 6.75846e+07 196280 20421312
0.00375586 6.55824e+07 246318 25708672
0.0048193 6.41091e+07 308961 32365088
0.00613621 6.37881e+07 391417 40744992
0.00779446 6.30366e+07 491336 51294752
0.0101449 6.0734e+07 616138 64575968
0.0127013 6.14439e+07 780415 81295840
0.0160485 6.10554e+07 979847 102345024
0.0204499 6.00665e+07 1.22836e+06 128844640
0.0254448 6.11296e+07 1.55543e+06 162205344
0.0324078 6.02678e+07 1.95315e+06 204204288
0.0403561 6.06466e+07 2.44746e+06 257077888
0.0512538 6.04396e+07 3.09776e+06 323641632
0.0650983 5.97483e+07 3.88952e+06 407440256
0.0812758 5.9927e+07 4.87062e+06 512936608
0.100638 6.12104e+07 6.16009e+06 645748768
0.129524 5.96868e+07 7.73084e+06 812949152
0.162855 5.93766e+07 9.66976e+06 1023442240
0.200305 6.09705e+07 1.22127e+07 1288437152
0.253794 6.03164e+07 1.53079e+07 1622045856
