# filename: ./acpphint-HoneyComb-65536MiB-threads_16-LP64-FreeBSD_main_n247756_348c41d1815d_64bit-clang++_12_O3lto-libc++-cpulockdown-DSIZE_d-ISIZE_ui-using_1_threads.txt
# acpphint_main version: 0.1.24

1.26061e-07 7.93293e+06 1.00003 264
1.84568e-07 1.08363e+07 2.00003 360
2.46281e-07 1.21814e+07 3.00006 456
3.06192e-07 1.30638e+07 4.00005 552
3.67273e-07 1.3614e+07 5.00007 648
4.26722e-07 1.40609e+07 6.00009 744
4.87563e-07 1.43574e+07 7.00012 840
6.0675e-07 1.48333e+07 9.0001 1032
7.281e-07 1.5108e+07 11.0001 1224
9.1e-07 1.53846e+07 14 1512
1.0935e-06 1.55461e+07 16.9997 1800
1.34017e-06 1.5669e+07 20.9991 2184
1.65025e-06 1.57546e+07 25.999 2664
2.01025e-06 1.59175e+07 31.9982 3240
2.5005e-06 1.5996e+07 39.998 4008
3.1205e-06 1.60223e+07 49.9975 4968
3.8805e-06 1.62338e+07 62.9951 6216
4.88e-06 1.6187e+07 78.9924 7752
6.081e-06 1.62785e+07 98.9893 9672
7.601e-06 1.63117e+07 123.985 12072
9.601e-06 1.62457e+07 155.975 15144
1.1961e-05 1.63829e+07 195.956 18984
1.508e-05 1.63744e+07 246.927 23880
1.908e-05 1.62937e+07 310.884 30024
2.396e-05 1.63107e+07 390.803 37704
3.036e-05 1.6196e+07 491.71 47400
3.9199e-05 1.57794e+07 618.536 59592
4.9599e-05 1.56914e+07 778.275 74952
6.4118e-05 1.52644e+07 978.725 94248
8.1077e-05 1.51949e+07 1231.96 118632
0.000102637 1.50983e+07 1549.64 149256
0.000130636 1.49248e+07 1949.71 187848
0.000164915 1.48715e+07 2452.54 236424
0.000208233 1.48127e+07 3084.5 297576
0.00026383 1.46996e+07 3878.18 374568
0.000332268 1.46728e+07 4875.3 471528
0.000419585 1.46009e+07 6126.32 593544
0.00053134 1.44812e+07 7694.44 747144
0.000669295 1.44308e+07 9658.49 940488
0.000852407 1.42098e+07 12112.6 1183944
0.00116156 1.30685e+07 15179.8 1490472
0.0015727 1.20809e+07 18999.7 1876296
0.00204688 1.15973e+07 23738.3 2362056
0.00267322 1.10755e+07 29607.3 2973576
0.00346755 1.06244e+07 36840.5 3743400
0.0044865 1.01934e+07 45732.7 4712616
0.00578205 9.79001e+06 56606.3 5932776
