# filename: ./acpphint-HoneyComb-65536MiB-threads_16-LP64-FreeBSD_main_n247756_348c41d1815d_64bit-clang++_12_O3lto-libc++-DSIZE_d-ISIZE_ul-using_4_threads-cpus_2_3_8_9.txt
# acpphint_main version: 0.1.24

0.000107917 138996 15 1952
0.000106317 178711 19 2368
0.000105077 218887 23 2784
0.000102557 263268 27 3200
0.000103757 298775 31 3616
0.000105637 369189 39 4448
0.000105437 445764 47 5280
0.000102357 574460 58.8001 6528
0.000106557 660058 70.3338 7776
0.000109117 792313 86.4548 9440
0.000104517 1.02035e+06 106.644 11520
0.000105277 1.23913e+06 130.451 14016
0.000104877 1.54987e+06 162.546 17344
0.000103997 1.94378e+06 202.147 21504
0.000109997 2.31824e+06 255 26912
0.000115516 2.76152e+06 319 33568
0.000113076 3.5167e+06 397.655 41888
0.000110236 4.51752e+06 497.994 52288
0.000116397 5.37004e+06 625.057 65600
0.000117596 6.67648e+06 785.127 82240
0.000116197 8.50743e+06 988.538 103456
0.000117597 1.05617e+07 1242.02 130080
0.000116716 1.33992e+07 1563.9 163360
0.000126997 1.54771e+07 1965.54 205376
0.000131876 1.87075e+07 2467.07 258208
0.000147275 2.11455e+07 3114.2 324768
0.000161795 2.41749e+07 3911.38 408384
0.000185233 2.65226e+07 4912.86 514048
0.000200194 3.1008e+07 6207.61 646752
0.000232312 3.35714e+07 7799.04 813984
0.000270631 3.61794e+07 9791.26 1024480
0.000331548 3.73509e+07 12383.6 1289472
0.000381906 4.0727e+07 15553.9 1623104
0.000460583 4.23942e+07 19526.1 2043264
0.000551619 4.47961e+07 24710.4 2572000
0.000667975 4.6449e+07 31026.7 3237600
0.000806089 4.83053e+07 38938.4 4075424
0.000994442 4.95813e+07 49305.7 5130400
0.00121767 5.08298e+07 61894.1 6458688
0.00151826 5.1154e+07 77665.1 8130592
0.00187333 5.25232e+07 98393.2 10235552
0.00236171 5.22816e+07 123474 12885472
0.00298856 5.1833e+07 154906 16221376
0.00376269 5.21647e+07 196280 20421312
0.00479049 5.14181e+07 246318 25708672
0.00610428 5.06138e+07 308961 32365088
0.00773014 5.06351e+07 391417 40744992
0.00981942 5.00372e+07 491336 51294752
0.0125102 4.92509e+07 616138 64575968
0.0158531 4.92278e+07 780415 81295840
0.020125 4.8688e+07 979847 102345024
0.0251857 4.87719e+07 1.22836e+06 128844640
0.0316891 4.90841e+07 1.55543e+06 162205344
0.0402316 4.85476e+07 1.95315e+06 204204288
0.0503958 4.85648e+07 2.44746e+06 257077888
0.0632852 4.89492e+07 3.09776e+06 323641632
0.0794397 4.89619e+07 3.88952e+06 407440256
0.100468 4.84795e+07 4.87062e+06 512936608
0.12666 4.8635e+07 6.16009e+06 645748768
0.158643 4.87309e+07 7.73084e+06 812949152
0.199771 4.84043e+07 9.66976e+06 1023442240
0.251556 4.85486e+07 1.22127e+07 1288437152
0.320994 4.76892e+07 1.53079e+07 1622045856
