# filename: ./acpphint-HoneyComb-65536MiB-threads_16-LP64-FreeBSD_main_n247756_348c41d1815d_64bit-clang++_12_O3-libc++-DSIZE_ui-ISIZE_ui-using_15_threads-cpus_0_14.txt
# acpphint_main version: 0.1.24

0.000376106 156737 58.9497 4200
0.000374546 197358 73.9197 4980
0.000373947 237689 88.8831 5760
0.000376746 275622 103.839 6540
0.000378507 313838 118.79 7320
0.000380666 390548 148.668 8880
0.000382187 467101 178.52 10440
0.000404626 549414 222.307 12780
0.000397226 666682 264.823 15120
0.000373827 868986 324.85 18240
0.000376506 1.06212e+06 399.893 22140
0.000386547 1.262e+06 487.824 26820
0.000370187 1.63774e+06 606.272 33060
0.000379346 1.98072e+06 751.378 40860
0.000375467 2.51743e+06 945.212 51000
0.000378786 3.10863e+06 1177.51 63480
0.000387546 3.76613e+06 1459.55 79080
0.000381827 4.76021e+06 1817.58 98580
0.000379587 5.96424e+06 2263.95 123540
0.000381947 7.38048e+06 2818.95 154740
0.000385187 9.10993e+06 3509.02 194520
0.000401225 1.08337e+07 4346.74 244440
0.000402706 1.33678e+07 5383.27 306840
0.000391226 1.69328e+07 6624.55 385620
0.000395746 2.0469e+07 8100.54 484680
0.000401866 2.46649e+07 9911.98 609480
0.000418985 2.8597e+07 11981.7 766260
