# filename: ./acpphint-HoneyComb-65536MiB-threads_16-LP64-FreeBSD_main_n262658_b347c2284603_64bit-g++_13_O3lto-libc++-DSIZE_ull-ISIZE_ull-using_1_threads-cpus_11.txt
# acpphint_main version: 0.1.34

8.37222e-08 1.19443e+07 1 280
1.23361e-07 1.62126e+07 2 384
1.58556e-07 1.89208e+07 3 488
2.00048e-07 1.99952e+07 4 592
2.33389e-07 2.14235e+07 5 696
2.74733e-07 2.18394e+07 6 800
3.07731e-07 2.27472e+07 7 904
3.8405e-07 2.34344e+07 9 1112
4.57889e-07 2.40233e+07 11 1320
5.715e-07 2.44969e+07 14 1632
6.86833e-07 2.47513e+07 17 1944
8.40125e-07 2.49963e+07 21 2360
1.03025e-06 2.52366e+07 26 2880
1.2535e-06 2.55285e+07 32 3504
1.55025e-06 2.58023e+07 40 4336
1.93e-06 2.59067e+07 50 5376
2.4205e-06 2.60277e+07 63 6728
3.0005e-06 2.63289e+07 79 8392
3.7605e-06 2.63263e+07 99 10472
4.96e-06 2.5e+07 124 13072
5.921e-06 2.63469e+07 156 16400
7.561e-06 2.59225e+07 196 20560
9.321e-06 2.64993e+07 247 25864
1.1801e-05 2.63537e+07 311 32520
1.5e-05 2.60667e+07 391 40840
1.928e-05 2.55187e+07 492 51344
2.496e-05 2.47997e+07 619 64552
3.104e-05 2.50966e+07 779 81192
3.9919e-05 2.45497e+07 980 102096
5.0679e-05 2.43493e+07 1234 128512
6.4639e-05 2.40257e+07 1553 161688
8.0398e-05 2.43165e+07 1955 203496
0.000101598 2.42229e+07 2461 256120
0.000128197 2.41659e+07 3098 322368
0.000163355 2.38744e+07 3900 405776
0.000205674 2.38727e+07 4909.99 510816
0.000257992 2.39581e+07 6180.99 643000
0.000324509 2.39777e+07 7780.99 809400
0.000413386 2.36945e+07 9794.98 1018856
0.000528062 2.33514e+07 12331 1282600
0.000656137 2.36596e+07 15523.9 1614672
0.00084937 2.30087e+07 19542.9 2032648
0.0010632 2.31403e+07 24602.9 2558888
0.00135271 2.28968e+07 30972.8 3221368
0.0016759 2.32661e+07 38991.6 4055344
0.00211429 2.3217e+07 49087.4 5105328
0.00268242 2.30378e+07 61797.1 6427168
0.0034266 2.2704e+07 77797.6 8091272
0.0043176 2.2684e+07 97940.8 10186248
0.00547252 2.25306e+07 123299 12823688
0.00715198 2.17035e+07 155223 16143992
0.008953 2.18264e+07 195412 20323960
0.0120237 2.04601e+07 246006 25586256
0.0151823 2.03987e+07 309699 32211160
0.0182929 2.13132e+07 389880 40551336
0.0251297 1.95314e+07 490818 51051072
0.029753 2.07671e+07 617885 64269472
0.0397145 1.95859e+07 777842 80910408
0.0509794 1.92077e+07 979199 101860064
0.0593261 2.07778e+07 1.23267e+06 128234152
0.0761383 2.03803e+07 1.55172e+06 161437192
0.104931 1.86152e+07 1.95331e+06 203237288
0.11747 2.09313e+07 2.45879e+06 255860560
0.153148 2.0209e+07 3.09497e+06 322109288
0.188227 2.06964e+07 3.89561e+06 405511464
0.262884 1.86513e+07 4.90313e+06 510508616
0.318911 1.93498e+07 6.17085e+06 642692200
0.385113 2.01649e+07 7.76575e+06 809101456
0.49845 1.96046e+07 9.77193e+06 1018598328
0.634426 1.93795e+07 1.22949e+07 1282339208
0.803949 1.92386e+07 1.54669e+07 1614369296
1.00442 1.9368e+07 1.94535e+07 2032370464
