# filename: ./acpphint-HoneyComb-65536MiB-threads_16-LP64-FreeBSD_main_n247756_348c41d1815d_64bit-g++_11_O3lto-libstdc++-DSIZE_ull-ISIZE_ull-using_4_threads-cpus_kx4p1_kx4p3_1_15.txt
# acpphint_main version: 0.1.24

0.000164035 91443.9 15 1952
0.000164235 115688 19 2368
0.000165594 138894 23 2784
0.000163235 165406 27 3200
0.000164914 187977 31 3616
0.000164875 236543 39 4448
0.000164155 286315 47 5280
0.000165635 354998 58.8001 6528
0.000166834 421580 70.3339 7776
0.000164674 525006 86.4548 9440
0.000165714 643541 106.644 11520
0.000165274 789304 130.451 14016
0.000165034 984925 162.546 17344
0.000166314 1.21546e+06 202.147 21504
0.000167794 1.51972e+06 255 26912
0.000167674 1.9025e+06 319 33568
0.000169274 2.34918e+06 397.655 41888
0.000169955 2.93015e+06 497.994 52288
0.000170354 3.66917e+06 625.057 65600
0.000173314 4.53009e+06 785.128 82240
0.000177834 5.55877e+06 988.539 103456
0.000179354 6.925e+06 1242.03 130080
0.000182914 8.54994e+06 1563.9 163360
0.000183913 1.06874e+07 1965.55 205376
0.000191474 1.28846e+07 2467.07 258208
0.000200593 1.5525e+07 3114.2 324768
0.000204633 1.91142e+07 3911.39 408384
0.000220032 2.2328e+07 4912.88 514048
0.000236392 2.62599e+07 6207.63 646752
0.000254511 3.06434e+07 7799.08 813984
0.00027871 3.51309e+07 9791.33 1024480
0.000310309 3.99078e+07 12383.7 1289472
0.000346227 4.49245e+07 15554.1 1623104
0.000394145 4.9541e+07 19526.4 2043264
0.000468983 5.26903e+07 24710.8 2572000
0.000552099 5.61991e+07 31027.5 3237600
0.000675254 5.76665e+07 38939.5 4075424
0.00079461 6.20526e+07 49307.6 5130400
0.000961883 6.43499e+07 61897.1 6458688
0.00115695 6.71329e+07 77669.8 8130592
0.00140754 6.99094e+07 98400.6 10235552
0.00173377 7.12238e+07 123486 12885472
0.00216491 7.15615e+07 154925 16221376
0.00274709 7.14608e+07 196309 20421312
0.0035257 6.98768e+07 246365 25708672
0.00455462 6.78506e+07 309034 32365088
0.00588237 6.65606e+07 391534 40744992
0.00750642 6.54801e+07 491521 51294752
0.00967162 6.37358e+07 616428 64575968
0.012247 6.37609e+07 780880 81295840
0.0156477 6.26663e+07 980581 102345024
0.0197573 6.22307e+07 1.22951e+06 128844640
0.0249258 6.24764e+07 1.55728e+06 162205344
0.0314282 6.22393e+07 1.95606e+06 204204288
0.0396454 6.18492e+07 2.45204e+06 257077888
0.0500585 6.20295e+07 3.10511e+06 323641632
0.0633381 6.15919e+07 3.90112e+06 407440256
0.0794518 6.15318e+07 4.88881e+06 512936608
0.10029 6.17133e+07 6.18922e+06 645748768
0.126166 6.16396e+07 7.77683e+06 812949152
0.159273 6.11642e+07 9.7418e+06 1023442240
0.200057 6.16219e+07 1.23279e+07 1288437152
0.252202 6.14161e+07 1.54893e+07 1622045856
0.316699 6.12273e+07 1.93906e+07 2042034464
0.399458 6.13847e+07 2.45206e+07 2570768800
0.50369 6.114e+07 3.07956e+07 3236405824
0.633061 6.08325e+07 3.85106e+07 4074393312
0.798538 6.09062e+07 4.86359e+07 5129356832
0.999482 6.10439e+07 6.10123e+07 6457477184
1.26569 6.01639e+07 7.61488e+07 8129481856
