# filename: ./acpphint-HoneyComb-65536MiB-threads_16-LP64-FreeBSD_main_n247756_348c41d1815d_64bit-clang++_12_O3lto-libc++-DSIZE_ui-ISIZE_ui-using_4_threads-cpus_kx8p1_kx8p3w0_0_3_9_11.txt
# acpphint_main version: 0.1.24

0.000111477 134526 14.9966 1120
0.000116237 163411 18.9944 1328
0.000121876 188650 22.9919 1536
0.000118877 227032 26.9889 1744
0.000114876 269729 30.9854 1952
0.000109116 357203 38.9766 2368
0.000114597 409838 46.9661 2784
0.000109957 534281 58.7479 3408
0.000114597 613080 70.2572 4032
0.000123876 696998 86.3413 4864
0.000113436 938595 106.47 5904
0.000118836 1.09555e+06 130.191 7152
0.000120036 1.35079e+06 162.144 8816
0.000111477 1.80778e+06 201.526 10896
0.000115356 2.20198e+06 254.012 13600
0.000114236 2.77892e+06 317.453 16928
0.000118156 3.34523e+06 395.259 21088
0.000121396 4.07136e+06 494.246 26288
0.000127315 4.86313e+06 619.15 32944
0.000127156 6.10155e+06 775.849 41264
0.000123717 7.87162e+06 973.853 51872
0.000133636 9.12109e+06 1218.91 65184
0.000132076 1.15651e+07 1527.47 81824
0.000123636 1.54354e+07 1908.38 102832
0.000128356 1.85231e+07 2377.55 129248
0.000133955 2.21937e+07 2972.96 162528
0.000142995 2.58143e+07 3691.32 204336
0.000158434 2.88469e+07 4570.33 257168
0.000172594 3.28557e+07 5670.69 323520
0.000197113 3.53599e+07 6969.9 407136
0.000209553 4.06519e+07 8518.73 512384
0.000241032 4.32137e+07 10415.9 644880
0.000293189 4.28775e+07 12571.2 811696
