# filename: ./acpphint-HoneyComb-65536MiB-threads_16-LP64-FreeBSD_main_n259950_5723e5ac6d76_64bit-g++_12_O3lto-libstdc++-DSIZE_ul-ISIZE_ul-using_10_threads.txt
# acpphint_main version: 0.1.30

0.000276551 141023 39 4880
0.000279311 175432 49 5920
0.00027603 213745 59 6960
0.00028175 244898 69 8000
0.00027527 286991 79 9040
0.00027543 359438 99 11120
0.000279831 425257 119 13200
0.00028351 523438 148.4 16320
0.000278551 635432 177 19440
0.000276031 787461 217.364 23600
0.00027747 965598 267.924 28800
0.00027903 1.17325e+06 327.372 35040
0.000275751 1.47833e+06 407.651 43360
0.00028183 1.797e+06 506.448 53760
0.000276471 2.31127e+06 639 67280
0.00028259 2.82742e+06 799 83920
0.00028095 3.5415e+06 994.985 104720
0.00027851 4.47367e+06 1245.96 130720
0.00028231 5.53676e+06 1563.08 164000
0.00028103 6.98653e+06 1963.42 205600
0.00028707 8.60966e+06 2471.58 258640
0.00028459 1.09064e+07 3103.86 325200
0.00028799 1.35761e+07 3909.78 408400
0.00030123 1.63083e+07 4912.56 513440
0.000302949 2.03425e+07 6162.75 645520
0.000313789 2.48088e+07 7784.73 811920
0.000326909 2.98983e+07 9774.03 1020960
0.000342348 3.58397e+07 12269.7 1285120
0.000364187 4.26074e+07 15517.1 1616880
0.000387226 5.03246e+07 19487 2034960
0.000436624 5.59978e+07 24450 2561200
0.000467903 6.61578e+07 30955.4 3223680
0.000525461 7.39573e+07 38861.7 4057760
0.000579979 8.40632e+07 48754.9 5108160
0.000646937 9.54815e+07 61770.5 6430000
0.000752653 1.02994e+08 77519 8094000
0.000851769 1.14139e+08 97219.7 10188560
0.000984444 1.25207e+08 123260 12826000
0.00116144 1.33145e+08 154639 16146720
0.00160882 1.20525e+08 193903 20326480
0.00239867 1.02552e+08 245989 25588880
0.00343687 8.97613e+07 308498 32213680
0.00474422 8.15184e+07 386741 40553440
0.00630116 7.7878e+07 490722 51053280
0.00826113 7.44994e+07 615449 64271680
0.0107337 7.18643e+07 771371 80912720
0.0137843 7.09933e+07 978591 101862480
0.0176405 6.95997e+07 1.22777e+06 128236880
0.0224512 6.85229e+07 1.53842e+06 161439920
0.0285174 6.84251e+07 1.95131e+06 203239600
0.036288 6.74872e+07 2.44897e+06 255862560
0.0458778 6.68672e+07 3.06772e+06 322111600
0.0580969 6.69588e+07 3.8901e+06 405513360
0.0733336 6.65937e+07 4.88356e+06 510510720
0.0928122 6.58878e+07 6.11519e+06 642694720
0.116957 6.62797e+07 7.7519e+06 809104080
0.147558 6.5961e+07 9.73305e+06 1018600640
0.185986 6.54973e+07 1.21816e+07 1282341520
0.234336 6.58619e+07 1.54338e+07 1614371920
0.295723 6.5523e+07 1.93767e+07 2032372880
0.372555 6.50434e+07 2.42323e+07 2558605600
0.468982 6.5406e+07 3.06742e+07 3221092880
0.590894 6.51382e+07 3.84898e+07 4055114640
0.743696 6.46377e+07 4.80708e+07 5105086160
0.937615 6.47932e+07 6.07511e+07 6426922000
1.17965 6.4529e+07 7.61213e+07 8091014560
