# filename: ./acpphint-HoneyComb-65536MiB-threads_16-LP64-FreeBSD_main_n247756_348c41d1815d_64bit-clang++_12_O3-libc++-cpulockdown-DSIZE_ul-ISIZE_ul-using_2_threads.txt
# acpphint_main version: 0.1.24

5.8799e-05 119050 7 976
6.3199e-05 142407 9 1184
5.7319e-05 191908 11 1392
5.8679e-05 221544 13 1600
5.9039e-05 254069 15 1808
5.8799e-05 323135 19 2224
5.7759e-05 398206 23 2640
6.2678e-05 461620 28.9334 3264
6.0078e-05 578888 34.7785 3888
6.1159e-05 700119 42.8186 4720
5.8839e-05 898767 52.8825 5760
5.8119e-05 1.11519e+06 64.8139 7008
6.0118e-05 1.3448e+06 80.8465 8672
6.0318e-05 1.66973e+06 100.715 10752
6.0199e-05 2.10967e+06 127 13456
5.9839e-05 2.65713e+06 159 16784
6.0399e-05 3.28727e+06 198.548 20944
6.1599e-05 4.03689e+06 248.668 26144
6.4359e-05 4.85354e+06 312.369 32800
6.5159e-05 6.02171e+06 392.369 41120
6.4558e-05 7.65493e+06 494.187 51728
6.8358e-05 9.09011e+06 621.382 65040
7.3158e-05 1.06886e+07 781.955 81680
7.8798e-05 1.24774e+07 983.196 102688
8.3918e-05 1.47181e+07 1235.11 129104
9.0918e-05 1.71295e+07 1557.38 162384
0.000101397 1.93019e+07 1957.15 204192
0.000112916 2.17903e+07 2460.47 257024
0.000125997 2.46395e+07 3104.51 323376
0.000147715 2.6423e+07 3903.07 406992
0.000172434 2.84446e+07 4904.82 512240
0.000203593 3.04195e+07 6193.19 644736
0.000237512 3.27764e+07 7784.78 811552
0.00028259 3.46186e+07 9782.87 1021632
0.000343188 3.60081e+07 12357.5 1286000
0.000422065 3.67952e+07 15530 1618800
0.000524301 3.72141e+07 19511.4 2037712
0.000647736 3.80656e+07 24656.5 2565200
0.000791531 3.91419e+07 30982 3229344
0.00100196 3.88455e+07 38921.7 4065296
0.00125599 3.9174e+07 49202.3 5117776
0.00156894 3.93968e+07 61811.3 6442736
0.00195481 3.97188e+07 77642.6 8110688
0.00246127 3.98831e+07 98162.9 10210656
0.00314148 3.9256e+07 123322 12854336
0.00401033 3.8623e+07 154891 16182544
0.00517476 3.78397e+07 195811 20372496
0.00653415 3.76557e+07 246048 25647376
0.00833892 3.70542e+07 308992 32287984
0.0105488 3.70271e+07 390591 40647920
0.01338 3.66887e+07 490894 51172512
0.0170647 3.61208e+07 616392 64422320
0.0214693 3.62888e+07 779097 81102672
0.0271086 3.61267e+07 979346 102102144
0.0342858 3.58613e+07 1.22953e+06 128538944
0.0438036 3.54745e+07 1.55391e+06 161820816
0.0545436 3.58175e+07 1.95361e+06 203720128
0.0679661 3.60804e+07 2.45225e+06 256468304
0.0868288 3.5688e+07 3.09874e+06 322874384
0.108881 3.57844e+07 3.89624e+06 406474576
0.136723 3.57624e+07 4.88954e+06 511721120
0.173331 3.56383e+07 6.17721e+06 644218576
0.21725 3.5752e+07 7.76712e+06 811022928
0.278725 3.49586e+07 9.74384e+06 1021017232
0.350209 3.51371e+07 1.23053e+07 1285384400
0.435469 3.55247e+07 1.54699e+07 1618202912
0.546101 3.55168e+07 1.93958e+07 2037196656
0.690062 3.54726e+07 2.44783e+07 2564678416
0.865421 3.55399e+07 3.0757e+07 3228738592
1.08567 3.54829e+07 3.85229e+07 4064740928
