# filename: ./acpphint-HoneyComb-65536MiB-threads_16-LP64-FreeBSD_main_n247756_348c41d1815d_64bit-g++_11_O3lto-libstdc++-DSIZE_d-ISIZE_ul-using_15_threads-cpus_kp1_1_15.txt
# acpphint_main version: 0.1.24

0.000521581 113118 59 7320
0.000474942 155808 74 8880
0.0005323 167199 89 10440
0.00052418 198405 104 12000
0.000497541 239176 119 13560
0.0005225 285167 149 16680
0.00052062 343821 179 19800
0.00052462 425197 223.067 24480
0.000516421 514869 265.889 29160
0.00053494 610264 326.455 35400
0.00053026 758730 402.324 43200
0.00053186 924067 491.474 52560
0.00052962 1.15537e+06 611.906 65040
0.0005179 1.46753e+06 760.032 80640
0.000516661 1.85615e+06 958.999 100920
0.0005195 2.30799e+06 1199 125880
0.00051558 2.8953e+06 1492.76 157080
0.000541939 3.44921e+06 1869.26 196080
0.0005307 4.41824e+06 2344.76 246000
0.00052446 5.61593e+06 2945.33 308400
0.00053786 6.89292e+06 3707.43 387960
0.000545459 8.53476e+06 4655.36 487800
0.00054498 1.07612e+07 5864.66 612600
0.00053198 1.38508e+07 7368.36 770160
0.000486901 1.89821e+07 9242.38 968280
0.00052266 2.2341e+07 11676.7 1217880
0.000504381 2.90641e+07 14659.4 1531440
0.00052954 3.4747e+07 18399.9 1927680
0.000569338 4.08799e+07 23274.5 2425320
0.000601737 4.85696e+07 29226.1 3052440
0.000662294 5.53594e+07 36664.2 3841800
0.000724693 6.40685e+07 46430 4835520
0.000802089 7.26624e+07 58281.7 6086640
0.000887486 8.23755e+07 73107.1 7662240
0.000998881 9.27498e+07 92646.1 9645000
0.0011254 1.03297e+08 116250 12141000
0.00123455 1.18073e+08 145767 15282840
0.00158002 1.16996e+08 184856 19239000
0.00235411 9.84988e+07 231877 24220080
0.00335231 8.67132e+07 290689 30489720
0.0045315 8.13989e+07 368859 38383320
0.00600712 7.69898e+07 462487 48320520
0.00783941 7.39373e+07 579625 60830160
0.0101236 7.26605e+07 735589 76579920
0.0130137 7.08693e+07 922271 96407520
0.0166445 6.94205e+07 1.15547e+06 121369080
0.0211779 6.92187e+07 1.46591e+06 152793720
0.0268955 6.83508e+07 1.83833e+06 192355320
0.0341077 6.74941e+07 2.30207e+06 242159880
0.0431807 6.7603e+07 2.91914e+06 304859400
0.0546274 6.70141e+07 3.6608e+06 383793840
0.0690662 6.63277e+07 4.581e+06 483167400
0.0872614 6.65157e+07 5.80425e+06 608270040
0.11002 6.6135e+07 7.27616e+06 765766080
0.138753 6.5543e+07 9.0943e+06 964042080
0.175042 6.5734e+07 1.15062e+07 1213656120
0.220654 6.52944e+07 1.44075e+07 1527900960
