# filename: ./acpphint-HoneyComb-65536MiB-threads_16-LP64-FreeBSD_main_n259950_5723e5ac6d76_64bit-clang++_15_O3lto-libc++-DSIZE_ull-ISIZE_ull-using_10_threads.txt
# acpphint_main version: 0.1.31

0.000255792 152468 39 4880
0.000262952 186346 49 5920
0.000260231 226722 59 6960
0.000253552 272134 69 8000
0.000250752 315052 79 9040
0.000253471 390577 99 11120
0.000253111 470149 119 13200
0.000248032 598310 148.4 16320
0.000243352 727342 177 19440
0.000258272 841608 217.364 23600
0.000256911 1.04287e+06 267.924 28800
0.000265271 1.2341e+06 327.372 35040
0.000253272 1.60954e+06 407.651 43360
0.000280751 1.8039e+06 506.448 53760
0.000260991 2.44836e+06 639 67280
0.000258351 3.09269e+06 799 83920
0.000259711 3.83112e+06 994.985 104720
0.000265871 4.68634e+06 1245.96 130720
0.000268471 5.82216e+06 1563.08 164000
0.000255392 7.68788e+06 1963.42 205600
0.000264551 9.34253e+06 2471.58 258640
0.000273511 1.13482e+07 3103.86 325200
0.000271031 1.44256e+07 3909.78 408400
0.000273351 1.79716e+07 4912.56 513440
0.00028063 2.19604e+07 6162.75 645520
0.000289351 2.69041e+07 7784.73 811920
0.00030855 3.16773e+07 9774.03 1020960
0.000324149 3.78519e+07 12269.7 1285120
0.00032211 4.81732e+07 15517.1 1616880
0.000350148 5.56535e+07 19487 2034960
0.000384987 6.35086e+07 24450 2561200
0.000431585 7.1725e+07 30955.4 3223680
0.000480863 8.08165e+07 38861.7 4057760
0.00055562 8.77486e+07 48754.9 5108160
0.000644338 9.58666e+07 61770.5 6430000
0.000740854 1.04635e+08 77519 8094000
0.000872089 1.11479e+08 97219.7 10188560
0.001019 1.20961e+08 123260 12826000
0.00120032 1.28832e+08 154639 16146720
0.00164694 1.17736e+08 193903 20326480
0.00239755 1.026e+08 245989 25588880
0.00343464 8.98197e+07 308498 32213680
0.00472115 8.19168e+07 386741 40553440
0.00628157 7.81209e+07 490722 51053280
0.00825682 7.45383e+07 615449 64271680
0.0106601 7.23606e+07 771371 80912720
0.0137239 7.13056e+07 978591 101862480
0.0175964 6.97738e+07 1.22777e+06 128236880
0.0224145 6.8635e+07 1.53842e+06 161439920
0.0285946 6.82404e+07 1.95131e+06 203239600
0.0361973 6.76563e+07 2.44897e+06 255862560
0.0458572 6.68972e+07 3.06772e+06 322111600
0.0580872 6.69699e+07 3.8901e+06 405513360
0.0734108 6.65238e+07 4.88356e+06 510510720
0.0926404 6.601e+07 6.11519e+06 642694720
0.117099 6.61995e+07 7.7519e+06 809104080
0.1477 6.58974e+07 9.73305e+06 1018600640
0.186145 6.54414e+07 1.21816e+07 1282341520
0.234555 6.58005e+07 1.54338e+07 1614371920
0.295229 6.56325e+07 1.93767e+07 2032372880
0.373863 6.48159e+07 2.42323e+07 2558605600
0.469231 6.53713e+07 3.06742e+07 3221092880
0.590873 6.51406e+07 3.84898e+07 4055114640
0.744421 6.45748e+07 4.80708e+07 5105086160
0.937358 6.4811e+07 6.07511e+07 6426922000
1.18091 6.44601e+07 7.61213e+07 8091014560
