# filename: ./acpphint-HoneyComb-65536MiB-threads_16-LP64-FreeBSD_main_n247756_348c41d1815d_64bit-clang++_12_O3-libc++-DSIZE_ui-ISIZE_ui-using_4_threads-cpus_kx4p1_kx4p3_1_15.txt
# acpphint_main version: 0.1.24

0.000109557 136884 14.9966 1120
0.000109477 173501 18.9944 1328
0.000108237 212421 22.9919 1536
0.000106437 253567 26.9889 1744
0.000108316 286064 30.9854 1952
0.000107637 362111 38.9766 2368
0.000109037 430736 46.9661 2784
0.000109917 534475 58.7479 3408
0.000110117 638023 70.2572 4032
0.000111997 770925 86.3413 4864
0.000108397 982227 106.47 5904
0.000106796 1.21906e+06 130.191 7152
0.000108397 1.49583e+06 162.144 8816
0.000110157 1.82944e+06 201.526 10896
0.000110237 2.30423e+06 254.012 13600
0.000110876 2.86313e+06 317.453 16928
0.000111076 3.55846e+06 395.259 21088
0.000111276 4.44163e+06 494.246 26288
0.000113636 5.44853e+06 619.15 32944
0.000114277 6.7892e+06 775.849 41264
0.000114917 8.4744e+06 973.853 51872
0.000118276 1.03056e+07 1218.91 65184
0.000119596 1.27719e+07 1527.47 81824
0.000123236 1.54855e+07 1908.38 102832
0.000120277 1.97672e+07 2377.55 129248
0.000119516 2.4875e+07 2972.96 162528
0.000127556 2.89388e+07 3691.32 204336
0.000140275 3.25812e+07 4570.33 257168
0.000149835 3.78462e+07 5670.69 323520
0.000167834 4.15285e+07 6969.9 407136
0.000187994 4.53139e+07 8518.73 512384
0.000210992 4.93663e+07 10415.9 644880
0.000247071 5.08809e+07 12571.2 811696
