# filename: ./acpphint-HoneyComb-65536MiB-threads_16-LP64-FreeBSD_main_n247756_348c41d1815d_64bit-g++_11_O3lto-libstdc++-DSIZE_d-ISIZE_ull-using_4_threads-cpus_kx4_kx4p3_0_15.txt
# acpphint_main version: 0.1.24

0.000131996 113640 15 1952
0.000134395 141374 19 2368
0.000139036 165425 23 2784
0.000134356 200959 27 3200
0.000134955 229706 31 3616
0.000134756 289412 39 4448
0.000136475 344385 47 5280
0.000135076 435311 58.8001 6528
0.000133516 526782 70.3338 7776
0.000133996 645205 86.4548 9440
0.000134716 791619 106.644 11520
0.000133796 975002 130.451 14016
0.000134276 1.21054e+06 162.546 17344
0.000136436 1.48163e+06 202.147 21504
0.000139076 1.83353e+06 255 26912
0.000138956 2.29569e+06 319 33568
0.000139195 2.85682e+06 397.655 41888
0.000140596 3.54202e+06 497.994 52288
0.000143836 4.34562e+06 625.057 65600
0.000143995 5.45246e+06 785.127 82240
0.000146075 6.76733e+06 988.538 103456
0.000150435 8.25622e+06 1242.02 130080
0.000153915 1.01608e+07 1563.9 163360
0.000154595 1.27141e+07 1965.54 205376
0.000162714 1.5162e+07 2467.07 258208
0.000167555 1.85861e+07 3114.2 324768
0.000182074 2.14823e+07 3911.38 408384
0.000204633 2.40081e+07 4912.86 514048
0.000222112 2.79481e+07 6207.61 646752
0.000243951 3.19697e+07 7799.04 813984
0.00027079 3.61581e+07 9791.26 1024480
0.000306429 4.04127e+07 12383.6 1289472
0.000342748 4.538e+07 15553.9 1623104
0.000397225 4.91562e+07 19526.1 2043264
0.000477102 5.17926e+07 24710.4 2572000
0.000568739 5.45536e+07 31026.7 3237600
0.000698174 5.57717e+07 38938.4 4075424
0.000839569 5.87274e+07 49305.7 5130400
0.00102088 6.06281e+07 61894.1 6458688
0.00123919 6.26739e+07 77665.1 8130592
0.00151378 6.49982e+07 98393.2 10235552
0.00188625 6.54601e+07 123474 12885472
0.00235459 6.57891e+07 154906 16221376
0.00296617 6.61729e+07 196280 20421312
0.00378685 6.50456e+07 246318 25708672
0.00486981 6.34441e+07 308961 32365088
0.0061866 6.32684e+07 391417 40744992
0.00798421 6.15385e+07 491336 51294752
0.0101524 6.06886e+07 616138 64575968
0.0130167 5.99548e+07 780415 81295840
0.0163182 6.00461e+07 979847 102345024
0.0209458 5.86446e+07 1.22836e+06 128844640
0.0262115 5.93416e+07 1.55543e+06 162205344
0.0328951 5.9375e+07 1.95315e+06 204204288
0.0409295 5.9797e+07 2.44746e+06 257077888
0.0527562 5.87184e+07 3.09776e+06 323641632
0.0657813 5.9128e+07 3.88952e+06 407440256
0.0826669 5.89186e+07 4.87062e+06 512936608
0.10404 5.92086e+07 6.16009e+06 645748768
0.130219 5.93679e+07 7.73084e+06 812949152
0.162864 5.93733e+07 9.66976e+06 1023442240
0.208581 5.85512e+07 1.22127e+07 1288437152
0.256111 5.97707e+07 1.53079e+07 1622045856
