# filename: ./acpphint-HoneyComb-65536MiB-threads_16-LP64-FreeBSD_main_n247756_348c41d1815d_64bit-g++_11_O3lto-libc++-DSIZE_f-ISIZE_ui-using_16_threads.txt
# acpphint_main version: 0.1.24

0.000483182 130257 62.9377 4480
0.000492822 160054 78.878 5312
0.000495942 191236 94.8421 6144
0.00054258 204225 110.809 6976
0.000545899 232186 126.75 7808
0.00052014 304798 158.538 9472
0.000496542 383526 190.437 11136
0.000446624 531185 237.24 13632
0.000482222 585819 282.495 16128
0.000506182 684654 346.559 19456
0.000457463 931482 426.119 23616
0.000506861 1.02468e+06 519.369 28608
0.000450224 1.43082e+06 644.191 35264
0.000466743 1.7062e+06 796.358 43584
