# filename: ./acpphint-HoneyComb-65536MiB-threads_16-LP64-FreeBSD_main_n247756_348c41d1815d_64bit-g++_11_O3lto-libc++-DSIZE_ld-ISIZE_ull-using_8_threads.txt
# acpphint_main version: 0.1.24

0.000228832 135471 31 6720
0.000233552 166986 39 8256
0.000236432 198789 47 9792
0.000236672 232389 55 11328
0.000235792 267185 63 12864
0.000239032 330500 79 15936
0.000238192 398838 95 19008
0.000246631 480610 118.533 23616
0.000249951 565890 141.445 28224
0.000255071 681094 173.727 34368
0.000259951 823864 214.164 42048
0.000255992 1.02242e+06 261.732 51264
0.000260271 1.25235e+06 325.949 63552
0.000281871 1.43688e+06 405.014 78912
0.00029735 1.71851e+06 511 98880
0.000325068 1.96574e+06 639 123456
0.000349747 2.27557e+06 795.875 154176
0.000386466 2.57885e+06 996.639 192576
0.000430544 2.90425e+06 1250.41 241728
0.000488342 3.21631e+06 1570.66 303168
0.0005631 3.51133e+06 1977.23 381504
0.000651216 3.81326e+06 2483.26 479808
0.000764452 4.09159e+06 3127.82 602688
0.000904606 4.34469e+06 3930.23 757824
0.00108332 4.55164e+06 4930.87 952896
0.00130779 4.76215e+06 6227.9 1198656
0.00158174 4.94382e+06 7819.83 1507392
0.00193269 5.07968e+06 9817.43 1897536
0.00238115 5.21343e+06 12414 2387520
0.00295469 5.27673e+06 15591.1 3004992
0.00366458 5.33864e+06 19563.9 3782208
0.00455434 5.43767e+06 24765 4760640
0.0056879 5.46647e+06 31092.7 5992512
0.00709253 5.5005e+06 39012.5 7543872
0.00883898 5.5909e+06 49417.9 9496128
0.0110569 5.60942e+06 62022.8 11953728
0.0137937 5.63986e+06 77794.5 15047232
0.0172027 5.7323e+06 98611.2 18942528
0.0215527 5.74075e+06 123729 23846976
0.0269788 5.75136e+06 155165 30020160
0.0338502 5.81391e+06 196802 37792320
0.042498 5.80832e+06 246842 47576640
0.0534211 5.79345e+06 309492 59893824
0.0670959 5.85164e+06 392621 75401280
0.0844037 5.8348e+06 492479 94923840
0.106185 5.81393e+06 617350 119501376
0.133342 5.87252e+06 783052 150442560
0.167779 5.85642e+06 982585 189395520
0.211226 5.83003e+06 1.23145e+06 238433856
0.265649 5.87899e+06 1.56175e+06 300168768
0.334157 5.86679e+06 1.96043e+06 377888832
0.421064 5.83387e+06 2.45643e+06 475733568
0.529809 5.87912e+06 3.11481e+06 598911552
0.667332 5.86123e+06 3.91138e+06 753984576
0.840923 5.82679e+06 4.89988e+06 949210176
1.05739 5.87502e+06 6.21219e+06 1194984000
