# filename: ./acpphint-HoneyComb-65536MiB-threads_16-LP64-FreeBSD_main_n264334_215bab7924f6_64bit-clang++_16_O3lto-libc++-DSIZE_ul-ISIZE_ul-using_2_threads.txt
# acpphint_main version: 0.1.35

0.000109237 64080.9 7 976
9.8877e-05 91022.2 9 1184
9.6677e-05 113781 11 1392
0.000109317 118920 13 1600
0.000106477 140875 15 1808
0.000104117 182487 19 2224
9.3197e-05 246789 23 2640
9.6118e-05 301020 28.9334 3264
9.3598e-05 371573 34.7785 3888
8.3718e-05 511462 42.8186 4720
8.3438e-05 633794 52.8825 5760
8.3598e-05 775305 64.8139 7008
8.3678e-05 966162 80.8465 8672
8.4198e-05 1.19617e+06 100.715 10752
8.5198e-05 1.49065e+06 127 13456
8.4358e-05 1.88482e+06 159 16784
8.9558e-05 2.21697e+06 198.548 20944
9.4238e-05 2.63873e+06 248.668 26144
8.8278e-05 3.53847e+06 312.369 32800
9.0438e-05 4.33854e+06 392.369 41120
9.2078e-05 5.36705e+06 494.187 51728
0.000100437 6.18678e+06 621.382 65040
0.000104237 7.5017e+06 781.955 81680
0.000101438 9.69258e+06 983.196 102688
0.000107637 1.14748e+07 1235.11 129104
0.000114757 1.35711e+07 1557.38 162384
0.000128237 1.5262e+07 1957.15 204192
0.000135636 1.81403e+07 2460.47 257024
0.000144236 2.15238e+07 3104.51 323376
0.000160395 2.43341e+07 3903.07 406992
0.000183354 2.67505e+07 4904.82 512240
0.000208114 2.97587e+07 6193.19 644736
0.000240872 3.23191e+07 7784.78 811552
0.00028963 3.37771e+07 9782.87 1021632
0.000347149 3.55972e+07 12357.5 1286000
0.000400586 3.87682e+07 15530 1618800
0.000512382 3.80797e+07 19511.4 2037712
0.000633058 3.89482e+07 24656.5 2565200
0.000768933 4.02922e+07 30982 3229344
0.000946966 4.11015e+07 38921.7 4065296
0.00114468 4.29835e+07 49202.3 5117776
0.00143111 4.31912e+07 61811.3 6442736
0.00181334 4.28176e+07 77642.6 8110688
0.0022692 4.32588e+07 98162.9 10210656
0.00289822 4.2551e+07 123322 12854336
0.00369427 4.19273e+07 154891 16182544
0.00476851 4.10634e+07 195811 20372496
0.0061679 3.98917e+07 246048 25647376
0.00792099 3.90093e+07 308992 32287984
0.010063 3.88144e+07 390591 40647920
0.0129684 3.78531e+07 490894 51172512
0.0163851 3.76191e+07 616392 64422320
0.0209343 3.72162e+07 779097 81102672
0.0262899 3.72517e+07 979346 102102144
0.0335905 3.66035e+07 1.22953e+06 128538944
0.0422065 3.68169e+07 1.55391e+06 161820816
0.0541256 3.60941e+07 1.95361e+06 203720128
0.066695 3.67681e+07 2.45225e+06 256468304
0.0850953 3.6415e+07 3.09874e+06 322874384
0.109676 3.5525e+07 3.89624e+06 406474576
0.137567 3.55429e+07 4.88954e+06 511721120
0.16856 3.66471e+07 6.17721e+06 644218576
0.213281 3.64174e+07 7.76712e+06 811022928
0.273587 3.56152e+07 9.74384e+06 1021017232
0.34075 3.61124e+07 1.23053e+07 1285384400
0.421299 3.67195e+07 1.54699e+07 1618202912
0.534443 3.62916e+07 1.93958e+07 2037196656
0.666221 3.6742e+07 2.44783e+07 2564678416
0.846952 3.6315e+07 3.0757e+07 3228738592
1.04465 3.68764e+07 3.85229e+07 4064740928
