# filename: ./acpphint-HoneyComb-65536MiB-threads_16-LP64-FreeBSD_main_n247756_348c41d1815d_64bit-clang++_12_O3lto-libc++-cpulockdown-DSIZE_ul-ISIZE_ul-using_4_threads-cpus_2_3_8_9.txt
# acpphint_main version: 0.1.24

0.000103677 144680 15 1952
0.000103238 184041 19 2368
9.8317e-05 233937 23 2784
9.3798e-05 287853 27 3200
9.8917e-05 313394 31 3616
0.000104357 373717 39 4448
0.000101917 461160 47 5280
0.000103717 566928 58.8001 6528
0.000102998 682866 70.3339 7776
9.9357e-05 870143 86.4548 9440
0.000107917 988201 106.644 11520
0.000102437 1.27348e+06 130.451 14016
0.000100957 1.61005e+06 162.546 17344
0.000100477 2.01188e+06 202.147 21504
0.000103277 2.46909e+06 255 26912
0.000108477 2.94072e+06 319 33568
0.000106237 3.74309e+06 397.655 41888
0.000105597 4.71598e+06 497.994 52288
9.8517e-05 6.34466e+06 625.057 65600
0.000108836 7.21386e+06 785.128 82240
0.000105637 9.35789e+06 988.539 103456
0.000107637 1.1539e+07 1242.03 130080
0.000113556 1.37721e+07 1563.9 163360
0.000118436 1.65958e+07 1965.55 205376
0.000128596 1.91847e+07 2467.07 258208
0.000136075 2.28859e+07 3114.2 324768
0.000148995 2.62518e+07 3911.39 408384
0.000156754 3.13413e+07 4912.88 514048
0.000180514 3.43887e+07 6207.63 646752
0.000198034 3.93825e+07 7799.08 813984
0.000223392 4.38303e+07 9791.33 1024480
0.000263511 4.69952e+07 12383.7 1289472
0.00030323 5.12947e+07 15554.1 1623104
0.000362787 5.38232e+07 19526.4 2043264
0.000432825 5.7092e+07 24710.8 2572000
0.000512421 6.05508e+07 31027.5 3237600
0.000607458 6.41024e+07 38939.5 4075424
0.000736053 6.69892e+07 49307.6 5130400
0.000902846 6.85577e+07 61897.1 6458688
0.0010988 7.06861e+07 77669.8 8130592
0.00137867 7.13737e+07 98400.6 10235552
0.00174146 7.09095e+07 123486 12885472
0.00225547 6.86883e+07 154925 16221376
0.00299169 6.56183e+07 196309 20421312
0.00391641 6.29057e+07 246365 25708672
0.00510061 6.05876e+07 309034 32365088
0.00664299 5.89394e+07 391534 40744992
0.00854284 5.7536e+07 491521 51294752
0.0109764 5.61593e+07 616428 64575968
0.0140266 5.56712e+07 780880 81295840
0.017868 5.48792e+07 980581 102345024
0.0227053 5.41509e+07 1.22951e+06 128844640
0.0287614 5.41447e+07 1.55728e+06 162205344
0.0362831 5.39111e+07 1.95606e+06 204204288
0.0456155 5.37545e+07 2.45204e+06 257077888
0.0574295 5.40682e+07 3.10511e+06 323641632
0.0729099 5.3506e+07 3.90112e+06 407440256
0.0917806 5.32663e+07 4.88881e+06 512936608
0.116042 5.33358e+07 6.18922e+06 645748768
0.145669 5.3387e+07 7.77683e+06 812949152
0.184902 5.26864e+07 9.7418e+06 1023442240
0.232931 5.29252e+07 1.23279e+07 1288437152
0.291696 5.31007e+07 1.54893e+07 1622045856
0.367686 5.27369e+07 1.93906e+07 2042034464
0.461677 5.31121e+07 2.45206e+07 2570768800
0.581886 5.29237e+07 3.07956e+07 3236405824
0.731964 5.26127e+07 3.85106e+07 4074393312
0.924331 5.26174e+07 4.86359e+07 5129356832
1.16651 5.23033e+07 6.10123e+07 6457477184
