# filename: ./acpphint-HoneyComb-65536MiB-threads_16-LP64-FreeBSD_main_n247756_348c41d1815d_64bit-clang++_12_O3lto-libc++-DSIZE_ld-ISIZE_ull-using_8_threads-cpus_kx4p2_kx4p3_1_15.txt
# acpphint_main version: 0.1.24

0.000223192 138894 31 6720
0.000230872 168925 39 8256
0.000230552 203859 47 9792
0.000233632 235413 55 11328
0.000235192 267866 63 12864
0.000236151 334532 79 15936
0.000238352 398570 95 19008
0.000245911 482017 118.533 23616
0.000255551 553489 141.445 28224
0.000259871 668514 173.727 34368
0.000268511 797600 214.164 42048
0.00026759 978107 261.732 51264
0.00028071 1.16116e+06 325.949 63552
0.000302709 1.33797e+06 405.014 78912
0.000327948 1.55817e+06 511 98880
0.000351068 1.82016e+06 639 123456
0.000389186 2.04497e+06 795.875 154176
0.000435864 2.28658e+06 996.639 192576
0.000497422 2.51378e+06 1250.41 241728
0.000571579 2.74793e+06 1570.66 303168
0.000665455 2.97125e+06 1977.23 381504
0.000783891 3.16786e+06 2483.26 479808
0.000934765 3.34611e+06 3127.82 602688
0.00111928 3.5114e+06 3930.23 757824
0.00135679 3.63423e+06 4930.87 952896
0.0016545 3.76422e+06 6227.9 1198656
0.00203012 3.8519e+06 7819.83 1507392
0.00250894 3.91297e+06 9817.43 1897536
0.00310624 3.99646e+06 12414 2387520
0.00386201 4.03703e+06 15591.1 3004992
0.00481186 4.06577e+06 19563.9 3782208
0.00598809 4.13571e+06 24765 4760640
0.00747799 4.1579e+06 31092.7 5992512
0.00932644 4.183e+06 39012.5 7543872
0.0116613 4.23776e+06 49417.9 9496128
0.0146283 4.23992e+06 62022.8 11953728
0.0183253 4.24519e+06 77794.5 15047232
0.0229457 4.2976e+06 98611.2 18942528
0.0288126 4.29426e+06 123729 23846976
0.0361908 4.28741e+06 155165 30020160
0.045474 4.3278e+06 196802 37792320
0.0571867 4.31642e+06 246842 47576640
0.071919 4.30335e+06 309492 59893824
0.0905291 4.33696e+06 392621 75401280
0.113875 4.32475e+06 492479 94923840
0.143241 4.30986e+06 617350 119501376
0.180454 4.33936e+06 783052 150442560
0.227081 4.32703e+06 982585 189395520
0.285411 4.31468e+06 1.23145e+06 238433856
0.359206 4.34778e+06 1.56175e+06 300168768
0.452973 4.32792e+06 1.96043e+06 377888832
0.569964 4.3098e+06 2.45643e+06 475733568
0.717473 4.34136e+06 3.11481e+06 598911552
0.90366 4.32838e+06 3.91138e+06 753984576
1.13733 4.30824e+06 4.89988e+06 949210176
