# filename: ./acpphint-HoneyComb-65536MiB-threads_16-LP64-FreeBSD_main_n259950_5723e5ac6d76_64bit-clang++_15_O3lto-libc++-cpulockdown-DSIZE_ul-ISIZE_ul-using_11_threads.txt
# acpphint_main version: 0.1.31

0.000275231 156232 43 5368
0.000271791 198682 54 6512
0.00028739 226173 65 7656
0.000267991 283592 76 8800
0.000270031 322185 87 9944
0.000269551 404376 109 12232
0.00027871 470023 131 14520
0.000255271 639843 163.333 17952
0.000264511 736370 194.778 21384
0.000255591 935800 239.182 25960
0.000272871 1.08038e+06 294.804 31680
0.000277471 1.29813e+06 360.193 38544
0.00029279 1.53182e+06 448.502 47696
0.000275111 2.02524e+06 557.165 59136
0.000272671 2.5782e+06 703 74008
0.00027431 3.2044e+06 879 92312
0.000276391 3.96012e+06 1094.54 115192
0.000272471 5.03034e+06 1370.62 143792
0.00027699 6.20751e+06 1719.42 180400
0.00027859 7.75263e+06 2159.81 226160
0.00028903 9.40646e+06 2718.75 284504
0.000273031 1.25047e+07 3414.17 357720
0.00028211 1.5245e+07 4300.76 449240
0.00028639 1.88684e+07 5403.73 564784
0.00028863 2.34858e+07 6778.7 710072
0.000300269 2.85183e+07 8563.15 893112
0.000311029 3.45663e+07 10751.1 1123056
0.000334589 4.03354e+07 13495.8 1413632
0.000321389 5.3109e+07 17068.6 1778568
0.000353708 6.06007e+07 21434.9 2238456
0.000379867 7.0796e+07 26893.1 2817320
0.000419465 8.11765e+07 34050.7 3546048
0.000465704 9.17884e+07 42746.2 4463536
0.000528262 1.01514e+08 53626.2 5618976
0.000602738 1.12731e+08 67947.1 7073000
0.000696815 1.22368e+08 85267.5 8903400
0.00080397 1.33006e+08 106933 11207416
0.000965485 1.40432e+08 135585 14108600
0.00135119 1.25886e+08 170096 17761392
0.00204228 1.0443e+08 213275 22359128
0.00297833 9.08516e+07 270586 28147768
0.00408809 8.3005e+07 339332 35435048
0.00543464 7.8271e+07 425375 44608784
0.00712717 7.57364e+07 539786 56158608
0.00925521 7.31434e+07 676957 70698848
0.0119154 7.12032e+07 848417 89003992
0.015219 7.07286e+07 1.07642e+06 112048728
0.0194339 6.94896e+07 1.35045e+06 141060568
0.0247128 6.84685e+07 1.69205e+06 177583912
0.0313669 6.84263e+07 2.14632e+06 223563560
0.0397563 6.7753e+07 2.69361e+06 281448816
0.0502781 6.71054e+07 3.37393e+06 354322760
0.0635828 6.72926e+07 4.27865e+06 446064696
0.0802337 6.6943e+07 5.37109e+06 561561792
0.101259 6.64148e+07 6.72511e+06 706964192
0.127686 6.67685e+07 8.52538e+06 890014488
0.161023 6.64719e+07 1.07035e+07 1120460704
0.202975 6.59915e+07 1.33946e+07 1410575672
0.255747 6.63574e+07 1.69707e+07 1775809112
0.322495 6.60594e+07 2.13039e+07 2235610168
0.40612 6.5591e+07 2.66378e+07 2814466160
0.511883 6.58679e+07 3.37166e+07 3543202168
0.643995 6.56826e+07 4.22992e+07 4460626104
0.811041 6.51181e+07 5.28135e+07 5615594776
1.02102 6.53561e+07 6.67298e+07 7069614200
