# filename: ./acpphint-HoneyComb-65536MiB-threads_16-LP64-FreeBSD_main_n247756_348c41d1815d_64bit-g++_11_O3lto-libc++-DSIZE_ul-ISIZE_ul-using_4_threads-cpus_kx2s_0_6.txt
# acpphint_main version: 0.1.24

0.000103917 144346 15 1952
0.000106637 178175 19 2368
0.000102957 223394 23 2784
0.000104157 259224 27 3200
0.000101237 306212 31 3616
0.000101557 384021 39 4448
0.000101557 462794 47 5280
0.000102358 574455 58.8001 6528
9.9277e-05 708461 70.3339 7776
0.000104477 827501 86.4548 9440
0.000103157 1.0338e+06 106.644 11520
0.000103117 1.26508e+06 130.451 14016
0.000106717 1.52315e+06 162.546 17344
0.000100597 2.00948e+06 202.147 21504
0.000103397 2.46622e+06 255 26912
0.000106277 3.00159e+06 319 33568
0.000107036 3.71515e+06 397.655 41888
0.000106677 4.66824e+06 497.994 52288
0.000110997 5.6313e+06 625.057 65600
0.000108797 7.21645e+06 785.128 82240
0.000112157 8.81389e+06 988.539 103456
0.000114396 1.08572e+07 1242.03 130080
0.000114517 1.36565e+07 1563.9 163360
0.000117437 1.6737e+07 1965.55 205376
0.000115557 2.13494e+07 2467.07 258208
0.000126476 2.46229e+07 3114.2 324768
0.000136556 2.86431e+07 3911.39 408384
0.000146156 3.36139e+07 4912.88 514048
0.000164195 3.78065e+07 6207.63 646752
0.000183074 4.26007e+07 7799.08 813984
0.000205634 4.76153e+07 9791.33 1024480
0.000243992 5.07547e+07 12383.7 1289472
0.00028139 5.52759e+07 15554.1 1623104
0.00031323 6.23387e+07 19526.4 2043264
0.000381386 6.47922e+07 24710.8 2572000
0.000469263 6.61196e+07 31027.5 3237600
0.000576378 6.7559e+07 38939.5 4075424
0.000691974 7.12564e+07 49307.6 5130400
0.000840968 7.36022e+07 61897.1 6458688
0.00102904 7.54778e+07 77669.8 8130592
0.00126943 7.75155e+07 98400.6 10235552
0.0015933 7.75031e+07 123486 12885472
0.00201592 7.68504e+07 154925 16221376
0.00261046 7.52011e+07 196309 20421312
0.00347799 7.08354e+07 246365 25708672
0.00439891 7.02523e+07 309034 32365088
0.00572082 6.84402e+07 391534 40744992
0.00747879 6.5722e+07 491521 51294752
0.00949072 6.49506e+07 616428 64575968
0.0120784 6.46508e+07 780880 81295840
0.0154442 6.34917e+07 980581 102345024
0.019645 6.25865e+07 1.22951e+06 128844640
0.024979 6.23434e+07 1.55728e+06 162205344
0.0312298 6.26346e+07 1.95606e+06 204204288
0.0395862 6.19416e+07 2.45204e+06 257077888
0.0500395 6.20531e+07 3.10511e+06 323641632
0.0632333 6.1694e+07 3.90112e+06 407440256
0.0792678 6.16746e+07 4.88881e+06 512936608
0.100377 6.16595e+07 6.18922e+06 645748768
0.126216 6.16154e+07 7.77683e+06 812949152
0.157981 6.16643e+07 9.7418e+06 1023442240
0.199958 6.16525e+07 1.23279e+07 1288437152
0.251601 6.15627e+07 1.54893e+07 1622045856
0.317683 6.10377e+07 1.93906e+07 2042034464
0.406608 6.03054e+07 2.45206e+07 2570768800
0.50163 6.1391e+07 3.07956e+07 3236405824
0.63583 6.05675e+07 3.85106e+07 4074393312
0.801856 6.06541e+07 4.86359e+07 5129356832
1.00376 6.07837e+07 6.10123e+07 6457477184
