# filename: ./acpphint-HoneyComb-65536MiB-threads_16-LP64-FreeBSD_main_n262658_b347c2284603_64bit-g++_13_O3lto-libstdc++-DSIZE_ull-ISIZE_ull-using_1_threads-cpus_11.txt
# acpphint_main version: 0.1.34

8.37222e-08 1.19443e+07 1 280
1.23333e-07 1.62162e+07 2 384
1.58556e-07 1.89208e+07 3 488
2.00048e-07 1.99952e+07 4 592
2.35556e-07 2.12264e+07 5 696
2.72033e-07 2.20561e+07 6 800
3.09231e-07 2.26368e+07 7 904
3.8405e-07 2.34344e+07 9 1112
4.62222e-07 2.37981e+07 11 1320
5.715e-07 2.44969e+07 14 1632
6.86833e-07 2.47513e+07 17 1944
8.40125e-07 2.49963e+07 21 2360
1.03025e-06 2.52366e+07 26 2880
1.26017e-06 2.53935e+07 32 3504
1.55025e-06 2.58023e+07 40 4336
1.93025e-06 2.59034e+07 50 5376
2.4205e-06 2.60277e+07 63 6728
3.0205e-06 2.61546e+07 79 8392
3.7605e-06 2.63263e+07 99 10472
4.721e-06 2.62656e+07 124 13072
5.921e-06 2.63469e+07 156 16400
7.561e-06 2.59225e+07 196 20560
9.32e-06 2.65021e+07 247 25864
1.1721e-05 2.65336e+07 311 32520
1.5e-05 2.60667e+07 391 40840
1.8961e-05 2.5948e+07 492 51344
2.444e-05 2.53273e+07 619 64552
3.092e-05 2.5194e+07 779 81192
4.0119e-05 2.44273e+07 980 102096
4.9559e-05 2.48996e+07 1234 128512
6.3599e-05 2.44186e+07 1553 161688
8.1318e-05 2.40414e+07 1955 203496
0.000102437 2.40245e+07 2461 256120
0.000132436 2.33924e+07 3098 322368
0.000159875 2.4394e+07 3900 405776
0.000207113 2.37068e+07 4909.99 510816
0.000261832 2.36067e+07 6180.99 643000
0.000328509 2.36858e+07 7780.99 809400
0.000422346 2.31918e+07 9794.98 1018856
0.000517742 2.38168e+07 12331 1282600
0.000653337 2.3761e+07 15523.9 1614672
0.00087289 2.23887e+07 19542.9 2032648
0.00107888 2.2804e+07 24602.9 2558888
0.00140963 2.19723e+07 30972.8 3221368
0.00169706 2.2976e+07 38991.6 4055344
0.0021306 2.30392e+07 49087.4 5105328
0.0028019 2.20554e+07 61797.1 6427168
0.00343112 2.26741e+07 77797.6 8091272
0.00458644 2.13544e+07 97940.8 10186248
0.00564748 2.18327e+07 123299 12823688
0.00706567 2.19687e+07 155223 16143992
0.00965174 2.02463e+07 195412 20323960
0.011876 2.07146e+07 246006 25586256
0.0162893 1.90124e+07 309699 32211160
0.0195616 1.99309e+07 389880 40551336
0.0244568 2.00687e+07 490818 51051072
0.0329993 1.87242e+07 617885 64269472
0.0409137 1.90118e+07 777842 80910408
0.0545856 1.79388e+07 979199 101860064
0.0596071 2.06799e+07 1.23267e+06 128234152
0.0770539 2.01381e+07 1.55172e+06 161437192
0.106573 1.83284e+07 1.95331e+06 203237288
0.132179 1.86019e+07 2.45879e+06 255860560
0.174997 1.76858e+07 3.09497e+06 322109288
0.199097 1.95664e+07 3.89561e+06 405511464
0.238228 2.05817e+07 4.90313e+06 510508616
0.340335 1.81317e+07 6.17085e+06 642692200
0.408024 1.90326e+07 7.76575e+06 809101456
0.554253 1.76308e+07 9.77193e+06 1018598328
0.646721 1.90111e+07 1.22949e+07 1282339208
0.79573 1.94373e+07 1.54669e+07 1614369296
1.07244 1.81395e+07 1.94535e+07 2032370464
