# filename: ./acpphint-HoneyComb-65536MiB-threads_16-LP64-FreeBSD_main_n247756_348c41d1815d_64bit-clang++_12_O3lto-libc++-DSIZE_ui-ISIZE_ui-using_8_threads-cpus_kx4_kx4p3n0_1_15.txt
# acpphint_main version: 0.1.24

0.000221513 139881 30.9854 2240
0.000222992 174789 38.9766 2656
0.000219352 214113 46.9661 3072
0.000227552 241500 54.9539 3488
0.000223272 281896 62.9395 3904
0.000223552 352958 78.9044 4736
0.000215233 440742 94.8621 5568
0.000222792 531082 118.321 6816
0.000222752 633614 141.139 8064
0.000223072 776724 173.265 9728
0.000226392 942915 213.468 11808
0.000223232 1.1678e+06 260.69 14304
0.000222632 1.45681e+06 324.332 17632
0.000222033 1.81298e+06 402.541 21792
0.000223472 2.26895e+06 507.046 27200
0.000227752 2.77857e+06 632.826 33856
0.000236352 3.32694e+06 786.33 42176
0.000228432 4.29777e+06 981.747 52576
0.000226512 5.41697e+06 1227.01 65888
0.000228432 6.71521e+06 1533.97 82528
0.000231792 8.28052e+06 1919.36 103744
0.000226632 1.05571e+07 2392.58 130368
0.000233511 1.27847e+07 2985.37 163648
0.000241031 1.53846e+07 3708.16 205664
0.000250632 1.82974e+07 4585.92 258496
0.000257911 2.20525e+07 5687.58 325056
0.00027399 2.55008e+07 6986.96 408672
0.000266431 3.20485e+07 8538.72 514336
0.000280589 3.71988e+07 10437.6 647040
0.000300789 4.1875e+07 12595.5 814272
