# filename: ./acpphint-HoneyComb-65536MiB-threads_16-LP64-FreeBSD_main_n262658_b347c2284603_64bit-g++_13_O3lto-libc++-cpulockdown-DSIZE_ull-ISIZE_ull-using_5_threads.txt
# acpphint_main version: 0.1.34

0.000108917 174445 19 2440
0.000110957 216300 24 2960
0.000113717 255019 29 3480
0.000115037 295557 34 4000
0.000111517 349722 39 4520
0.000114077 429534 49 5560
0.000111557 528878 59 6600
0.000116477 633030 73.7334 8160
0.000117756 748255 88.1116 9720
0.000114597 944815 108.273 11800
0.000112837 1.18333e+06 133.524 14400
0.000111877 1.45938e+06 163.271 17520
0.000115757 1.7571e+06 203.397 21680
0.000114556 2.20734e+06 252.864 26880
0.000119956 2.65931e+06 319 33640
0.000118836 3.35757e+06 399 41960
0.000117877 4.21804e+06 497.209 52360
0.000119116 5.2273e+06 622.655 65360
0.000120837 6.46653e+06 781.396 82000
0.000127996 7.66828e+06 981.51 102800
0.000127756 9.67244e+06 1235.71 129320
0.000129436 1.19931e+07 1552.34 162600
0.000135396 1.44383e+07 1954.88 204200
0.000135916 1.80753e+07 2456.72 256720
0.000142995 2.15604e+07 3083.03 322760
0.000137596 2.82902e+07 3892.62 405960
0.000132316 3.69456e+07 4888.5 510480
0.000141996 4.32338e+07 6139.02 642560
0.000166115 4.67099e+07 7759.21 808440
0.000177275 5.49828e+07 9747.07 1017480
0.000199994 6.11742e+07 12234.5 1280600
0.000225592 6.86152e+07 15479 1611840
0.000263552 7.37566e+07 19438.7 2028880
0.00030283 8.05662e+07 24397.9 2554080
0.000365067 8.46077e+07 30887.5 3215000
0.000442705 8.75891e+07 38776.2 4047000
0.000542542 8.96762e+07 48653.1 5094280
0.000670257 9.19544e+07 61633.1 6413000
0.000820371 9.42919e+07 77354.4 8073360
0.00100208 9.68408e+07 97042.7 10163240
0.00123436 9.96466e+07 122999 12794440
0.00163558 9.43531e+07 154322 16106840
0.00220532 8.77709e+07 193563 20276720
0.00290122 8.45787e+07 245381 25526640
0.0038581 7.98017e+07 307883 32135840
0.00503294 7.67142e+07 386098 40456360
0.00660276 7.41187e+07 489388 50931240
0.00864641 7.10407e+07 614247 64118440
0.0110059 6.99735e+07 770123 80719960
0.0141449 6.89999e+07 975996 101619800
0.017718 6.91604e+07 1.22538e+06 127931280
0.0226846 6.77108e+07 1.53599e+06 161055800
0.029144 6.67809e+07 1.94626e+06 202756680
0.0365102 6.69472e+07 2.44426e+06 255255360
0.046009 6.65741e+07 3.063e+06 321347360
0.0571784 6.78626e+07 3.88028e+06 404552040
0.0750895 6.4912e+07 4.87421e+06 509300320
0.0906041 6.73923e+07 6.10601e+06 641170760
0.118184 6.543e+07 7.73276e+06 807185960
0.14616 6.64647e+07 9.7145e+06 1016186440
0.182662 6.65915e+07 1.21637e+07 1279302800
0.227851 6.75731e+07 1.53966e+07 1610546440
0.286527 6.74979e+07 1.93399e+07 2027557320
0.359093 6.73853e+07 2.41976e+07 2552543080
0.459189 6.66438e+07 3.06021e+07 3213461000
0.591472 6.49522e+07 3.84174e+07 4045507280
0.740394 6.48355e+07 4.80038e+07 5092991640
0.915804 6.61848e+07 6.06123e+07 6411696040
1.20517 6.30449e+07 7.59796e+07 8071846480
