# filename: ./acpphint-HoneyComb-65536MiB-threads_16-LP64-FreeBSD_main_n247756_348c41d1815d_64bit-g++_11_O3lto-libstdc++-DSIZE_d-ISIZE_ull-using_1_threads-cpus_6.txt
# acpphint_main version: 0.1.24

1.09114e-07 9.16476e+06 1 280
1.58655e-07 1.2606e+07 2 384
2.03636e-07 1.47321e+07 3 488
2.51824e-07 1.58841e+07 4 592
2.94357e-07 1.69862e+07 5 696
3.40042e-07 1.76449e+07 6 800
3.89182e-07 1.79865e+07 7 904
4.8e-07 1.875e+07 9 1112
5.715e-07 1.92476e+07 11 1320
7.121e-07 1.96602e+07 14 1632
8.50125e-07 1.99971e+07 17 1944
1.03025e-06 2.03834e+07 21 2360
1.26667e-06 2.05263e+07 26 2880
1.54025e-06 2.07758e+07 32 3504
1.91025e-06 2.09397e+07 40 4336
2.3805e-06 2.1004e+07 50 5376
2.9805e-06 2.11374e+07 63 6728
3.7005e-06 2.13485e+07 79 8392
4.641e-06 2.13316e+07 99 10472
5.801e-06 2.13756e+07 124 13072
7.281e-06 2.14256e+07 156 16400
9.12e-06 2.14912e+07 196 20560
1.148e-05 2.15157e+07 247 25864
1.444e-05 2.15374e+07 311 32520
1.824e-05 2.14364e+07 391 40840
2.328e-05 2.1134e+07 492 51344
2.9639e-05 2.08846e+07 619 64552
3.796e-05 2.05216e+07 778.999 81192
4.7719e-05 2.05369e+07 979.999 102096
6.1278e-05 2.01377e+07 1234 128512
7.7278e-05 2.00962e+07 1553 161688
9.8277e-05 1.98927e+07 1955 203496
0.000123196 1.99763e+07 2460.99 256120
0.000153996 2.01173e+07 3097.99 322368
0.000195754 1.99229e+07 3899.99 405776
0.000250271 1.96186e+07 4909.98 510816
0.000313349 1.97255e+07 6180.96 643000
0.000394385 1.97293e+07 7780.94 809400
0.000493342 1.98542e+07 9794.91 1018856
0.000630617 1.95536e+07 12330.9 1282600
0.00080541 1.92744e+07 15523.8 1614672
0.00102028 1.91541e+07 19542.6 2032648
0.00128139 1.91997e+07 24602.4 2558888
0.00160602 1.9285e+07 30972 3221368
0.0020304 1.92033e+07 38990.5 4055344
0.00259282 1.89313e+07 49085.6 5105328
0.00325624 1.89772e+07 61794.2 6427168
0.00410032 1.89724e+07 77792.9 8091272
0.00515404 1.90013e+07 97933.4 10186248
0.00651683 1.89184e+07 123288 12823688
0.0084596 1.83466e+07 155205 16143992
0.0106554 1.83365e+07 195383 20323960
0.0134752 1.82528e+07 245959 25586256
0.0169593 1.82569e+07 309625 32211160
0.021446 1.81742e+07 389763 40551336
0.027671 1.7731e+07 490634 51051072
0.034425 1.79402e+07 617593 64269472
0.0437711 1.77601e+07 777381 80910408
0.0547345 1.78766e+07 978467 101860064
0.0679175 1.81324e+07 1.2315e+06 128234152
0.0881248 1.75874e+07 1.54988e+06 161437192
0.110241 1.76921e+07 1.9504e+06 203237288
0.140112 1.75159e+07 2.45418e+06 255860560
0.174568 1.76875e+07 3.08767e+06 322109288
0.216292 1.79574e+07 3.88404e+06 405511464
0.280735 1.74001e+07 4.88483e+06 510508616
0.350153 1.75405e+07 6.14187e+06 642692200
0.443352 1.74126e+07 7.71989e+06 809101456
0.553495 1.7524e+07 9.69942e+06 1018598328
0.684424 1.77964e+07 1.21803e+07 1282339208
0.883237 1.73068e+07 1.5286e+07 1614369296
1.1036 1.73689e+07 1.91683e+07 2032370464
