# filename: ./acpphint-HoneyComb-65536MiB-threads_16-LP64-FreeBSD_main_n264334_215bab7924f6_64bit-clang++_16_O3lto-libc++-DSIZE_ul-ISIZE_ul-using_12_threads.txt
# acpphint_main version: 0.1.35

0.000296351 158596 47 5856
0.00029475 200170 59 7104
0.000301791 235262 71 8352
0.00030363 273359 83 9600
0.00029047 327056 95 10848
0.000296351 401551 119 13344
0.00029575 483516 143 15840
0.00029887 596469 178.267 19584
0.00030815 689780 212.556 23328
0.00031167 837425 261 28320
0.000321469 1.00067e+06 321.684 34560
0.000296111 1.32725e+06 393.013 42048
0.000291671 1.67776e+06 489.353 52032
0.00029915 2.03203e+06 607.882 64512
0.000297351 2.57944e+06 767 80736
0.00029799 3.21823e+06 959 100704
0.00030167 3.95829e+06 1194.1 125664
0.00032067 4.663e+06 1495.28 156864
0.00030379 6.17451e+06 1875.75 196800
0.00030351 7.76314e+06 2356.19 246720
0.00031479 9.4219e+06 2965.92 310368
0.00031327 1.1889e+07 3724.47 390240
0.00033091 1.41783e+07 4691.74 490080
0.00032531 1.81209e+07 5894.9 616128
0.000332549 2.22362e+07 7394.64 774624
0.000345789 2.70152e+07 9341.57 974304
0.000366108 3.20349e+07 11728.2 1225152
0.000380987 3.86414e+07 14721.9 1542144
0.000400346 4.65103e+07 18620.2 1940256
0.000410347 5.69833e+07 23382.9 2441952
0.000451265 6.50086e+07 29336.1 3073440
0.000477744 7.77529e+07 37146 3868416
0.000553181 8.42958e+07 46630.8 4869312
0.00060542 9.66231e+07 58497.5 6129792
0.000705535 1.0506e+08 74123.6 7716000
0.000791493 1.1752e+08 93016 9712800
0.000919688 1.26832e+08 116646 12226272
0.0010182 1.45265e+08 147910 15391200
0.00135295 1.37146e+08 185552 19376064
0.00206185 1.12834e+08 232646 24391776
0.00297781 9.91273e+07 295183 30706656
0.00410861 9.00949e+07 370165 38656416
0.005484 8.4611e+07 464007 48664128
0.0072293 8.14532e+07 588850 61263936
0.00941202 7.84596e+07 738463 77126016
0.012124 7.63328e+07 925460 97095264
0.0155395 7.55648e+07 1.17424e+06 122234976
0.0198372 7.4261e+07 1.47313e+06 153884256
0.0252746 7.30244e+07 1.84566e+06 193727904
0.031999 7.31681e+07 2.34131e+06 243887520
0.0406867 7.22156e+07 2.93822e+06 307035072
0.0514498 7.1528e+07 3.6801e+06 386533920
0.0649583 7.18482e+07 4.66714e+06 486616032
0.0819701 7.14712e+07 5.85851e+06 612612864
0.103679 7.07458e+07 7.33485e+06 771233664
0.130673 7.1159e+07 9.29859e+06 970924896
0.164823 7.08245e+07 1.16735e+07 1222320768
0.208139 7.01789e+07 1.4607e+07 1538809824
0.261964 7.0645e+07 1.85065e+07 1937246304
0.329656 7.04654e+07 2.32293e+07 2438847456
0.415247 6.99358e+07 2.90406e+07 3070326720
0.523457 7.02153e+07 3.67547e+07 3865311456
0.659372 6.99177e+07 4.61018e+07 4866137568
0.830968 6.92512e+07 5.75455e+07 6126103392
1.04508 6.9556e+07 7.26917e+07 7712306400
