# filename: ./acpphint-HoneyComb-65536MiB-threads_16-LP64-FreeBSD_main_n247756_348c41d1815d_64bit-clang++_12_O3lto-libc++-cpulockdown-DSIZE_ull-ISIZE_ull-using_1_threads-cpus_6.txt
# acpphint_main version: 0.1.24

8.69674e-08 1.14986e+07 1 280
1.30984e-07 1.52691e+07 2 384
1.74804e-07 1.7162e+07 3 488
2.18917e-07 1.82718e+07 4 592
2.64033e-07 1.8937e+07 5 696
3.07731e-07 1.94976e+07 6 800
3.52773e-07 1.98428e+07 7 904
4.40056e-07 2.0452e+07 9 1112
5.28643e-07 2.0808e+07 11 1320
6.63417e-07 2.11029e+07 14 1632
7.921e-07 2.14619e+07 17 1944
9.8e-07 2.14286e+07 21 2360
1.2e-06 2.16667e+07 26 2880
1.46025e-06 2.19141e+07 32 3504
1.82025e-06 2.1975e+07 40 4336
2.2605e-06 2.2119e+07 50 5376
2.8205e-06 2.23365e+07 63 6728
3.58e-06 2.2067e+07 79 8392
4.44e-06 2.22973e+07 99 10472
5.521e-06 2.24597e+07 124 13072
6.961e-06 2.24106e+07 156 16400
8.721e-06 2.24745e+07 196 20560
1.096e-05 2.25365e+07 247 25864
1.3881e-05 2.24047e+07 311 32520
1.74e-05 2.24713e+07 391 40840
2.236e-05 2.20036e+07 492 51344
2.832e-05 2.18573e+07 619 64552
3.536e-05 2.20305e+07 779 81192
4.5079e-05 2.17396e+07 980 102096
5.7359e-05 2.15136e+07 1234 128512
7.2358e-05 2.14627e+07 1553 161688
9.1438e-05 2.13806e+07 1955 203496
0.000115157 2.13708e+07 2461 256120
0.000145316 2.1319e+07 3098 322368
0.000183274 2.12796e+07 3900 405776
0.000229792 2.13671e+07 4909.99 510816
0.00029067 2.12646e+07 6180.99 643000
0.000366827 2.12116e+07 7780.99 809400
0.000464183 2.11015e+07 9794.98 1018856
0.000586418 2.10276e+07 12331 1282600
0.000747812 2.07592e+07 15523.9 1614672
0.000942205 2.07417e+07 19542.9 2032648
0.00118916 2.06893e+07 24602.9 2558888
0.00149994 2.06493e+07 30972.8 3221368
0.00188673 2.06663e+07 38991.6 4055344
0.00240295 2.0428e+07 49087.4 5105328
0.00301385 2.05044e+07 61797.1 6427168
0.0037865 2.05461e+07 77797.6 8091272
0.00485898 2.01567e+07 97940.8 10186248
0.00609833 2.02186e+07 123299 12823688
0.00788738 1.968e+07 155223 16143992
0.00989414 1.97503e+07 195412 20323960
0.0124856 1.97031e+07 246006 25586256
0.0158522 1.95366e+07 309699 32211160
0.0202326 1.92698e+07 389880 40551336
0.0258216 1.9008e+07 490818 51051072
0.0323243 1.91152e+07 617885 64269472
0.0407409 1.90924e+07 777842 80910408
0.0514388 1.90362e+07 979199 101860064
0.0648267 1.90148e+07 1.23267e+06 128234152
0.0832347 1.86427e+07 1.55172e+06 161437192
0.104895 1.86216e+07 1.95331e+06 203237288
0.129805 1.89422e+07 2.45879e+06 255860560
0.163108 1.8975e+07 3.09497e+06 322109288
0.206142 1.88977e+07 3.89561e+06 405511464
0.263222 1.86274e+07 4.90313e+06 510508616
0.331024 1.86417e+07 6.17085e+06 642692200
0.411427 1.88752e+07 7.76575e+06 809101456
0.515916 1.89409e+07 9.77193e+06 1018598328
0.653996 1.87996e+07 1.22949e+07 1282339208
0.818192 1.89037e+07 1.54669e+07 1614369296
1.03279 1.88359e+07 1.94535e+07 2032370464
