# filename: ./acpphint-HoneyComb-65536MiB-threads_16-LP64-FreeBSD_main_n247756_348c41d1815d_64bit-clang++_12_O3-libc++-DSIZE_d-ISIZE_ull-using_4_threads-cpus_kx4p1_kx4p2_1_14.txt
# acpphint_main version: 0.1.24

0.000100717 148932 15 1952
0.000102917 184615 19 2368
0.000103756 221674 23 2784
9.8757e-05 273398 27 3200
0.000100518 308402 31 3616
0.000100397 388458 39 4448
9.8757e-05 475916 47 5280
0.000102637 572893 58.8001 6528
0.000105157 668846 70.3338 7776
0.000103077 838740 86.4548 9440
0.000101877 1.04679e+06 106.644 11520
0.000103637 1.25873e+06 130.451 14016
0.000101117 1.60751e+06 162.546 17344
0.000102717 1.968e+06 202.147 21504
0.000107757 2.36644e+06 255 26912
0.000110197 2.89481e+06 319 33568
0.000108997 3.64831e+06 397.655 41888
0.000105157 4.73572e+06 497.994 52288
0.000110317 5.66601e+06 625.057 65600
0.000112596 6.97296e+06 785.127 82240
0.000119596 8.26565e+06 988.538 103456
0.000120036 1.03471e+07 1242.02 130080
0.000114956 1.36044e+07 1563.9 163360
0.000118756 1.65511e+07 1965.54 205376
0.000126756 1.94631e+07 2467.07 258208
0.000138036 2.25608e+07 3114.2 324768
0.000148515 2.63366e+07 3911.38 408384
0.000164555 2.98554e+07 4912.86 514048
0.000187194 3.31614e+07 6207.61 646752
0.000211673 3.68447e+07 7799.04 813984
0.000244232 4.009e+07 9791.26 1024480
0.00028363 4.36612e+07 12383.6 1289472
0.000333388 4.66541e+07 15553.9 1623104
0.000400825 4.87147e+07 19526.1 2043264
0.000480583 5.14175e+07 24710.4 2572000
0.000594458 5.21933e+07 31026.7 3237600
0.000731173 5.32547e+07 38938.4 4075424
0.000897287 5.49498e+07 49305.7 5130400
0.0011016 5.61857e+07 61894.1 6458688
0.00136091 5.70686e+07 77665.1 8130592
0.00168794 5.8292e+07 98393.2 10235552
0.00209608 5.89071e+07 123474 12885472
0.00266426 5.81424e+07 154906 16221376
0.00337087 5.82282e+07 196280 20421312
0.00426384 5.77691e+07 246318 25708672
0.00539591 5.72583e+07 308961 32365088
0.0068905 5.68053e+07 391417 40744992
0.00864139 5.68585e+07 491336 51294752
0.0110409 5.58048e+07 616138 64575968
0.0139668 5.58764e+07 780415 81295840
0.0176476 5.55228e+07 979847 102345024
0.0224601 5.46906e+07 1.22836e+06 128844640
0.0281342 5.52862e+07 1.55543e+06 162205344
0.035566 5.49161e+07 1.95315e+06 204204288
0.0445271 5.49657e+07 2.44746e+06 257077888
0.0562676 5.5054e+07 3.09776e+06 323641632
0.0711763 5.46462e+07 3.88952e+06 407440256
0.0899099 5.41722e+07 4.87062e+06 512936608
0.113707 5.4175e+07 6.16009e+06 645748768
0.143371 5.39221e+07 7.73084e+06 812949152
0.179158 5.39733e+07 9.66976e+06 1023442240
0.225538 5.41491e+07 1.22127e+07 1288437152
0.286869 5.3362e+07 1.53079e+07 1622045856
