# filename: ./acpphint-HoneyComb-65536MiB-threads_16-LP64-FreeBSD_main_n264334_215bab7924f6_64bit-clang++_16_O3lto-libc++-DSIZE_ull-ISIZE_ull-using_8_threads.txt
# acpphint_main version: 0.1.35

0.000216353 143284 31 3904
0.000215354 181097 39 4736
0.000224953 208933 47 5568
0.000207674 264838 55 6400
0.000224433 280707 63 7232
0.000217753 362796 79 8896
0.000213993 443940 95 10560
0.000224593 527770 118.533 13056
0.000225633 626880 141.445 15552
0.000229233 757864 173.727 18880
0.000212954 1.00568e+06 214.164 23040
0.000215473 1.21468e+06 261.732 28032
0.000212234 1.5358e+06 325.949 34688
0.000205673 1.96921e+06 405.014 43008
0.000230433 2.21756e+06 511 53824
0.000205674 3.10686e+06 639 67136
0.000213593 3.72613e+06 795.875 83776
0.000226073 4.40848e+06 996.639 104576
0.000233833 5.34744e+06 1250.41 131200
0.000232673 6.75049e+06 1570.66 164480
0.000238152 8.30239e+06 1977.23 206912
0.000244833 1.01427e+07 2483.26 260160
0.000244552 1.279e+07 3127.82 326720
0.000249792 1.5734e+07 3930.23 410752
0.000258471 1.90771e+07 4930.87 516416
0.000260911 2.38698e+07 6227.89 649536
0.000266432 2.93501e+07 7819.82 816768
0.000261952 3.74779e+07 9817.41 1028096
0.00028915 4.29325e+07 12413.9 1293504
0.00029963 5.20342e+07 15591 1627968
0.000325509 6.01022e+07 19563.8 2048960
0.000348668 7.10271e+07 24764.9 2578944
0.000405106 7.67515e+07 31092.5 3246208
0.000456664 8.54286e+07 39012.1 4086528
0.000516983 9.55879e+07 49417.3 5144000
0.000603819 1.02716e+08 62022 6475200
0.000712575 1.09172e+08 77793.3 8150848
0.000836291 1.17913e+08 98609.2 10260800
0.000990485 1.24914e+08 123726 12917376
0.00124028 1.25101e+08 155160 16261184
0.00171238 1.14924e+08 196794 20471104
0.00249687 9.88554e+07 246829 25770944
0.00347043 8.91739e+07 309472 32442752
0.00467127 8.40432e+07 392589 40842624
0.00620202 7.93981e+07 492428 51417344
0.0081803 7.54581e+07 617270 64730176
0.0105511 7.42027e+07 782923 81489984
0.0136053 7.22058e+07 982382 102589504
0.0174503 7.05509e+07 1.23114e+06 129151936
0.0221718 7.04153e+07 1.56124e+06 162591680
0.0281053 6.97242e+07 1.95962e+06 204690048
0.0357081 6.87565e+07 2.45516e+06 257689280
0.045292 6.87267e+07 3.11277e+06 324410688
0.0571519 6.83822e+07 3.90817e+06 408408576
0.0722534 6.77455e+07 4.89484e+06 514155776
0.0913461 6.79185e+07 6.20409e+06 647283264
0.115059 6.77118e+07 7.79083e+06 814880512
0.14547 6.70478e+07 9.75343e+06 1025873216
0.183698 6.72663e+07 1.23567e+07 1291497536
0.230621 6.72838e+07 1.5517e+07 1625898304
0.290058 6.69282e+07 1.9413e+07 2046884480
0.367883 6.68047e+07 2.45763e+07 2576874304
0.463271 6.65927e+07 3.08505e+07 3244091712
0.582035 6.62394e+07 3.85537e+07 4084068928
0.733818 6.64236e+07 4.87428e+07 5141537600
0.922431 6.62599e+07 6.11202e+07 6472811648
1.163 6.55465e+07 7.62307e+07 8148786624
