# filename: ./acpphint-HoneyComb-65536MiB-threads_16-LP64-FreeBSD_main_n262658_b347c2284603_64bit-clang++_16_O3lto-libc++-cpulockdown-DSIZE_ull-ISIZE_ull-using_10_threads.txt
# acpphint_main version: 0.1.34

0.000213312 182831 39 4880
0.000209152 234279 49 5920
0.000208472 283012 59 6960
0.000214672 321421 69 8000
0.000202513 390098 79 9040
0.000208152 475614 99 11120
0.000206792 575457 119 13200
0.000208992 710075 148.4 16320
0.000222232 796466 177 19440
0.000213312 1.01899e+06 217.364 23600
0.000213872 1.25273e+06 267.924 28800
0.000218552 1.49791e+06 327.372 35040
0.000215472 1.8919e+06 407.651 43360
0.000222271 2.27852e+06 506.448 53760
0.000224471 2.84669e+06 639 67280
0.000219152 3.64587e+06 799 83920
0.000219511 4.53273e+06 994.985 104720
0.000229311 5.4335e+06 1245.96 130720
0.000224112 6.97456e+06 1563.08 164000
0.000225751 8.6973e+06 1963.42 205600
0.000233911 1.05663e+07 2471.58 258640
0.000233631 1.32853e+07 3103.86 325200
0.000236071 1.65619e+07 3909.78 408400
0.000234952 2.09088e+07 4912.56 513440
0.000241991 2.54669e+07 6162.75 645520
0.00024971 3.11751e+07 7784.73 811920
0.00025831 3.78384e+07 9774.03 1020960
0.00027123 4.52371e+07 12269.7 1285120
0.000281549 5.51132e+07 15517.1 1616880
0.000290309 6.71249e+07 19487 2034960
0.000315068 7.76022e+07 24450 2561200
0.000346347 8.93769e+07 30955.4 3223680
0.000404744 9.60154e+07 38861.7 4057760
0.000468781 1.04004e+08 48754.9 5108160
0.000541419 1.1409e+08 61770.5 6430000
0.000618255 1.25384e+08 77519 8094000
0.000716091 1.35764e+08 97219.7 10188560
0.000860885 1.43178e+08 123260 12826000
0.00118635 1.30349e+08 154639 16146720
0.00176381 1.09935e+08 193903 20326480
0.00253621 9.69906e+07 245989 25588880
0.00344722 8.94919e+07 308498 32213680
0.00462573 8.36066e+07 386741 40553440
0.00607415 8.07886e+07 490722 51053280
0.00785019 7.83993e+07 615449 64271680
0.0101187 7.62322e+07 771371 80912720
0.0130032 7.52576e+07 978591 101862480
0.016547 7.41989e+07 1.22777e+06 128236880
0.0211144 7.28614e+07 1.53842e+06 161439920
0.0267504 7.29451e+07 1.95131e+06 203239600
0.0339408 7.21543e+07 2.44897e+06 255862560
0.043161 7.10762e+07 3.06772e+06 322111600
0.0545648 7.12931e+07 3.8901e+06 405513360
0.0685563 7.12343e+07 4.88356e+06 510510720
0.086599 7.06151e+07 6.11519e+06 642694720
0.109313 7.09145e+07 7.7519e+06 809104080
0.138038 7.05097e+07 9.73305e+06 1018600640
0.174631 6.97561e+07 1.21816e+07 1282341520
0.218812 7.05345e+07 1.54338e+07 1614371920
0.276276 7.01351e+07 1.93767e+07 2032372880
0.349308 6.93721e+07 2.42323e+07 2558605600
0.438102 7.00161e+07 3.06742e+07 3221092880
0.550188 6.99575e+07 3.84898e+07 4055114640
0.692325 6.94339e+07 4.80708e+07 5105086160
0.871021 6.9747e+07 6.07511e+07 6426922000
1.09967 6.92222e+07 7.61213e+07 8091014560
