# filename: ./acpphint-HoneyComb-65536MiB-threads_16-LP64-FreeBSD_main_n247756_348c41d1815d_64bit-g++_11_O3lto-libstdc++-DSIZE_d-ISIZE_ui-using_4_threads-cpus_kx2s_0_6.txt
# acpphint_main version: 0.1.24

0.000140555 106720 15 1824
0.000146395 129782 18.9994 2208
0.000149715 153618 22.9989 2592
0.000143276 188440 26.9989 2976
0.000142435 217633 30.9985 3360
0.000140395 277774 38.9981 4128
0.000147715 318165 46.9978 4896
0.000143755 409000 58.7958 6048
0.000143235 490987 70.3266 7200
0.000143235 603524 86.4457 8736
0.000143756 741761 106.633 10656
0.000144675 901558 130.433 12960
0.000147915 1.09869e+06 162.513 16032
0.000147475 1.37041e+06 202.101 19872
0.000149715 1.70271e+06 254.922 24864
0.000147875 2.15644e+06 318.884 31008
0.000158714 2.50429e+06 397.465 38688
0.000158035 3.14928e+06 497.697 48288
0.000159395 3.91854e+06 624.596 60576
0.000155034 5.05978e+06 784.438 75936
0.000158555 6.2265e+06 987.242 95520
0.000155595 7.96884e+06 1239.91 120096
0.000164154 9.50665e+06 1560.55 150816
0.000171435 1.14339e+07 1960.17 189600
0.000174554 1.40857e+07 2458.71 238368
0.000187753 1.65143e+07 3100.6 299808
0.000196753 1.97676e+07 3889.33 376992
0.000207913 2.34624e+07 4878.14 474528
0.000227672 2.70219e+07 6152.14 597024
0.000245992 3.13498e+07 7711.8 751392
0.00027371 3.52664e+07 9652.77 945696
0.000308708 3.94021e+07 12163.8 1190304
0.000350987 4.33305e+07 15208.4 1498272
