# filename: ./acpphint-HoneyComb-65536MiB-threads_16-LP64-FreeBSD_main_n247756_348c41d1815d_64bit-clang++_12_O3-libc++-cpulockdown-DSIZE_ull-ISIZE_ull-using_1_threads-cpus_1.txt
# acpphint_main version: 0.1.24

8.52283e-08 1.17332e+07 1 280
1.29048e-07 1.54981e+07 2 384
1.73935e-07 1.72478e+07 3 488
2.17806e-07 1.8365e+07 4 592
2.62667e-07 1.90355e+07 5 696
3.06192e-07 1.95955e+07 6 800
3.50955e-07 1.99456e+07 7 904
4.37833e-07 2.05558e+07 9 1112
5.28643e-07 2.0808e+07 11 1320
6.60083e-07 2.12094e+07 14 1632
7.921e-07 2.14619e+07 17 1944
9.75125e-07 2.15357e+07 21 2360
1.1935e-06 2.17847e+07 26 2880
1.46025e-06 2.19141e+07 32 3504
1.81025e-06 2.20964e+07 40 4336
2.2605e-06 2.2119e+07 50 5376
2.8405e-06 2.21792e+07 63 6728
3.5405e-06 2.23132e+07 79 8392
4.401e-06 2.24949e+07 99 10472
5.521e-06 2.24597e+07 124 13072
6.921e-06 2.25401e+07 156 16400
8.721e-06 2.24745e+07 196 20560
1.0961e-05 2.25344e+07 247 25864
1.3921e-05 2.23403e+07 311 32520
1.7401e-05 2.247e+07 391 40840
2.2001e-05 2.23626e+07 492 51344
2.796e-05 2.21388e+07 619 64552
3.544e-05 2.19808e+07 779 81192
4.5119e-05 2.17203e+07 980 102096
5.6959e-05 2.16647e+07 1234 128512
7.1919e-05 2.15937e+07 1553 161688
9.0998e-05 2.1484e+07 1955 203496
0.000114437 2.15053e+07 2461 256120
0.000144556 2.14311e+07 3098 322368
0.000182914 2.13215e+07 3900 405776
0.000229553 2.13894e+07 4909.99 510816
0.000290151 2.13027e+07 6180.99 643000
0.000366508 2.12301e+07 7780.99 809400
0.000462344 2.11855e+07 9794.98 1018856
0.00058518 2.10721e+07 12331 1282600
0.000740734 2.09575e+07 15523.9 1614672
0.000938007 2.08345e+07 19542.9 2032648
0.00117768 2.0891e+07 24602.9 2558888
0.00150571 2.05703e+07 30972.8 3221368
0.00188133 2.07256e+07 38991.6 4055344
0.00239075 2.05322e+07 49087.4 5105328
0.00300233 2.0583e+07 61797.1 6427168
0.0037805 2.05786e+07 77797.6 8091272
0.00486106 2.0148e+07 97940.8 10186248
0.00611094 2.01769e+07 123299 12823688
0.00788751 1.96796e+07 155223 16143992
0.0100511 1.94419e+07 195412 20323960
0.0125232 1.9644e+07 246006 25586256
0.0160807 1.92591e+07 309699 32211160
0.0201609 1.93384e+07 389880 40551336
0.0256786 1.91139e+07 490818 51051072
0.0322845 1.91387e+07 617885 64269472
0.0409223 1.90078e+07 777842 80910408
0.0517387 1.89258e+07 979199 101860064
0.0648368 1.90118e+07 1.23267e+06 128234152
0.0821103 1.8898e+07 1.55172e+06 161437192
0.103558 1.88621e+07 1.95331e+06 203237288
0.129613 1.89702e+07 2.45879e+06 255860560
0.16457 1.88064e+07 3.09497e+06 322109288
0.205803 1.89289e+07 3.89561e+06 405511464
0.261049 1.87824e+07 4.90313e+06 510508616
0.328563 1.87813e+07 6.17085e+06 642692200
0.410882 1.89002e+07 7.76575e+06 809101456
0.521471 1.87392e+07 9.77193e+06 1018598328
0.654357 1.87893e+07 1.22949e+07 1282339208
0.817813 1.89125e+07 1.54669e+07 1614369296
1.0361 1.87758e+07 1.94535e+07 2032370464
