# filename: ./acpphint-HoneyComb-65536MiB-threads_16-LP64-FreeBSD_main_n247756_348c41d1815d_64bit-clang++_12_O3lto-libc++-DSIZE_d-ISIZE_ui-using_4_threads-cpus_kx4sn0_1_12.txt
# acpphint_main version: 0.1.24

0.000120636 124341 15 1824
0.000116677 162838 18.9994 2208
0.000118397 194252 22.9989 2592
0.000118757 227346 26.9989 2976
0.000117636 263512 30.9985 3360
0.000114037 341978 38.9981 4128
0.000120836 388939 46.9978 4896
0.000119957 490141 58.7958 6048
0.000125876 558697 70.3266 7200
0.000117396 736360 86.4457 8736
0.000113157 942342 106.633 10656
0.000123196 1.05874e+06 130.433 12960
0.000122197 1.32992e+06 162.513 16032
0.000122756 1.64636e+06 202.101 19872
0.000115836 2.20071e+06 254.922 24864
0.000122757 2.59769e+06 318.884 31008
0.000123516 3.21793e+06 397.465 38688
0.000126396 3.9376e+06 497.697 48288
0.000127276 4.90742e+06 624.596 60576
0.000137716 5.69605e+06 784.438 75936
0.000137436 7.18329e+06 987.242 95520
0.000130036 9.53514e+06 1239.91 120096
0.000128915 1.21053e+07 1560.55 150816
0.000135156 1.4503e+07 1960.17 189600
0.000146035 1.68364e+07 2458.71 238368
0.000155995 1.98763e+07 3100.6 299808
0.000169954 2.28846e+07 3889.33 376992
0.000193273 2.52396e+07 4878.14 474528
0.000215472 2.85519e+07 6152.14 597024
0.000248591 3.1022e+07 7711.8 751392
0.000284069 3.39804e+07 9652.77 945696
0.000318548 3.8185e+07 12163.8 1190304
0.000372387 4.08404e+07 15208.4 1498272
