# filename: ./acpphint-HoneyComb-65536MiB-threads_16-LP64-FreeBSD_main_n247756_348c41d1815d_64bit-g++_11_O3lto-libstdc++-DSIZE_d-ISIZE_ull-using_8_threads-cpus_kx4p1_kx4p2w0_0_14.txt
# acpphint_main version: 0.1.24

0.000270151 114751 31 3904
0.000269151 144900 39 4736
0.00026779 175511 47 5568
0.000285709 192504 55 6400
0.000270791 232652 63 7232
0.00028103 281109 79 8896
0.000263631 360352 95 10560
0.000271151 437149 118.533 13056
0.00027923 506553 141.445 15552
0.00026351 659282 173.727 18880
0.00028159 760553 214.164 23040
0.00028707 911734 261.732 28032
0.000301509 1.08106e+06 325.949 34688
0.000290389 1.39473e+06 405.014 43008
0.00028299 1.80572e+06 511 53824
0.00027695 2.30727e+06 639 67136
0.000271031 2.93647e+06 795.874 83776
0.00028995 3.43728e+06 996.638 104576
0.00028235 4.42857e+06 1250.41 131200
0.00026495 5.92812e+06 1570.66 164480
0.000267031 7.40449e+06 1977.23 206912
0.000264511 9.38808e+06 2483.25 260160
0.000273271 1.14458e+07 3127.82 326720
0.00027675 1.42013e+07 3930.22 410752
0.000290429 1.69778e+07 4930.85 516416
0.000294469 2.11495e+07 6227.86 649536
0.00030895 2.53108e+07 7819.77 816768
0.000329148 2.98265e+07 9817.34 1028096
0.000344508 3.60335e+07 12413.8 1293504
0.000373587 4.17328e+07 15590.8 1627968
0.000401706 4.87011e+07 19563.5 2048960
0.000446304 5.54878e+07 24764.4 2578944
0.000496541 6.26167e+07 31091.8 3246208
0.000548579 7.11128e+07 39011 4086528
0.000639976 7.72146e+07 49415.5 5144000
0.000768051 8.07485e+07 62019 6475200
0.000910126 8.54701e+07 77788.6 8150848
0.00108232 9.11023e+07 98601.7 10260800
0.00134835 9.17521e+07 123714 12917376
0.00194681 7.96902e+07 155141 16261184
0.00296969 6.62575e+07 196764 20471104
0.00444275 5.55472e+07 246782 25770944
0.00628904 4.91966e+07 309399 32442752
0.00871398 4.50392e+07 392471 40842624
0.0118957 4.13799e+07 492243 51417344
0.015943 3.8699e+07 616979 64730176
0.0213348 3.66751e+07 782456 81489984
0.0283497 3.46264e+07 981645 102589504
0.0375189 3.27829e+07 1.22998e+06 129151936
0.0495271 3.14854e+07 1.55938e+06 162591680
0.064271 3.04445e+07 1.9567e+06 204690048
0.0837082 2.92752e+07 2.45057e+06 257689280
0.108022 2.87477e+07 3.10539e+06 324410688
0.138882 2.80564e+07 3.89653e+06 408408576
0.177275 2.75087e+07 4.8766e+06 514155776
0.226119 2.73078e+07 6.17482e+06 647283264
0.286656 2.70174e+07 7.7447e+06 814880512
0.36315 2.66589e+07 9.68119e+06 1025873216
0.458185 2.67162e+07 1.22409e+07 1291497536
0.579105 2.64804e+07 1.53349e+07 1625898304
