# filename: ./acpphint-HoneyComb-65536MiB-threads_16-LP64-FreeBSD_main_n247756_348c41d1815d_64bit-clang++_12_O3lto-libc++-DSIZE_ui-ISIZE_ui-using_4_threads-cpus_kx8_kx8p2_0_2_8_10.txt
# acpphint_main version: 0.1.24

0.000113317 132342 14.9966 1120
0.000116156 163525 18.9944 1328
0.000119996 191605 22.9919 1536
0.000120316 224317 26.9889 1744
0.000116677 265565 30.9854 1952
0.000113436 343600 38.9766 2368
0.000114397 410554 46.9661 2784
0.000114077 514985 58.7479 3408
0.000119277 589025 70.2572 4032
0.000118316 729752 86.3413 4864
0.000118237 900484 106.47 5904
0.000120636 1.0792e+06 130.191 7152
0.000113837 1.42435e+06 162.144 8816
0.000117237 1.71896e+06 201.526 10896
0.000119036 2.13391e+06 254.012 13600
0.000125316 2.53322e+06 317.453 16928
0.000118357 3.33955e+06 395.259 21088
0.000121836 4.05665e+06 494.246 26288
0.000121797 5.08345e+06 619.15 32944
0.000122156 6.3513e+06 775.849 41264
0.000127796 7.62037e+06 973.853 51872
0.000129316 9.42579e+06 1218.91 65184
0.000130716 1.16854e+07 1527.47 81824
0.000126836 1.5046e+07 1908.38 102832
0.000125396 1.89603e+07 2377.55 129248
0.000134556 2.20946e+07 2972.96 162528
0.000140356 2.62997e+07 3691.32 204336
0.000152515 2.99664e+07 4570.33 257168
0.000172754 3.28252e+07 5670.69 323520
0.000195393 3.56712e+07 6969.9 407136
0.000219072 3.88855e+07 8518.73 512384
0.000240512 4.33072e+07 10415.9 644880
0.00028103 4.47326e+07 12571.2 811696
