# filename: ./acpphint-HoneyComb-65536MiB-threads_16-LP64-FreeBSD_main_n247756_348c41d1815d_64bit-g++_11_O3lto-libc++-DSIZE_ui-ISIZE_ui-using_8_threads-cpus_kx4_kx4p1_0_13.txt
# acpphint_main version: 0.1.24

0.000222832 139053 30.9854 2240
0.000215713 180687 38.9766 2656
0.000216153 217282 46.9661 3072
0.000212793 258250 54.9539 3488
0.000225752 278799 62.9395 3904
0.000209753 376178 78.9044 4736
0.000224153 423203 94.8621 5568
0.000216553 546382 118.321 6816
0.000209193 674682 141.139 8064
0.000210673 822437 173.265 9728
0.000209993 1.01655e+06 213.468 11808
0.000208793 1.24856e+06 260.69 14304
0.000208353 1.55665e+06 324.332 17632
0.000218312 1.84388e+06 402.541 21792
0.000212353 2.38775e+06 507.046 27200
0.000221472 2.85736e+06 632.826 33856
0.000223992 3.51053e+06 786.33 42176
0.000221312 4.43603e+06 981.747 52576
0.000227992 5.38181e+06 1227.01 65888
0.000212472 7.21963e+06 1533.97 82528
0.000231832 8.27909e+06 1919.36 103744
0.000219232 1.09135e+07 2392.58 130368
0.000220393 1.35456e+07 2985.37 163648
0.000225633 1.64345e+07 3708.16 205664
0.000228472 2.00721e+07 4585.92 258496
0.000236952 2.40031e+07 5687.58 325056
0.000248111 2.81606e+07 6986.96 408672
0.000255431 3.34287e+07 8538.72 514336
0.000261111 3.99737e+07 10437.6 647040
0.00027599 4.56377e+07 12595.5 814272
