# filename: ./acpphint-HoneyComb-65536MiB-threads_16-LP64-FreeBSD_main_n264334_215bab7924f6_64bit-clang++_16_O3lto-libc++-cpulockdown-DSIZE_ull-ISIZE_ull-using_13_threads.txt
# acpphint_main version: 0.1.35

0.00031211 163404 51 6344
0.000339828 188331 64 7696
0.000316429 243341 77 9048
0.00032455 277307 90 10400
0.000321549 320324 103 11752
0.000314549 410111 129 14456
0.000316069 490399 155 17160
0.000311309 620605 193.2 21216
0.000329829 698342 230.334 25272
0.000332029 851788 282.818 30680
0.000323909 1.07612e+06 348.564 37440
0.000312869 1.36106e+06 425.833 45552
0.000331629 1.59879e+06 530.204 56368
0.00031491 2.09139e+06 658.599 69888
0.00031859 2.60837e+06 831 87464
0.00031263 3.32342e+06 1039 109096
0.000320069 4.04179e+06 1293.65 136136
0.000326829 4.95655e+06 1619.94 169936
0.000341349 5.95312e+06 2032.09 213200
0.000337549 7.56208e+06 2552.57 267280
0.000335468 9.57794e+06 3213.09 336232
0.000340508 1.18493e+07 4034.78 422760
0.000340389 1.49321e+07 5082.72 530920
0.000351828 1.81511e+07 6386.07 667472
0.000351108 2.28151e+07 8010.58 839176
0.000347748 2.91015e+07 10120 1055496
0.000373908 3.39798e+07 12705.3 1327248
0.000383987 4.15326e+07 15948 1670656
0.000386267 5.22224e+07 20171.8 2101944
0.000394427 6.4222e+07 25330.9 2645448
0.000428106 7.42321e+07 31779.2 3329560
0.000464704 8.65954e+07 40241.2 4190784
0.000507463 9.95449e+07 50515.4 5275088
0.00058186 1.08907e+08 63368.9 6640608
0.000631338 1.2719e+08 80300.1 8359000
0.000743573 1.35514e+08 100764 10522200
0.00083521 1.5129e+08 126359 13245128
0.0010996 1.45721e+08 160235 16673800
0.00167414 1.20067e+08 201009 20990736
0.00249399 1.0105e+08 252017 26424424
0.00347423 9.20431e+07 319779 33265544
0.00464467 8.63351e+07 400998 41877784
0.00615518 8.16612e+07 502639 52719472
0.00797867 7.99523e+07 637913 66369264
0.0103296 7.7444e+07 799968 83553184
0.0132522 7.56476e+07 1.0025e+06 105186536
0.0169407 7.50889e+07 1.27206e+06 132421224
0.0215336 7.41074e+07 1.5958e+06 166707944
0.027522 7.26426e+07 1.99927e+06 209871896
0.0348478 7.27816e+07 2.53628e+06 264211480
0.0441555 7.20814e+07 3.1828e+06 332621328
0.0557706 7.14755e+07 3.98623e+06 418745080
0.0706586 7.15491e+07 5.05555e+06 527167368
0.0889293 7.1358e+07 6.34581e+06 663663936
0.11264 7.05296e+07 7.94442e+06 835503136
0.14166 7.10965e+07 1.00715e+07 1051835304
0.179082 7.05993e+07 1.26431e+07 1324180832
0.225007 7.0303e+07 1.58187e+07 1667043976
0.284478 7.04489e+07 2.00412e+07 2098683496
0.357361 7.03855e+07 2.51531e+07 2642084744
0.450696 6.97604e+07 3.14407e+07 3326187280
0.566596 7.02237e+07 3.97885e+07 4187420744
0.71617 6.96729e+07 4.98976e+07 5271649032
0.89959 6.92171e+07 6.2267e+07 6636612008
1.13624 6.9208e+07 7.86367e+07 8354998600
