# filename: ./acpphint-HoneyComb-65536MiB-threads_16-LP64-FreeBSD_main_n247756_348c41d1815d_64bit-g++_11_O3lto-libstdc++-cpulockdown-DSIZE_ld-ISIZE_ull-using_4_threads.txt
# acpphint_main version: 0.1.24

0.000154315 97203.8 15 3360
0.000157035 120992 19 4128
0.000156875 146614 23 4896
0.000156075 172994 27 5664
0.000159755 194047 31 6432
0.000160355 243210 39 7968
0.000166475 282325 47 9504
0.000169035 347857 58.8001 11808
0.000174194 403767 70.3339 14112
0.000177354 487470 86.4548 17184
0.000182833 583285 106.644 21024
0.000193594 673840 130.451 25632
0.000203993 796822 162.546 31776
0.000219393 921393 202.147 39456
0.000240231 1.06148e+06 255 49440
0.000258991 1.2317e+06 319 61728
0.00028591 1.39084e+06 397.655 77088
0.000319948 1.55648e+06 497.994 96288
0.000364147 1.7165e+06 625.057 120864
0.000422624 1.85775e+06 785.128 151584
0.000491102 2.0129e+06 988.539 190752
0.000579258 2.14417e+06 1242.03 239904
0.000690574 2.26464e+06 1563.9 301344
0.000828609 2.3721e+06 1965.55 378912
0.00100624 2.45177e+06 2467.08 476448
0.00122699 2.53808e+06 3114.21 599328
0.00150906 2.59193e+06 3911.39 753696
0.00185201 2.65273e+06 4912.88 948768
0.00229683 2.7027e+06 6207.64 1193760
0.00285893 2.72798e+06 7799.09 1502496
0.00355614 2.75336e+06 9791.35 1891104
0.00443787 2.79048e+06 12383.8 2380320
0.00555411 2.80047e+06 15554.1 2996256
0.00696389 2.80395e+06 19526.4 3771936
0.0087293 2.83081e+06 24711 4748064
0.0109478 2.83415e+06 31027.7 5976864
0.013707 2.84087e+06 38939.8 7523616
0.0172028 2.86628e+06 49308.1 9471264
0.0216344 2.86108e+06 61897.9 11923488
0.0270573 2.87061e+06 77671 15010080
0.0338814 2.90432e+06 98402.6 18896160
0.0425556 2.90183e+06 123489 23788320
0.0534687 2.89758e+06 154930 29946912
0.0670176 2.92934e+06 196318 37700640
0.0842277 2.92513e+06 246377 47461920
0.105833 2.9202e+06 309054 59750688
0.133259 2.93839e+06 391566 75221280
0.167417 2.93622e+06 491572 94697760
0.210293 2.93167e+06 616508 119216928
0.26451 2.95266e+06 781008 150084384
0.33282 2.94689e+06 980783 188944416
0.418469 2.93887e+06 1.22983e+06 237866784
0.527171 2.95499e+06 1.55779e+06 299455776
0.662691 2.95291e+06 1.95687e+06 376992288
0.834082 2.94132e+06 2.4533e+06 474605088
1.05033 2.95824e+06 3.10713e+06 597492000
