# filename: ./acpphint-HoneyComb-65536MiB-threads_16-LP64-FreeBSD_main_n247756_348c41d1815d_64bit-g++_11_O3lto-libstdc++-DSIZE_d-ISIZE_ull-using_8_threads-cpus_kx4p1_kx4p3_1_15.txt
# acpphint_main version: 0.1.24

0.000238512 129972 31 3904
0.000232952 167416 39 4736
0.000234352 200553 47 5568
0.000236992 232075 55 6400
0.000230832 272926 63 7232
0.000230552 342656 79 8896
0.000235512 403376 95 10560
0.000233992 506570 118.533 13056
0.000234511 603148 141.445 15552
0.00027043 642412 173.727 18880
0.00026651 803588 214.164 23040
0.000270431 967831 261.732 28032
0.00027607 1.18068e+06 325.949 34688
0.000279431 1.44942e+06 405.014 43008
0.00025811 1.97978e+06 511 53824
0.000242071 2.63972e+06 639 67136
0.000240631 3.30745e+06 795.874 83776
0.000245031 4.0674e+06 996.638 104576
0.000244311 5.1181e+06 1250.41 131200
0.000241232 6.51098e+06 1570.66 164480
0.000244792 8.07718e+06 1977.23 206912
0.000248111 1.00086e+07 2483.25 260160
0.000253912 1.23185e+07 3127.82 326720
0.000257831 1.52434e+07 3930.22 410752
0.000266991 1.84682e+07 4930.85 516416
0.000277471 2.24451e+07 6227.86 649536
0.00028539 2.74003e+07 7819.77 816768
0.00030491 3.21975e+07 9817.34 1028096
0.000317948 3.90435e+07 12413.8 1293504
0.000341588 4.56422e+07 15590.8 1627968
0.000363467 5.38247e+07 19563.5 2048960
0.000403586 6.13609e+07 24764.4 2578944
0.000450983 6.89422e+07 31091.8 3246208
0.000509422 7.65789e+07 39011 4086528
0.000588898 8.39117e+07 49415.5 5144000
0.000698494 8.87896e+07 62019 6475200
0.000831048 9.3603e+07 77788.6 8150848
0.000992283 9.93685e+07 98601.7 10260800
0.00117135 1.05616e+08 123714 12917376
0.00142275 1.09044e+08 155141 16261184
0.00184077 1.06892e+08 196764 20471104
0.0025775 9.57448e+07 246782 25770944
0.00356426 8.68059e+07 309399 32442752
0.0047567 8.25091e+07 392471 40842624
0.00628768 7.82869e+07 492243 51417344
0.0082092 7.5157e+07 616979 64730176
0.0106402 7.35378e+07 782456 81489984
0.0137029 7.16375e+07 981645 102589504
0.0176667 6.96214e+07 1.22998e+06 129151936
0.0224572 6.94377e+07 1.55938e+06 162591680
0.0285813 6.84608e+07 1.9567e+06 204690048
0.0363274 6.74581e+07 2.45057e+06 257689280
0.0460428 6.74458e+07 3.10539e+06 324410688
0.0579974 6.71846e+07 3.89653e+06 408408576
0.0738028 6.60761e+07 4.8766e+06 514155776
0.0925668 6.67066e+07 6.17482e+06 647283264
0.117776 6.57578e+07 7.7447e+06 814880512
0.147603 6.55893e+07 9.68119e+06 1025873216
0.186415 6.56651e+07 1.22409e+07 1291497536
0.234862 6.52936e+07 1.53349e+07 1625898304
