# filename: ./acpphint-HoneyComb-65536MiB-threads_16-LP64-FreeBSD_main_n259950_5723e5ac6d76_64bit-g++_12_O3lto-libc++-DSIZE_ul-ISIZE_ul-using_9_threads.txt
# acpphint_main version: 0.1.30

0.000223313 156731 35 4392
0.000218273 201582 44 5328
0.000218873 242150 53 6264
0.000218232 284101 62 7200
0.000219433 323561 71 8136
0.000218513 407298 89 10008
0.000221713 482606 107 11880
0.000211513 631009 133.467 14688
0.000217593 731745 159.222 17496
0.000217113 900663 195.546 21240
0.000221593 1.08778e+06 241.044 25920
0.000225432 1.30661e+06 294.552 31536
0.000225393 1.62738e+06 366.8 39024
0.000221833 2.05439e+06 455.731 48384
0.000222312 2.58645e+06 575 60552
0.000223713 3.21394e+06 719 75528
0.000218353 4.10084e+06 895.43 94248
0.000224192 5.00152e+06 1121.3 117648
0.000227113 6.19403e+06 1406.75 147600
0.000218993 8.06894e+06 1767.04 185040
0.000219312 1.01426e+07 2224.4 232776
0.000226232 1.23482e+07 2793.56 292680
0.000236592 1.48729e+07 3518.8 367560
0.000240392 1.83924e+07 4421.39 462096
0.000247151 2.2443e+07 5546.81 580968
0.000248672 2.81749e+07 7006.31 730728
0.000265751 3.31021e+07 8796.92 918864
0.00028055 3.93639e+07 11043.5 1156608
0.00028559 4.89005e+07 13965.5 1455192
0.00030235 5.80089e+07 17539 1831464
0.000335269 6.56395e+07 22006.9 2305080
0.000357668 7.78939e+07 27860.2 2901312
0.000425225 8.22555e+07 34977.1 3651984
0.000478423 9.17254e+07 43883.5 4597344
0.000553661 1.00411e+08 55593.9 5787000
0.000638737 1.09232e+08 69770.5 7284600
0.000750453 1.16605e+08 87506.5 9169704
0.000875528 1.26706e+08 110934 11543400
0.00104556 1.33117e+08 139182 14532048
0.00135355 1.28944e+08 174532 18293832
0.00200353 1.10501e+08 221392 23029992
0.00297965 9.31867e+07 277664 28992312
0.00412797 8.4329e+07 348107 36498096
0.00557575 7.92101e+07 441656 45947952
0.00739404 7.4917e+07 553940 57844512
0.0096444 7.19923e+07 694322 72821448
0.0124987 7.04681e+07 880759 91676232
0.0160682 6.87744e+07 1.10508e+06 115413192
0.0206315 6.712e+07 1.38478e+06 145295928
0.0261788 6.7088e+07 1.75628e+06 182915640
0.0326664 6.74795e+07 2.20431e+06 230276304
0.0421581 6.55026e+07 2.76146e+06 289900440
0.0535129 6.54323e+07 3.50147e+06 364962024
0.0678143 6.48229e+07 4.39592e+06 459459648
0.085371 6.44845e+07 5.50511e+06 578425248
0.106125 6.57536e+07 6.97813e+06 728193672
0.135352 6.47363e+07 8.76216e+06 916740576
0.171697 6.38791e+07 1.09679e+07 1154107368
0.216188 6.42765e+07 1.38958e+07 1452934728
0.27306 6.38969e+07 1.74477e+07 1829135592
0.343483 6.35374e+07 2.1824e+07 2302745040
0.424357 6.51041e+07 2.76274e+07 2898983592
0.538475 6.43921e+07 3.46736e+07 3649603176
0.676599 6.40225e+07 4.33176e+07 4594577544
0.866015 6.32269e+07 5.47555e+07 5784229800
1.08814 6.30746e+07 6.8634e+07 7281913104
