# filename: ./acpphint-HoneyComb-65536MiB-threads_16-LP64-FreeBSD_main_n247756_348c41d1815d_64bit-g++_11_O3lto-libstdc++-DSIZE_f-ISIZE_ui-using_4_threads-cpus_kx4p3sw0_0_15.txt
# acpphint_main version: 0.1.24

0.000161075 93124.3 15 1120
0.000158755 119662 18.9969 1328
0.000163955 140282 23 1536
0.000159835 168887 26.994 1744
0.000163075 190049 30.9922 1952
0.000162634 239690 38.9817 2368
0.000164714 285183 46.9737 2784
0.000162155 362280 58.7456 3408
0.000162675 431763 70.2371 4032
0.000164475 524845 86.3238 4864
0.000162994 653335 106.49 5904
0.000159995 813603 130.172 7152
0.000165195 981275 162.102 8816
0.000168434 1.19643e+06 201.519 10896
0.000169035 1.50267e+06 254.004 13600
0.000169914 1.86851e+06 317.486 16928
0.000168874 2.34047e+06 395.245 21088
0.000173395 2.8462e+06 493.517 26288
0.000172114 3.58557e+06 617.127 32944
0.000172355 4.47387e+06 771.094 41264
0.000175394 5.50466e+06 965.485 51872
