# filename: ./acpphint-HoneyComb-65536MiB-threads_16-LP64-FreeBSD_main_n247756_348c41d1815d_64bit-g++_11_O3lto-libc++-DSIZE_ull-ISIZE_ull-using_4_threads-cpus_kx2s_0_14.txt
# acpphint_main version: 0.1.24

0.000104357 143737 15 1952
0.000103516 183547 19 2368
0.000100837 228091 23 2784
9.9997e-05 270008 27 3200
9.8757e-05 313902 31 3616
9.8917e-05 394270 39 4448
9.4318e-05 498314 47 5280
9.7478e-05 603214 58.8001 6528
9.7517e-05 721247 70.3339 7776
0.000103397 836144 86.4548 9440
9.7358e-05 1.09538e+06 106.644 11520
9.7278e-05 1.34102e+06 130.451 14016
0.000100917 1.61069e+06 162.546 17344
9.5437e-05 2.11812e+06 202.147 21504
9.6077e-05 2.65412e+06 255 26912
0.000102277 3.11898e+06 319 33568
9.9797e-05 3.98464e+06 397.655 41888
0.000103157 4.82753e+06 497.994 52288
0.000108437 5.76424e+06 625.057 65600
0.000109437 7.17424e+06 785.128 82240
0.000112877 8.75766e+06 988.539 103456
0.000115757 1.07296e+07 1242.03 130080
0.000115557 1.35336e+07 1563.9 163360
0.000112677 1.74441e+07 1965.55 205376
0.000116476 2.1181e+07 2467.07 258208
0.000122436 2.54354e+07 3114.2 324768
0.000132236 2.95788e+07 3911.39 408384
0.000144676 3.39578e+07 4912.88 514048
0.000159315 3.89645e+07 6207.63 646752
0.000175394 4.44661e+07 7799.08 813984
0.000196513 4.98254e+07 9791.33 1024480
0.000226712 5.46232e+07 12383.7 1289472
0.000265151 5.86612e+07 15554.1 1623104
0.000307389 6.35233e+07 19526.4 2043264
0.000369667 6.68462e+07 24710.8 2572000
0.000450504 6.88728e+07 31027.5 3237600
0.000552419 7.04891e+07 38939.5 4075424
0.000667856 7.38297e+07 49307.6 5130400
0.000825809 7.49532e+07 61897.1 6458688
0.0010238 7.58641e+07 77669.8 8130592
0.00124903 7.87815e+07 98400.6 10235552
0.00157534 7.83867e+07 123486 12885472
0.00195957 7.90607e+07 154925 16221376
0.0025329 7.75037e+07 196309 20421312
0.00332663 7.40582e+07 246365 25708672
0.00432236 7.14966e+07 309034 32365088
0.0056533 6.92576e+07 391534 40744992
0.00724428 6.78495e+07 491521 51294752
0.00941168 6.54961e+07 616428 64575968
0.0121671 6.41796e+07 780880 81295840
0.0154941 6.32873e+07 980581 102345024
0.0194015 6.33719e+07 1.22951e+06 128844640
0.0244868 6.35967e+07 1.55728e+06 162205344
0.0310161 6.30661e+07 1.95606e+06 204204288
0.0391529 6.26273e+07 2.45204e+06 257077888
0.0495296 6.2692e+07 3.10511e+06 323641632
0.0636286 6.13107e+07 3.90112e+06 407440256
0.0804692 6.07538e+07 4.88881e+06 512936608
0.0998214 6.20029e+07 6.18922e+06 645748768
0.126158 6.16435e+07 7.77683e+06 812949152
0.159092 6.12337e+07 9.7418e+06 1023442240
0.198352 6.21516e+07 1.23279e+07 1288437152
0.251323 6.16309e+07 1.54893e+07 1622045856
0.315325 6.1494e+07 1.93906e+07 2042034464
0.397648 6.16642e+07 2.45206e+07 2570768800
0.511108 6.02526e+07 3.07956e+07 3236405824
0.629356 6.11906e+07 3.85106e+07 4074393312
0.79004 6.15613e+07 4.86359e+07 5129356832
1.01529 6.00936e+07 6.10123e+07 6457477184
