# filename: ./acpphint-HoneyComb-65536MiB-threads_16-LP64-FreeBSD_main_n264334_215bab7924f6_64bit-clang++_16_O3lto-libc++-DSIZE_ull-ISIZE_ull-using_1_threads-cpus_0.txt
# acpphint_main version: 0.1.35

8.07455e-08 1.23846e+07 1 280
1.14622e-07 1.74487e+07 2 384
1.5113e-07 1.98505e+07 3 488
1.90955e-07 2.09474e+07 4 592
2.26667e-07 2.20588e+07 5 696
2.61367e-07 2.29563e+07 6 800
3e-07 2.33333e+07 7 904
3.70955e-07 2.42617e+07 9 1112
4.42278e-07 2.48712e+07 11 1320
5.60071e-07 2.49968e+07 14 1632
6.70083e-07 2.537e+07 17 1944
8.242e-07 2.54793e+07 21 2360
1.00013e-06 2.59968e+07 26 2880
1.22017e-06 2.62259e+07 32 3504
1.52e-06 2.63158e+07 40 4336
1.88025e-06 2.65922e+07 50 5376
2.3605e-06 2.66893e+07 63 6728
2.9405e-06 2.68662e+07 79 8392
3.6805e-06 2.68985e+07 99 10472
4.601e-06 2.69507e+07 124 13072
5.801e-06 2.68919e+07 156 16400
7.241e-06 2.70681e+07 196 20560
9.081e-06 2.71996e+07 247 25864
1.1441e-05 2.71829e+07 311 32520
1.456e-05 2.68544e+07 391 40840
1.868e-05 2.63383e+07 492 51344
2.36e-05 2.62288e+07 619 64552
3.016e-05 2.58289e+07 779 81192
3.836e-05 2.55474e+07 980 102096
4.8999e-05 2.51842e+07 1234 128512
6.1678e-05 2.51791e+07 1553 161688
7.7478e-05 2.5233e+07 1955 203496
9.7517e-05 2.52366e+07 2461 256120
0.000122437 2.53028e+07 3098 322368
0.000156035 2.49944e+07 3900 405776
0.000197234 2.48943e+07 4909.99 510816
0.000248432 2.488e+07 6180.99 643000
0.00031427 2.47589e+07 7780.99 809400
0.000392067 2.49829e+07 9794.98 1018856
0.000500383 2.46431e+07 12331 1282600
0.000638178 2.43254e+07 15523.9 1614672
0.000805252 2.42693e+07 19542.9 2032648
0.0010176 2.41772e+07 24602.9 2558888
0.00127259 2.43383e+07 30972.8 3221368
0.00161018 2.42157e+07 38991.6 4055344
0.00205273 2.39133e+07 49087.4 5105328
0.00257483 2.40005e+07 61797.1 6427168
0.00335104 2.3216e+07 77797.6 8091272
0.00421077 2.32596e+07 97940.8 10186248
0.00536429 2.29852e+07 123299 12823688
0.00691695 2.2441e+07 155223 16143992
0.00892668 2.18908e+07 195412 20323960
0.0123356 1.99428e+07 246006 25586256
0.014703 2.10637e+07 309699 32211160
0.0188326 2.07024e+07 389880 40551336
0.0240539 2.04049e+07 490818 51051072
0.0308802 2.00091e+07 617885 64269472
0.0412344 1.88639e+07 777842 80910408
0.0498615 1.96384e+07 979199 101860064
0.0622316 1.98077e+07 1.23267e+06 128234152
0.0791156 1.96133e+07 1.55172e+06 161437192
0.0990864 1.97132e+07 1.95331e+06 203237288
0.132095 1.86138e+07 2.45879e+06 255860560
0.159366 1.94206e+07 3.09497e+06 322109288
0.19589 1.98867e+07 3.89561e+06 405511464
0.249626 1.96419e+07 4.90313e+06 510508616
0.311675 1.9799e+07 6.17085e+06 642692200
0.398975 1.94643e+07 7.76575e+06 809101456
0.498507 1.96024e+07 9.77193e+06 1018598328
0.615337 1.99807e+07 1.22949e+07 1282339208
0.779861 1.98329e+07 1.54669e+07 1614369296
0.976764 1.99163e+07 1.94535e+07 2032370464
1.28692 1.9008e+07 2.44618e+07 2558602768
