# filename: ./acpphint-HoneyComb-65536MiB-threads_16-LP64-FreeBSD_main_n247756_348c41d1815d_64bit-g++_11_O3lto-libc++-DSIZE_d-ISIZE_ui-using_4_threads-cpus_kx4_kx4p3_0_15.txt
# acpphint_main version: 0.1.24

0.000103517 144904 15 1824
0.000107476 176778 18.9994 2208
0.000109517 210003 22.9989 2592
0.000104557 258222 26.9989 2976
0.000104716 296025 30.9985 3360
0.000110117 354151 38.9981 4128
0.000105477 445574 46.9978 4896
0.000106237 553440 58.7958 6048
0.000105316 667767 70.3266 7200
0.000103837 832514 86.4457 8736
0.000103077 1.0345e+06 106.633 10656
0.000107156 1.21722e+06 130.433 12960
0.000107957 1.50535e+06 162.513 16032
0.000108157 1.86858e+06 202.101 19872
0.000108717 2.34482e+06 254.922 24864
0.000107917 2.9549e+06 318.884 31008
0.000108036 3.67901e+06 397.465 38688
0.000110436 4.50666e+06 497.697 48288
0.000110357 5.65978e+06 624.596 60576
0.000113356 6.92013e+06 784.438 75936
0.000113756 8.6786e+06 987.242 95520
0.000117157 1.05833e+07 1239.91 120096
0.000123476 1.26385e+07 1560.55 150816
0.000118516 1.65393e+07 1960.17 189600
0.000120357 2.04285e+07 2458.71 238368
0.000127916 2.42394e+07 3100.6 299808
0.000143635 2.70779e+07 3889.33 376992
0.000155075 3.14566e+07 4878.14 474528
0.000171755 3.58193e+07 6152.14 597024
0.000195034 3.95408e+07 7711.8 751392
0.000218473 4.41829e+07 9652.77 945696
0.000254151 4.78604e+07 12163.8 1190304
0.00029715 5.1181e+07 15208.4 1498272
