# filename: ./acpphint-HoneyComb-65536MiB-threads_16-LP64-FreeBSD_main_n247756_348c41d1815d_64bit-clang++_12_O3lto-libc++-DSIZE_f-ISIZE_ui-using_4_threads-cpus_kx2s_0_6.txt
# acpphint_main version: 0.1.24

0.000113077 132653 15 1120
0.000116277 163377 18.9969 1328
0.000114877 200214 23 1536
0.000113116 238640 26.994 1744
0.000119957 258361 30.9922 1952
0.000115477 337571 38.9817 2368
0.000111596 420926 46.9737 2784
0.000118756 494675 58.7456 3408
0.000117156 599517 70.2371 4032
0.000116796 739099 86.3238 4864
0.000123356 863272 106.49 5904
0.000121476 1.07159e+06 130.172 7152
0.000118676 1.36592e+06 162.102 8816
0.000125716 1.60297e+06 201.519 10896
0.000124076 2.04716e+06 254.004 13600
0.000120076 2.64404e+06 317.486 16928
0.000124756 3.16815e+06 395.245 21088
0.000123636 3.99169e+06 493.517 26288
0.000126756 4.86863e+06 617.127 32944
0.000129796 5.94081e+06 771.094 41264
0.000124916 7.72908e+06 965.485 51872
