# filename: ./acpphint-HoneyComb-65536MiB-threads_16-LP64-FreeBSD_main_n247756_348c41d1815d_64bit-clang++_12_O3lto-libc++-DSIZE_ull-ISIZE_ull-using_8_threads-cpus_kx4p2_kx4p3_2_15.txt
# acpphint_main version: 0.1.24

0.000225032 137758 31 3904
0.000230192 169424 39 4736
0.000225793 208155 47 5568
0.000219192 250922 55 6400
0.000219632 286843 63 7232
0.000223672 353196 79 8896
0.000213953 444023 95 10560
0.000221992 533953 118.533 13056
0.000214632 659011 141.445 15552
0.000220792 786838 173.727 18880
0.000219593 975278 214.164 23040
0.000223272 1.17225e+06 261.732 28032
0.000236112 1.38049e+06 325.949 34688
0.000219312 1.84675e+06 405.014 43008
0.000229633 2.22529e+06 511 53824
0.000220873 2.89306e+06 639 67136
0.000229432 3.46889e+06 795.875 83776
0.000225673 4.4163e+06 996.639 104576
0.000229112 5.45763e+06 1250.41 131200
0.000232512 6.75517e+06 1570.66 164480
0.000225432 8.77085e+06 1977.23 206912
0.000235232 1.05566e+07 2483.26 260160
0.000241752 1.29381e+07 3127.82 326720
0.000250152 1.57114e+07 3930.23 410752
0.000260871 1.89016e+07 4930.87 516416
0.00027519 2.26312e+07 6227.89 649536
0.00028311 2.76211e+07 7819.82 816768
0.000280991 3.49385e+07 9817.41 1028096
0.000311269 3.98817e+07 12413.9 1293504
0.000336188 4.63759e+07 15591 1627968
0.000363187 5.3867e+07 19563.8 2048960
0.000402265 6.15636e+07 24764.9 2578944
0.000469983 6.61567e+07 31092.5 3246208
0.000540141 7.22259e+07 39012.1 4086528
0.000623057 7.93143e+07 49417.3 5144000
0.000721253 8.5992e+07 62022 6475200
0.000843409 9.22367e+07 77793.3 8150848
0.000988163 9.97904e+07 98609.2 10260800
0.00120812 1.02412e+08 123726 12917376
0.00156602 9.9079e+07 155160 16261184
0.00216968 9.07019e+07 196794 20471104
0.00291901 8.45592e+07 246829 25770944
0.00391681 7.90113e+07 309472 32442752
0.0051398 7.63821e+07 392589 40842624
0.0066861 7.36495e+07 492428 51417344
0.00866583 7.12304e+07 617270 64730176
0.0111299 7.0344e+07 782923 81489984
0.0142438 6.89693e+07 982382 102589504
0.0181234 6.79307e+07 1.23114e+06 129151936
0.0231096 6.75578e+07 1.56124e+06 162591680
0.0292502 6.69951e+07 1.95962e+06 204690048
0.0370205 6.6319e+07 2.45516e+06 257689280
0.0469426 6.63102e+07 3.11277e+06 324410688
0.05921 6.60053e+07 3.90817e+06 408408576
0.0747985 6.54404e+07 4.89484e+06 514155776
0.0943368 6.57653e+07 6.20409e+06 647283264
0.119009 6.54642e+07 7.79083e+06 814880512
0.150202 6.49354e+07 9.75343e+06 1025873216
0.188989 6.53833e+07 1.23567e+07 1291497536
0.238287 6.51191e+07 1.5517e+07 1625898304
0.300135 6.46811e+07 1.9413e+07 2046884480
0.378139 6.49926e+07 2.45763e+07 2576874304
0.477294 6.46361e+07 3.08505e+07 3244091712
0.599993 6.42568e+07 3.85537e+07 4084068928
0.754701 6.45856e+07 4.87428e+07 5141537600
0.950435 6.43075e+07 6.11202e+07 6472811648
1.19707 6.36813e+07 7.62307e+07 8148786624
