# filename: ./acpphint-HoneyComb-65536MiB-threads_16-LP64-FreeBSD_main_n262658_b347c2284603_64bit-g++_13_O3lto-libstdc++-cpulockdown-DSIZE_ull-ISIZE_ull-using_8_threads-cpus_kx4p2_kx4p3_2_15.txt
# acpphint_main version: 0.1.34

0.000221353 140048 31 3904
0.000226153 172450 39 4736
0.000227953 206183 47 5568
0.000220513 249418 55 6400
0.000227873 276470 63 7232
0.000216193 365414 79 8896
0.000225873 420590 95 10560
0.000222993 531556 118.533 13056
0.000222473 635784 141.445 15552
0.000224073 775316 173.727 18880
0.000225953 947827 214.164 23040
0.000225433 1.16102e+06 261.732 28032
0.000219033 1.48813e+06 325.949 34688
0.000231632 1.74852e+06 405.014 43008
0.000228312 2.23817e+06 511 53824
0.000228753 2.79341e+06 639 67136
0.000226073 3.52043e+06 795.875 83776
0.000232793 4.28122e+06 996.639 104576
0.000228553 5.47098e+06 1250.41 131200
0.000232632 6.75168e+06 1570.66 164480
0.000229312 8.62245e+06 1977.23 206912
0.000231513 1.07262e+07 2483.26 260160
0.000236352 1.32337e+07 3127.82 326720
0.000241952 1.62438e+07 3930.23 410752
0.000243753 2.0229e+07 4930.87 516416
0.000254152 2.45046e+07 6227.89 649536
0.000260111 3.00634e+07 7819.82 816768
0.000271552 3.6153e+07 9817.41 1028096
0.00028763 4.31594e+07 12413.9 1293504
0.00030587 5.09727e+07 15591 1627968
0.000327749 5.96914e+07 19563.8 2048960
0.000367268 6.743e+07 24764.9 2578944
0.000403626 7.7033e+07 31092.5 3246208
0.000465144 8.38711e+07 39012.1 4086528
0.000530262 9.31942e+07 49417.3 5144000
0.000603019 1.02852e+08 62022 6475200
0.000689696 1.12794e+08 77793.3 8150848
0.000816332 1.20795e+08 98609.2 10260800
0.00100253 1.23414e+08 123726 12917376
0.00136663 1.13534e+08 155160 16261184
0.00195901 1.00456e+08 196794 20471104
0.00275262 8.96705e+07 246829 25770944
0.00369051 8.38563e+07 309472 32442752
0.00486943 8.06232e+07 392589 40842624
0.00635249 7.75173e+07 492428 51417344
0.00821075 7.51784e+07 617270 64730176
0.0105328 7.43321e+07 782923 81489984
0.013452 7.30287e+07 982382 102589504
0.0171134 7.194e+07 1.23114e+06 129151936
0.0217959 7.16299e+07 1.56124e+06 162591680
0.0276276 7.09298e+07 1.95962e+06 204690048
0.0349307 7.02866e+07 2.45516e+06 257689280
0.0441931 7.04358e+07 3.11277e+06 324410688
0.0559785 6.98156e+07 3.90817e+06 408408576
0.0704034 6.95257e+07 4.89484e+06 514155776
0.0889646 6.97366e+07 6.20409e+06 647283264
0.112081 6.95107e+07 7.79083e+06 814880512
0.141758 6.88033e+07 9.75343e+06 1025873216
0.1783 6.93028e+07 1.23567e+07 1291497536
0.223974 6.92804e+07 1.5517e+07 1625898304
0.282901 6.86213e+07 1.9413e+07 2046884480
0.356936 6.88535e+07 2.45763e+07 2576874304
0.448565 6.87759e+07 3.08505e+07 3244091712
0.564156 6.83387e+07 3.85537e+07 4084068928
0.710725 6.85818e+07 4.87428e+07 5141537600
0.896512 6.81755e+07 6.11202e+07 6472811648
1.12708 6.76358e+07 7.62307e+07 8148786624
