# filename: ./acpphint-HoneyComb-65536MiB-threads_16-LP64-FreeBSD_main_n247756_348c41d1815d_64bit-g++_11_O3lto-libc++-DSIZE_ld-ISIZE_ull-using_4_threads-cpus_kx8_kx8p2_0_2_8_10.txt
# acpphint_main version: 0.1.24

0.000119037 126011 15 3360
0.000117516 161680 19 4128
0.000119076 193154 23 4896
0.000129275 208857 27 5664
0.000124516 248964 31 6432
0.000129916 300194 39 7968
0.000126836 370557 47 9504
0.000126156 466090 58.8001 11808
0.000132596 530437 70.3339 14112
0.000134276 643859 86.4548 17184
0.000143635 742463 106.644 21024
0.000158275 824207 130.451 25632
0.000169874 956863 162.546 31776
0.000182953 1.10491e+06 202.147 39456
0.000206713 1.23359e+06 255 49440
0.000229792 1.38821e+06 319 61728
0.00026979 1.47394e+06 397.655 77088
0.000294509 1.69093e+06 497.994 96288
0.000362227 1.7256e+06 625.057 120864
0.000410505 1.91259e+06 785.128 151584
0.000490661 2.01471e+06 988.539 190752
0.000585978 2.11958e+06 1242.03 239904
0.000697733 2.24141e+06 1563.9 301344
0.000858967 2.28827e+06 1965.55 378912
0.00104992 2.34978e+06 2467.08 476448
0.00129771 2.39977e+06 3114.21 599328
0.00160242 2.44093e+06 3911.39 753696
0.0019826 2.478e+06 4912.88 948768
0.00246402 2.51931e+06 6207.64 1193760
0.0030842 2.52873e+06 7799.09 1502496
0.00385869 2.53748e+06 9791.35 1891104
0.00484049 2.55837e+06 12383.8 2380320
0.00607696 2.55952e+06 15554.1 2996256
0.0076117 2.56532e+06 19526.4 3771936
0.0095867 2.57763e+06 24711 4748064
0.0120545 2.57395e+06 31027.7 5976864
0.0152439 2.55446e+06 38939.8 7523616
0.0192014 2.56795e+06 49308.1 9471264
0.0245539 2.5209e+06 61897.9 11923488
0.0312644 2.48432e+06 77671 15010080
0.0399878 2.46082e+06 98402.6 18896160
0.0510589 2.41856e+06 123489 23788320
0.0653155 2.37202e+06 154930 29946912
0.0831935 2.35977e+06 196318 37700640
0.105655 2.33191e+06 246377 47461920
0.133851 2.30894e+06 309054 59750688
0.169757 2.30663e+06 391566 75221280
0.214668 2.28991e+06 491572 94697760
0.271294 2.27247e+06 616508 119216928
0.342505 2.28028e+06 781008 150084384
0.432046 2.27009e+06 980783 188944416
0.544512 2.25859e+06 1.22983e+06 237866784
0.687189 2.2669e+06 1.55779e+06 299455776
0.866841 2.25747e+06 1.95687e+06 376992288
1.09227 2.24607e+06 2.4533e+06 474605088
