# filename: ./acpphint-HoneyComb-65536MiB-threads_16-LP64-FreeBSD_main_n247756_348c41d1815d_64bit-clang++_12_O3lto-libc++-DSIZE_d-ISIZE_ui-using_4_threads-cpus_kx2s_0_14.txt
# acpphint_main version: 0.1.24

0.000109796 136617 15 1824
0.000110597 171790 18.9994 2208
0.000114757 200414 22.9989 2592
0.000115477 233803 26.9989 2976
0.000115556 268256 30.9985 3360
0.000116636 334357 38.9981 4128
0.000116516 403359 46.9978 4896
0.000112076 524606 58.7958 6048
0.000114637 613472 70.3266 7200
0.000119316 724511 86.4457 8736
0.000115117 926298 106.633 10656
0.000116876 1.11599e+06 130.433 12960
0.000115277 1.40976e+06 162.513 16032
0.000114517 1.76481e+06 202.101 19872
0.000121997 2.08958e+06 254.922 24864
0.000120476 2.64687e+06 318.884 31008
0.000120156 3.30791e+06 397.465 38688
0.000120557 4.12831e+06 497.697 48288
0.000125396 4.98099e+06 624.596 60576
0.000129876 6.0399e+06 784.438 75936
0.000130436 7.56879e+06 987.242 95520
0.000135116 9.17665e+06 1239.91 120096
0.000128796 1.21165e+07 1560.55 150816
0.000132316 1.48143e+07 1960.17 189600
0.000140035 1.75578e+07 2458.71 238368
0.000151155 2.05127e+07 3100.6 299808
0.000165275 2.35325e+07 3889.33 376992
0.000182154 2.67803e+07 4878.14 474528
0.000201754 3.04933e+07 6152.14 597024
0.000230033 3.35248e+07 7711.8 751392
0.000261471 3.69172e+07 9652.77 945696
0.000305869 3.97679e+07 12163.8 1190304
0.000359507 4.23036e+07 15208.4 1498272
