# filename: ./acpphint-HoneyComb-65536MiB-threads_16-LP64-FreeBSD_main_n247756_348c41d1815d_64bit-g++_11_O3lto-libstdc++-DSIZE_ui-ISIZE_ui-using_4_threads-cpus_kx4sn0_1_12.txt
# acpphint_main version: 0.1.24

0.000165235 90759.1 14.9966 1120
0.000162275 117051 18.9944 1328
0.000164995 139349 22.9919 1536
0.000166034 162550 26.9889 1744
0.000167754 184707 30.9854 1952
0.000165155 236000 38.9766 2368
0.000165994 282939 46.9661 2784
0.000165315 355370 58.7479 3408
0.000166154 422844 70.2572 4032
0.000166875 517401 86.3413 4864
0.000162954 653377 106.47 5904
0.000163994 793876 130.191 7152
0.000164715 984390 162.144 8816
0.000164114 1.22796e+06 201.526 10896
0.000163555 1.55307e+06 254.012 13600
0.000165194 1.9217e+06 317.453 16928
0.000165995 2.38115e+06 395.259 21088
0.000167035 2.95894e+06 494.246 26288
0.000170514 3.63108e+06 619.15 32944
0.000168755 4.59749e+06 775.849 41264
0.000174154 5.59191e+06 973.853 51872
0.000171634 7.10178e+06 1218.91 65184
0.000179634 8.50322e+06 1527.47 81824
0.000178034 1.07192e+07 1908.38 102832
0.000181513 1.30985e+07 2377.55 129248
0.000187954 1.58175e+07 2972.96 162528
0.000194393 1.8989e+07 3691.32 204336
0.000205513 2.22387e+07 4570.33 257168
0.000211393 2.68253e+07 5670.69 323520
0.000229392 3.03842e+07 6969.9 407136
0.000243031 3.5052e+07 8518.73 512384
0.00026435 3.94019e+07 10415.9 644880
0.00028975 4.33864e+07 12571.2 811696
