# filename: ./acpphint-HoneyComb-65536MiB-threads_16-LP64-FreeBSD_main_n247756_348c41d1815d_64bit-g++_11_O3lto-libc++-DSIZE_ld-ISIZE_ull-using_8_threads-cpus_kx4p2_kx4p3_1_15.txt
# acpphint_main version: 0.1.24

0.000247952 125024 31 6720
0.000240911 161886 39 8256
0.000232912 201793 47 9792
0.000231952 237118 55 11328
0.000233232 270117 63 12864
0.000236152 334530 79 15936
0.000237232 400452 95 19008
0.000241512 490797 118.533 23616
0.000245832 575372 141.445 28224
0.000252511 687999 173.727 34368
0.000259911 823991 214.164 42048
0.000255311 1.02515e+06 261.732 51264
0.000265311 1.22856e+06 325.949 63552
0.00027699 1.4622e+06 405.014 78912
0.000302749 1.68787e+06 511 98880
0.000321669 1.98651e+06 639 123456
0.000356027 2.23543e+06 795.875 154176
0.000397586 2.50673e+06 996.639 192576
0.000439824 2.84298e+06 1250.41 241728
0.000502741 3.12419e+06 1570.66 303168
0.000582779 3.39276e+06 1977.23 381504
0.000679095 3.65672e+06 2483.26 479808
0.00079881 3.9156e+06 3127.82 602688
0.000961204 4.08886e+06 3930.23 757824
0.00115492 4.26946e+06 4930.87 952896
0.00140007 4.44828e+06 6227.9 1198656
0.00170817 4.57789e+06 7819.83 1507392
0.00209868 4.67791e+06 9817.43 1897536
0.00260162 4.77163e+06 12414 2387520
0.00322564 4.83349e+06 15591.1 3004992
0.00401013 4.87862e+06 19563.9 3782208
0.00500105 4.95196e+06 24765 4760640
0.00622856 4.99196e+06 31092.7 5992512
0.00775394 5.03131e+06 39012.5 7543872
0.00967695 5.10676e+06 49417.9 9496128
0.0121217 5.11669e+06 62022.8 11953728
0.0151465 5.13614e+06 77794.5 15047232
0.0189109 5.21451e+06 98611.2 18942528
0.0237069 5.21911e+06 123729 23846976
0.0296746 5.22887e+06 155165 30020160
0.0372398 5.28472e+06 196802 37792320
0.046754 5.27959e+06 246842 47576640
0.0587879 5.26456e+06 309492 59893824
0.0739506 5.30923e+06 392621 75401280
0.0928613 5.30339e+06 492479 94923840
0.116762 5.28723e+06 617350 119501376
0.147084 5.32383e+06 783052 150442560
0.184714 5.3195e+06 982585 189395520
0.232322 5.30063e+06 1.23145e+06 238433856
0.292748 5.33479e+06 1.56175e+06 300168768
0.368189 5.32451e+06 1.96043e+06 377888832
0.462671 5.30923e+06 2.45643e+06 475733568
0.581946 5.35241e+06 3.11481e+06 598911552
0.732557 5.33936e+06 3.91138e+06 753984576
0.922004 5.31438e+06 4.89988e+06 949210176
1.16266 5.34306e+06 6.21219e+06 1194984000
