# filename: ./acpphint-HoneyComb-65536MiB-threads_16-LP64-FreeBSD_main_n247756_348c41d1815d_64bit-clang++_12_O3lto-libc++-DSIZE_d-ISIZE_ul-using_8_threads-cpus_kx4p1_kx4p2_1_14.txt
# acpphint_main version: 0.1.24

0.000223992 138398 31 3904
0.000225272 173124 39 4736
0.000223432 210355 47 5568
0.000224152 245369 55 6400
0.000224432 280709 63 7232
0.000227832 346747 79 8896
0.000218552 434679 95 10560
0.000222312 533185 118.533 13056
0.000225472 627327 141.445 15552
0.000217792 797676 173.727 18880
0.000226792 944320 214.164 23040
0.000228392 1.14598e+06 261.732 28032
0.000217672 1.49743e+06 325.949 34688
0.000226392 1.789e+06 405.014 43008
0.000231432 2.20799e+06 511 53824
0.000230472 2.77257e+06 639 67136
0.000224592 3.54364e+06 795.874 83776
0.000231472 4.30565e+06 996.638 104576
0.000235872 5.30121e+06 1250.41 131200
0.000233792 6.71818e+06 1570.66 164480
0.000241312 8.19366e+06 1977.23 206912
0.000239552 1.03662e+07 2483.25 260160
0.000245431 1.27442e+07 3127.82 326720
0.000251031 1.56563e+07 3930.22 410752
0.000267551 1.84296e+07 4930.85 516416
0.00027171 2.2921e+07 6227.86 649536
0.00027339 2.8603e+07 7819.77 816768
0.00028987 3.38681e+07 9817.34 1028096
0.000315509 3.93454e+07 12413.8 1293504
0.000343388 4.5403e+07 15590.8 1627968
0.000386826 5.05745e+07 19563.5 2048960
0.000426184 5.81073e+07 24764.4 2578944
0.000479062 6.49014e+07 31091.8 3246208
0.000563099 6.92791e+07 39011 4086528
0.000659415 7.49383e+07 49415.5 5144000
0.000800129 7.75113e+07 62019 6475200
0.000966322 8.04996e+07 77788.6 8150848
0.00115932 8.50517e+07 98601.7 10260800
0.00139147 8.8909e+07 123714 12917376
0.00170965 9.07443e+07 155141 16261184
0.00215168 9.14469e+07 196764 20471104
0.00284185 8.68387e+07 246782 25770944
0.00376693 8.21356e+07 309399 32442752
0.00497072 7.89565e+07 392471 40842624
0.00645974 7.62016e+07 492243 51417344
0.00836527 7.37549e+07 616979 64730176
0.0108227 7.22977e+07 782456 81489984
0.0138545 7.08539e+07 981645 102589504
0.0177883 6.91452e+07 1.22998e+06 129151936
0.0226043 6.89859e+07 1.55938e+06 162591680
0.0287572 6.8042e+07 1.9567e+06 204690048
0.0365914 6.69713e+07 2.45057e+06 257689280
0.0462768 6.71048e+07 3.10539e+06 324410688
0.0585463 6.65547e+07 3.89653e+06 408408576
0.0740542 6.58518e+07 4.8766e+06 514155776
0.0928434 6.65079e+07 6.17482e+06 647283264
0.118033 6.56145e+07 7.7447e+06 814880512
0.148542 6.51748e+07 9.68119e+06 1025873216
0.187592 6.52529e+07 1.22409e+07 1291497536
0.234145 6.54933e+07 1.53349e+07 1625898304
