# filename: ./acpphint-HoneyComb-65536MiB-threads_16-LP64-FreeBSD_main_n247756_348c41d1815d_64bit-clang++_12_O3lto-libc++-DSIZE_d-ISIZE_ui-using_8_threads-cpus_kx4_kx4p1_0_13.txt
# acpphint_main version: 0.1.24

0.000218392 141940 30.9985 3648
0.000220512 176852 38.9981 4416
0.000220832 212822 46.9978 5184
0.000218872 251275 54.997 5952
0.000226312 278355 62.9951 6720
0.000223913 352782 78.9924 8256
0.000220473 430847 94.9901 9792
0.000220872 536592 118.518 12096
0.000224913 628806 141.427 14400
0.000218952 793284 173.691 17472
0.000224672 952973 214.106 21312
0.000227992 1.14763e+06 261.649 25920
0.000226233 1.44023e+06 325.828 32064
0.000222712 1.81765e+06 404.813 39744
0.000228073 2.23914e+06 510.688 49728
0.000222032 2.87582e+06 638.524 62016
0.000225873 3.52033e+06 795.147 77376
0.000229153 4.34354e+06 995.336 96576
0.000237152 5.26371e+06 1248.3 121152
0.000234832 6.67411e+06 1567.29 151872
0.000234632 8.40365e+06 1971.77 191040
0.000243031 1.01816e+07 2474.44 240192
0.000244592 1.27309e+07 3113.88 301632
0.000252511 1.54766e+07 3908.02 379200
0.000264551 1.85059e+07 4895.74 476736
0.00027455 2.24792e+07 6171.66 599616
0.000275471 2.80702e+07 7732.52 753984
0.000292189 3.31294e+07 9680.04 949056
0.000325029 3.75127e+07 12192.7 1194048
0.000351987 4.33138e+07 15245.9 1502784
