# filename: ./acpphint-HoneyComb-65536MiB-threads_16-LP64-FreeBSD_main_n247756_348c41d1815d_64bit-clang++_12_O3lto-libc++-DSIZE_ull-ISIZE_ull-using_8_threads-cpus_kx4p2_kx4p3_1_15.txt
# acpphint_main version: 0.1.24

0.000227672 136161 31 3904
0.000219152 177959 39 4736
0.000227713 206400 47 5568
0.000218232 252025 55 6400
0.000224272 280909 63 7232
0.000218032 362332 79 8896
0.000218952 433885 95 10560
0.000221512 535110 118.533 13056
0.000219752 643656 141.445 15552
0.000217593 798405 173.727 18880
0.000216232 990437 214.164 23040
0.000222793 1.17477e+06 261.732 28032
0.000224632 1.45104e+06 325.949 34688
0.000225713 1.79438e+06 405.014 43008
0.000221872 2.30313e+06 511 53824
0.000220153 2.90253e+06 639 67136
0.000227792 3.49387e+06 795.875 83776
0.000227512 4.3806e+06 996.639 104576
0.000234512 5.33196e+06 1250.41 131200
0.000238152 6.59519e+06 1570.66 164480
0.000238352 8.29543e+06 1977.23 206912
0.000236152 1.05155e+07 2483.26 260160
0.000249472 1.25378e+07 3127.82 326720
0.000252352 1.55744e+07 3930.23 410752
0.000261351 1.88668e+07 4930.87 516416
0.00027723 2.24647e+07 6227.89 649536
0.000288469 2.7108e+07 7819.82 816768
0.00029243 3.35718e+07 9817.41 1028096
0.000311909 3.97998e+07 12413.9 1293504
0.000334188 4.66534e+07 15591 1627968
0.000360187 5.43157e+07 19563.8 2048960
0.000405345 6.10958e+07 24764.9 2578944
0.000470103 6.61398e+07 31092.5 3246208
0.000547859 7.12084e+07 39012.1 4086528
0.000628136 7.8673e+07 49417.3 5144000
0.000722213 8.58777e+07 62022 6475200
0.000862327 9.02132e+07 77793.3 8150848
0.001002 9.84121e+07 98609.2 10260800
0.00121263 1.0203e+08 123726 12917376
0.00156402 9.92057e+07 155160 16261184
0.00216112 9.10612e+07 196794 20471104
0.00293613 8.40662e+07 246829 25770944
0.00393685 7.86092e+07 309472 32442752
0.00519464 7.55757e+07 392589 40842624
0.00670542 7.34373e+07 492428 51417344
0.00867319 7.117e+07 617270 64730176
0.0111543 7.01903e+07 782923 81489984
0.0142441 6.89675e+07 982382 102589504
0.0181679 6.77644e+07 1.23114e+06 129151936
0.0230593 6.77054e+07 1.56124e+06 162591680
0.029271 6.69475e+07 1.95962e+06 204690048
0.037052 6.62626e+07 2.45516e+06 257689280
0.0468691 6.64142e+07 3.11277e+06 324410688
0.05921 6.60053e+07 3.90817e+06 408408576
0.0748757 6.5373e+07 4.89484e+06 514155776
0.0943359 6.5766e+07 6.20409e+06 647283264
0.119054 6.54397e+07 7.79083e+06 814880512
0.150133 6.49651e+07 9.75343e+06 1025873216
0.188828 6.5439e+07 1.23567e+07 1291497536
0.238386 6.5092e+07 1.5517e+07 1625898304
0.300088 6.46912e+07 1.9413e+07 2046884480
0.378239 6.49755e+07 2.45763e+07 2576874304
0.476369 6.47618e+07 3.08505e+07 3244091712
0.599855 6.42717e+07 3.85537e+07 4084068928
0.754622 6.45924e+07 4.87428e+07 5141537600
0.950222 6.4322e+07 6.11202e+07 6472811648
1.19732 6.36679e+07 7.62307e+07 8148786624
