# filename: ./acpphint-HoneyComb-65536MiB-threads_16-LP64-FreeBSD_main_n262658_b347c2284603_64bit-clang++_16_O3lto-libc++-DSIZE_ul-ISIZE_ul-using_8_threads.txt
# acpphint_main version: 0.1.34

0.000198154 156444 31 3904
0.000184515 211365 39 4736
0.000171396 274219 47 5568
0.000169955 323615 55 6400
0.000181636 346848 63 7232
0.000172556 457822 79 8896
0.000170996 555569 95 10560
0.000176836 670301 118.533 13056
0.000175996 803682 141.445 15552
0.000201194 863482 173.727 18880
0.000174116 1.23001e+06 214.164 23040
0.000182596 1.43339e+06 261.732 28032
0.000176955 1.84199e+06 325.949 34688
0.000185555 2.18272e+06 405.014 43008
0.000183475 2.78512e+06 511 53824
0.000177275 3.60457e+06 639 67136
0.000185155 4.29842e+06 795.875 83776
0.000186755 5.33661e+06 996.639 104576
0.000181435 6.89177e+06 1250.41 131200
0.000183195 8.57369e+06 1570.66 164480
0.000183795 1.07578e+07 1977.23 206912
0.000199795 1.2429e+07 2483.26 260160
0.000194875 1.60504e+07 3127.82 326720
0.000201474 1.95074e+07 3930.23 410752
0.000201394 2.44837e+07 4930.87 516416
0.000213794 2.91303e+07 6227.89 649536
0.000228074 3.42863e+07 7819.82 816768
0.000237193 4.139e+07 9817.41 1028096
0.000247113 5.02358e+07 12413.9 1293504
0.000269192 5.79178e+07 15591 1627968
0.000295871 6.61227e+07 19563.8 2048960
0.00032235 7.68261e+07 24764.9 2578944
0.000370469 8.39274e+07 31092.5 3246208
0.000435706 8.95378e+07 39012.1 4086528
0.000501905 9.84596e+07 49417.3 5144000
0.000576462 1.07591e+08 62022 6475200
0.000691058 1.12571e+08 77793.3 8150848
0.000821214 1.20077e+08 98609.2 10260800
0.000990169 1.24954e+08 123726 12917376
0.00123356 1.25782e+08 155160 16261184
0.00168263 1.16956e+08 196794 20471104
0.00246388 1.00179e+08 246829 25770944
0.00346369 8.93476e+07 309472 32442752
0.00469761 8.3572e+07 392589 40842624
0.0061918 7.95291e+07 492428 51417344
0.00813662 7.58633e+07 617270 64730176
0.0105916 7.39191e+07 782923 81489984
0.0137138 7.16346e+07 982382 102589504
0.0174527 7.05413e+07 1.23114e+06 129151936
0.022158 7.04593e+07 1.56124e+06 162591680
0.0284609 6.88531e+07 1.95962e+06 204690048
0.0361182 6.79757e+07 2.45516e+06 257689280
0.0453187 6.86864e+07 3.11277e+06 324410688
0.0578418 6.75666e+07 3.90817e+06 408408576
0.0723803 6.76268e+07 4.89484e+06 514155776
0.0913462 6.79184e+07 6.20409e+06 647283264
0.115479 6.74656e+07 7.79083e+06 814880512
0.145366 6.70957e+07 9.75343e+06 1025873216
0.183124 6.74775e+07 1.23567e+07 1291497536
0.233102 6.65675e+07 1.5517e+07 1625898304
0.290259 6.68818e+07 1.9413e+07 2046884480
0.366214 6.7109e+07 2.45763e+07 2576874304
0.461148 6.68993e+07 3.08505e+07 3244091712
0.582124 6.62293e+07 3.85537e+07 4084068928
0.736989 6.61378e+07 4.87428e+07 5141537600
0.922649 6.62442e+07 6.11202e+07 6472811648
1.16235 6.55834e+07 7.62307e+07 8148786624
