# filename: ./acpphint-HoneyComb-65536MiB-threads_16-LP64-FreeBSD_main_n259950_5723e5ac6d76_64bit-g++_12_O3lto-libc++-DSIZE_ull-ISIZE_ull-using_15_threads-cpus_kp1_1_15.txt
# acpphint_main version: 0.1.30

0.000371987 158608 59 7320
0.000380907 194273 74 8880
0.000362908 245241 89 10440
0.000362868 286606 104 12000
0.000380547 312708 119 13560
0.000368427 404422 149 16680
0.000367667 486854 179 19800
0.000383906 581045 223.067 24480
0.000386507 687928 265.889 29160
0.000371347 879109 326.455 35400
0.000378667 1.06248e+06 402.324 43200
0.000370827 1.32535e+06 491.474 52560
0.000367067 1.66701e+06 611.906 65040
0.000370547 2.05111e+06 760.033 80640
0.000367867 2.60692e+06 959 100920
0.000368027 3.25791e+06 1199 125880
0.000377387 3.95552e+06 1492.76 157080
0.000389666 4.7971e+06 1869.27 196080
0.000396346 5.91595e+06 2344.76 246000
0.000371827 7.92126e+06 2945.34 308400
0.000375307 9.87841e+06 3707.44 387960
0.000380707 1.22283e+07 4655.38 487800
0.000393426 1.49067e+07 5864.69 612600
0.000404585 1.82123e+07 7368.4 770160
0.000390266 2.36824e+07 9242.45 968280
0.000413106 2.8266e+07 11676.8 1217880
0.000418945 3.49916e+07 14659.5 1531440
0.000442384 4.15933e+07 18400.2 1927680
0.000476423 4.88535e+07 23274.9 2425320
0.000529102 5.52385e+07 29226.8 3052440
0.0005663 6.47454e+07 36665.3 3841800
0.000619457 7.49555e+07 46431.7 4835520
0.000692895 8.41173e+07 58284.5 6086640
0.000813651 8.9856e+07 73111.4 7662240
0.000882648 1.04972e+08 92653.1 9645000
0.000987283 1.17759e+08 116261 12141000
0.00112412 1.29688e+08 145785 15282840
0.0015095 1.2248e+08 184884 19239000
0.00231763 1.00068e+08 231921 24220080
0.00330212 8.80523e+07 290759 30489720
0.00451571 8.17084e+07 368971 38383320
0.00597897 7.73816e+07 462662 48320520
0.00780543 7.42946e+07 579901 60830160
0.0101068 7.28255e+07 736034 76579920
0.0129808 7.11029e+07 922971 96407520
0.0165677 6.98089e+07 1.15657e+06 121369080
0.0211332 6.94491e+07 1.46768e+06 152793720
0.0268512 6.85674e+07 1.84112e+06 192355320
0.0340364 6.7764e+07 2.30644e+06 242159880
0.0431317 6.78429e+07 2.92618e+06 304859400
0.0545821 6.72725e+07 3.67187e+06 383793840
0.0689599 6.66815e+07 4.59835e+06 483167400
0.0871229 6.69419e+07 5.83217e+06 608270040
0.110131 6.64673e+07 7.32009e+06 765766080
0.138811 6.60106e+07 9.16303e+06 964042080
0.17491 6.64143e+07 1.16165e+07 1213656120
0.220255 6.62001e+07 1.45809e+07 1527900960
0.277689 6.56848e+07 1.82399e+07 1923512280
0.349734 6.60707e+07 2.31072e+07 2421557880
0.440557 6.58152e+07 2.89953e+07 3048559320
0.555373 6.52407e+07 3.62329e+07 3837908400
0.699413 6.5545e+07 4.58431e+07 4831639320
0.882589 6.5114e+07 5.74689e+07 6082671960
1.10873 6.4649e+07 7.16786e+07 7657629240
