# filename: ./acpphint-HoneyComb-65536MiB-threads_16-LP64-FreeBSD_main_n262658_b347c2284603_64bit-g++_13_O3lto-libc++-cpulockdown-DSIZE_ul-ISIZE_ul-using_5_threads.txt
# acpphint_main version: 0.1.34

0.000110877 171361 19 2440
0.000111037 216144 24 2960
0.000115917 250179 29 3480
0.000113277 300149 34 4000
0.000110717 352249 39 4520
0.000110717 442570 49 5560
0.000114717 514309 59 6600
0.000113837 647710 73.7334 8160
0.000114837 767275 88.1116 9720
0.000112437 962966 108.273 11800
0.000112077 1.19136e+06 133.524 14400
0.000115316 1.41586e+06 163.271 17520
0.000114597 1.77489e+06 203.397 21680
0.000113677 2.22441e+06 252.864 26880
0.000117196 2.72194e+06 319 33640
0.000115637 3.45045e+06 399 41960
0.000117877 4.21804e+06 497.209 52360
0.000117597 5.29482e+06 622.655 65360
0.000116557 6.70399e+06 781.396 82000
0.000123396 7.95414e+06 981.51 102800
0.000121157 1.01993e+07 1235.71 129320
0.000125437 1.23754e+07 1552.34 162600
0.000124437 1.57098e+07 1954.88 204200
0.000128317 1.91457e+07 2456.72 256720
0.000138836 2.22063e+07 3083.03 322760
0.000132076 2.94726e+07 3892.62 405960
0.000136476 3.58195e+07 4888.5 510480
0.000151755 4.04535e+07 6139.02 642560
0.000163195 4.75456e+07 7759.21 808440
0.000179634 5.42607e+07 9747.07 1017480
0.000197274 6.20177e+07 12234.5 1280600
0.000222193 6.96648e+07 15479 1611840
0.000262871 7.39477e+07 19438.7 2028880
0.00030547 7.98699e+07 24397.9 2554080
0.000365148 8.45889e+07 30887.5 3215000
0.000445785 8.6984e+07 38776.2 4047000
0.000539182 9.02351e+07 48653.1 5094280
0.000639058 9.64437e+07 61633.1 6413000
0.000796972 9.70603e+07 77354.4 8073360
0.000977766 9.92494e+07 97042.7 10163240
0.00123316 9.97435e+07 122999 12794440
0.00157922 9.77203e+07 154322 16106840
0.00214736 9.01398e+07 193563 20276720
0.00290114 8.4581e+07 245381 25526640
0.00390194 7.89051e+07 307883 32135840
0.00505486 7.63815e+07 386098 40456360
0.00666868 7.3386e+07 489388 50931240
0.00872301 7.04169e+07 614247 64118440
0.0108329 7.10909e+07 770123 80719960
0.0143075 6.82158e+07 975996 101619800
0.0181897 6.73669e+07 1.22538e+06 127931280
0.0226637 6.77731e+07 1.53599e+06 161055800
0.0291808 6.66966e+07 1.94626e+06 202756680
0.0370112 6.6041e+07 2.44426e+06 255255360
0.0462752 6.6191e+07 3.063e+06 321347360
0.0592073 6.55372e+07 3.88028e+06 404552040
0.071252 6.8408e+07 4.87421e+06 509300320
0.0920519 6.63323e+07 6.10601e+06 641170760
0.11558 6.6904e+07 7.73276e+06 807185960
0.146396 6.63577e+07 9.7145e+06 1016186440
0.186246 6.531e+07 1.21637e+07 1279302800
0.230588 6.67709e+07 1.53966e+07 1610546440
0.291025 6.64546e+07 1.93399e+07 2027557320
0.366137 6.60888e+07 2.41976e+07 2552543080
0.468159 6.53668e+07 3.06021e+07 3213461000
0.580384 6.6193e+07 3.84174e+07 4045507280
0.72466 6.62433e+07 4.80038e+07 5092991640
0.938454 6.45874e+07 6.06123e+07 6411696040
1.15793 6.56169e+07 7.59796e+07 8071846480
