# filename: ./acpphint-HoneyComb-65536MiB-threads_16-LP64-FreeBSD_main_n247756_348c41d1815d_64bit-g++_11_O3lto-libc++-DSIZE_d-ISIZE_ui-using_15_threads-cpus_kp1_1_15.txt
# acpphint_main version: 0.1.24

0.000454703 129753 58.9991 6840
0.000429025 172479 73.9979 8280
0.000442784 200992 88.9959 9720
0.000432104 240673 103.996 11160
0.000434584 273809 118.993 12600
0.000450903 330413 148.984 15480
0.000462623 386867 178.973 18360
0.000479903 464717 223.019 22680
0.000443824 598924 265.817 27000
0.000438983 743382 326.332 32760
0.000434064 926450 402.139 39960
0.000432864 1.13469e+06 491.165 48600
0.000427144 1.43151e+06 611.463 60120
0.000442263 1.71699e+06 759.36 74520
0.000441303 2.17016e+06 957.699 93240
0.000432944 2.76464e+06 1196.93 116280
0.000446703 3.33457e+06 1489.56 145080
0.000442703 4.21156e+06 1864.47 181080
0.000454343 5.14425e+06 2337.25 227160
0.000444623 6.5969e+06 2933.13 284760
0.000443024 8.32274e+06 3687.17 358200
0.000460063 1.00494e+07 4623.36 450360
0.000459663 1.26479e+07 5813.77 565560
0.000463463 1.57263e+07 7288.58 711000
0.000467863 1.94877e+07 9117.59 893880
0.000482782 2.37733e+07 11477.3 1124280
0.000504261 2.8449e+07 14345.7 1413720
