# filename: ./acpphint-HoneyComb-65536MiB-threads_16-LP64-FreeBSD_main_n247756_348c41d1815d_64bit-g++_11_O3lto-libstdc++-DSIZE_d-ISIZE_ul-using_8_threads-cpus_kx2sn0_1_14.txt
# acpphint_main version: 0.1.24

0.000269751 114921 31 3904
0.00027439 142133 39 4736
0.00027563 170518 47 5568
0.00026347 208752 55 6400
0.00028603 220257 63 7232
0.00026587 297138 79 8896
0.000269991 351864 95 10560
0.00026627 445162 118.533 13056
0.000260751 542451 141.445 15552
0.000266591 651663 173.727 18880
0.00026799 799150 214.164 23040
0.00027439 953867 261.732 28032
0.00027979 1.16498e+06 325.949 34688
0.000297789 1.36007e+06 405.014 43008
0.00026831 1.90451e+06 511 53824
0.00028263 2.26091e+06 639 67136
0.00026703 2.98047e+06 795.874 83776
0.00026867 3.70953e+06 996.638 104576
0.00027207 4.5959e+06 1250.41 131200
0.00026955 5.82696e+06 1570.66 164480
0.00027831 7.10441e+06 1977.23 206912
0.00027467 9.04085e+06 2483.25 260160
0.00028459 1.09906e+07 3127.82 326720
0.00028859 1.36187e+07 3930.22 410752
0.000302708 1.62891e+07 4930.85 516416
0.000310989 2.0026e+07 6227.86 649536
0.000318589 2.4545e+07 7819.77 816768
0.000336068 2.92124e+07 9817.34 1028096
0.000353387 3.51281e+07 12413.8 1293504
0.000377866 4.12602e+07 15590.8 1627968
0.000411025 4.75969e+07 19563.5 2048960
0.000454343 5.4506e+07 24764.4 2578944
0.000506701 6.13612e+07 31091.8 3246208
0.000574538 6.78997e+07 39011 4086528
0.000650575 7.59566e+07 49415.5 5144000
0.00076869 8.06814e+07 62019 6475200
0.000930484 8.36001e+07 77788.6 8150848
0.00108828 9.06034e+07 98601.7 10260800
0.00128739 9.60966e+07 123714 12917376
0.00156754 9.89712e+07 155141 16261184
0.00198656 9.90475e+07 196764 20471104
0.00269289 9.1642e+07 246782 25770944
0.0036315 8.51988e+07 309399 32442752
0.00486841 8.06158e+07 392471 40842624
0.00636423 7.73452e+07 492243 51417344
0.00826999 7.46046e+07 616979 64730176
0.010785 7.25506e+07 782456 81489984
0.0139625 7.03059e+07 981645 102589504
0.0176663 6.9623e+07 1.22998e+06 129151936
0.0226893 6.87274e+07 1.55938e+06 162591680
0.0287675 6.80177e+07 1.9567e+06 204690048
0.0367281 6.6722e+07 2.45057e+06 257689280
0.046046 6.7441e+07 3.10539e+06 324410688
0.0591746 6.5848e+07 3.89653e+06 408408576
0.0736205 6.62398e+07 4.8766e+06 514155776
0.0931195 6.63107e+07 6.17482e+06 647283264
0.117309 6.60197e+07 7.7447e+06 814880512
0.148328 6.52689e+07 9.68119e+06 1025873216
0.186745 6.55489e+07 1.22409e+07 1291497536
0.234392 6.54245e+07 1.53349e+07 1625898304
