# filename: ./acpphint-HoneyComb-65536MiB-threads_16-LP64-FreeBSD_main_n247756_348c41d1815d_64bit-g++_11_O3lto-libstdc++-cpulockdown-DSIZE_d-ISIZE_ull-using_16_threads.txt
# acpphint_main version: 0.1.24

0.000500421 125894 63 7808
0.000497422 158819 79 9472
0.000506421 187591 95 11136
0.000504821 219880 111 12800
0.000487902 260298 127 14464
0.000492982 322527 159 17792
0.000493382 387124 191 21120
0.000515381 461794 238 26112
0.000478183 593218 283.667 31104
0.000497782 699649 348.273 37760
0.000499462 859333 429.204 46080
0.000505621 1.03693e+06 524.295 56064
0.000489382 1.33384e+06 652.757 69376
0.000501902 1.61535e+06 810.749 86016
0.000493702 2.0721e+06 1023 107648
0.000515981 2.47877e+06 1279 134272
0.000483662 3.29221e+06 1592.32 167552
0.000490702 4.06341e+06 1993.92 209152
0.000487302 5.13253e+06 2501.09 262400
0.000493422 6.3672e+06 3141.72 328960
0.000502822 7.86481e+06 3954.6 413824
0.000512421 9.6906e+06 4965.67 520320
0.000503462 1.24252e+07 6255.64 653440
0.000488222 1.60983e+07 7859.53 821504
0.000517381 1.90543e+07 9858.32 1032832
0.000473903 2.62821e+07 12455.1 1299072
0.000514101 3.04151e+07 15636.5 1633536
0.000464983 4.22081e+07 19626 2056192
0.000490181 5.06467e+07 24826 2587008
0.000513701 6.06852e+07 31174.1 3255936
0.00053326 7.33361e+07 39107.2 4097920
0.000584218 8.47716e+07 49525.1 5157888
0.000657296 9.45784e+07 62166 6492416
0.000740212 1.05345e+08 77978 8173056
0.000826649 1.19545e+08 98822.1 10288000
0.000936525 1.32402e+08 123998 12950400
0.00110604 1.40573e+08 155479 16301696
0.00171065 1.15265e+08 197179 20521600
0.00254858 9.70462e+07 247330 25834752
0.0036035 8.6043e+07 310056 32522368
0.00487157 8.07642e+07 393448 40942208
0.00646215 7.63381e+07 493308 51541888
0.00841275 7.34882e+07 618238 64885504
0.0108665 7.2206e+07 784624 81685248
0.0139168 7.06866e+07 983730 102834688
0.0177886 6.92826e+07 1.23244e+06 129460352
0.02266 6.90034e+07 1.56362e+06 162979968
0.0287505 6.82016e+07 1.96083e+06 205179008
0.0364233 6.74129e+07 2.4554e+06 258303872
0.0461753 6.74317e+07 3.11368e+06 325183360
0.0583366 6.69336e+07 3.90468e+06 409380096
0.0737813 6.62232e+07 4.88603e+06 515378560
0.0930813 6.65111e+07 6.19094e+06 648821376
0.117474 6.6063e+07 7.76071e+06 816817152
0.148175 6.54603e+07 9.69956e+06 1028311552
0.187021 6.56198e+07 1.22723e+07 1294566528
0.235394 6.52797e+07 1.53664e+07 1629761024
