# filename: ./acpphint-HoneyComb-65536MiB-threads_16-LP64-FreeBSD_main_n247756_348c41d1815d_64bit-g++_11_O3lto-libstdc++-cpulockdown-DSIZE_ull-ISIZE_ull-using_1_threads.txt
# acpphint_main version: 0.1.24

1.02149e-07 9.78963e+06 1 280
1.45839e-07 1.37138e+07 2 384
1.8787e-07 1.59685e+07 3 488
2.33737e-07 1.71133e+07 4 592
2.74733e-07 1.81995e+07 5 696
3.17e-07 1.89274e+07 6 800
3.60045e-07 1.9442e+07 7 904
4.46722e-07 2.01467e+07 9 1112
5.40071e-07 2.03677e+07 11 1320
6.7e-07 2.08955e+07 14 1632
8e-07 2.125e+07 17 1944
9.70125e-07 2.16467e+07 21 2360
1.18683e-06 2.1907e+07 26 2880
1.44025e-06 2.22184e+07 32 3504
1.79025e-06 2.23432e+07 40 4336
2.2205e-06 2.25175e+07 50 5376
2.7805e-06 2.26578e+07 63 6728
3.4605e-06 2.28291e+07 79 8392
4.321e-06 2.29114e+07 99 10472
5.401e-06 2.29587e+07 124 13072
6.761e-06 2.30735e+07 156 16400
8.481e-06 2.31105e+07 196 20560
1.0721e-05 2.30389e+07 247 25864
1.348e-05 2.30712e+07 311 32520
1.7121e-05 2.28374e+07 391 40840
2.212e-05 2.22423e+07 492 51344
2.852e-05 2.17041e+07 619 64552
3.6079e-05 2.15915e+07 779 81192
4.6599e-05 2.10305e+07 980 102096
5.9318e-05 2.08031e+07 1234 128512
7.5678e-05 2.05211e+07 1553 161688
9.6197e-05 2.03229e+07 1955 203496
0.000121356 2.02792e+07 2461 256120
0.000153555 2.01752e+07 3098 322368
0.000194513 2.00501e+07 3900 405776
0.000245951 1.99633e+07 4909.99 510816
0.000310908 1.98805e+07 6180.99 643000
0.000390985 1.9901e+07 7780.99 809400
0.000497341 1.96947e+07 9794.98 1018856
0.000660975 1.86557e+07 12331 1282600
0.000920924 1.68569e+07 15523.9 1614672
0.00124779 1.5662e+07 19542.9 2032648
0.00167065 1.47265e+07 24602.9 2558888
0.00221831 1.39623e+07 30972.8 3221368
0.0028944 1.34714e+07 38991.6 4055344
0.00376617 1.30338e+07 49087.4 5105328
0.00486897 1.2692e+07 61797.1 6427168
0.00631851 1.23127e+07 77797.6 8091272
0.00871209 1.12419e+07 97940.8 10186248
0.0130342 9.45972e+06 123299 12823688
0.0189023 8.21187e+06 155223 16143992
0.026543 7.3621e+06 195412 20323960
0.0366841 6.70606e+06 246006 25586256
0.0496182 6.24163e+06 309699 32211160
0.0663563 5.87555e+06 389880 40551336
0.0873446 5.61933e+06 490818 51051072
0.113643 5.43708e+06 617885 64269472
0.147051 5.2896e+06 777842 80910408
0.188682 5.18967e+06 979199 101860064
0.241583 5.10244e+06 1.23267e+06 128234152
0.308572 5.02871e+06 1.55172e+06 161437192
0.391617 4.98782e+06 1.95331e+06 203237288
0.497323 4.94405e+06 2.45879e+06 255860560
0.629698 4.91501e+06 3.09497e+06 322109288
0.796761 4.88931e+06 3.89561e+06 405511464
1.00735 4.86733e+06 4.90313e+06 510508616
