# filename: ./acpphint-HoneyComb-65536MiB-threads_16-LP64-FreeBSD_main_n247756_348c41d1815d_64bit-clang++_12_O3-libc++-DSIZE_ull-ISIZE_ull-using_4_threads-cpus_kx4p3s_3_15.txt
# acpphint_main version: 0.1.24

0.000101357 147992 15 1952
0.000105157 180682 19 2368
0.000107997 212969 23 2784
0.000103917 259823 27 3200
9.8277e-05 315435 31 3616
0.000105036 371301 39 4448
9.9477e-05 472471 47 5280
9.5837e-05 613542 58.8001 6528
0.000103757 677871 70.3339 7776
0.000105037 823089 86.4548 9440
0.000105037 1.0153e+06 106.644 11520
0.000100197 1.30195e+06 130.451 14016
0.000101157 1.60687e+06 162.546 17344
0.000106437 1.89922e+06 202.147 21504
0.000104597 2.43793e+06 255 26912
0.000104637 3.04863e+06 319 33568
0.000108717 3.6577e+06 397.655 41888
0.000109637 4.54221e+06 497.994 52288
0.000110997 5.6313e+06 625.057 65600
0.000116236 6.7546e+06 785.128 82240
0.000112077 8.82018e+06 988.539 103456
0.000114797 1.08193e+07 1242.03 130080
0.000116836 1.33855e+07 1563.9 163360
0.000115637 1.69976e+07 1965.55 205376
0.000125676 1.96304e+07 2467.07 258208
0.000130276 2.39047e+07 3114.2 324768
0.000142995 2.73533e+07 3911.39 408384
0.000157355 3.12216e+07 4912.88 514048
0.000172994 3.58835e+07 6207.63 646752
0.000197033 3.95826e+07 7799.08 813984
0.000227072 4.31199e+07 9791.33 1024480
0.000251392 4.92607e+07 12383.7 1289472
0.00029431 5.28493e+07 15554.1 1623104
0.000346027 5.64302e+07 19526.4 2043264
0.000413185 5.98057e+07 24710.8 2572000
0.000504781 6.14672e+07 31027.5 3237600
0.000620537 6.27513e+07 38939.5 4075424
0.000748812 6.58478e+07 49307.6 5130400
0.000909926 6.80243e+07 61897.1 6458688
0.00112936 6.87734e+07 77669.8 8130592
0.00137223 7.17086e+07 98400.6 10235552
0.00170734 7.23266e+07 123486 12885472
0.00216364 7.16038e+07 154925 16221376
0.00274118 7.16151e+07 196309 20421312
0.00354986 6.94011e+07 246365 25708672
0.00460202 6.71517e+07 309034 32365088
0.00593953 6.592e+07 391534 40744992
0.00762623 6.44514e+07 491521 51294752
0.00968135 6.36717e+07 616428 64575968
0.012359 6.31833e+07 780880 81295840
0.0157064 6.24318e+07 980581 102345024
0.0197731 6.21809e+07 1.22951e+06 128844640
0.0251012 6.20399e+07 1.55728e+06 162205344
0.0315994 6.1902e+07 1.95606e+06 204204288
0.0399373 6.13971e+07 2.45204e+06 257077888
0.0504423 6.15576e+07 3.10511e+06 323641632
0.0638737 6.10755e+07 3.90112e+06 407440256
0.0797769 6.1281e+07 4.88881e+06 512936608
0.100507 6.15797e+07 6.18922e+06 645748768
0.127186 6.11456e+07 7.77683e+06 812949152
0.159369 6.11275e+07 9.7418e+06 1023442240
0.201631 6.11409e+07 1.23279e+07 1288437152
0.254217 6.09294e+07 1.54893e+07 1622045856
0.317764 6.10221e+07 1.93906e+07 2042034464
0.400521 6.12219e+07 2.45206e+07 2570768800
0.510925 6.02741e+07 3.07956e+07 3236405824
0.64119 6.00612e+07 3.85106e+07 4074393312
0.796773 6.10411e+07 4.86359e+07 5129356832
1.01287 6.02368e+07 6.10123e+07 6457477184
