# filename: ./acpphint-HoneyComb-65536MiB-threads_16-LP64-FreeBSD_main_n247756_348c41d1815d_64bit-clang++_12_O3lto-libc++-DSIZE_ld-ISIZE_ul-using_1_threads.txt
# acpphint_main version: 0.1.24

2.4405e-06 409752 1 456
4.241e-06 471587 2 648
6.001e-06 499917 3 840
7.801e-06 512755 4 1032
9.761e-06 512243 5 1224
1.1641e-05 515420 6 1416
1.3441e-05 520795 7 1608
1.716e-05 524476 9 1992
2.108e-05 521822 11 2376
2.7e-05 518519 14 2952
3.2319e-05 526006 17 3528
3.976e-05 528169 21 4296
4.884e-05 532351 26 5256
6.0079e-05 532632 32 6408
7.4678e-05 535633 40 7944
9.2958e-05 537877 50 9864
0.000116957 538660 63 12360
0.000146196 540370 79 15432
0.000182674 541949 99 19272
0.000228392 542926 124 24072
0.00028639 544712 156 30216
0.000360188 544160 196 37896
0.000452904 545369 247 47688
0.000571419 544259 311 59976
0.000719973 543076 391 75336
0.000903887 544316 492 94728
0.00113844 543727 619 119112
0.00143027 544654 779 149832
0.00179793 545070 980 188424
0.00226656 544439 1234 237192
0.00285609 543750 1553 298440
0.00358842 544807 1955 375624
0.00451703 544827 2461 472776
0.00570258 543262 3098 595080
0.00715681 544936 3900 749064
0.00901638 544565 4910 942984
0.0113485 544652 6181 1187016
0.0142862 544651 7781 1494216
0.0179981 544224 9795 1880904
0.0226552 544290 12331 2367816
0.0285395 543947 15524 2980872
0.0359014 544352 19543 3752520
0.0452192 544082 24603 4724040
0.0585305 529176 30973 5947080
0.0716093 544510 38992 7486728
0.0900119 545350 49087.9 9425160
0.113353 545179 61797.9 11865480
0.142535 545822 77798.9 14937672
0.179545 545505 97942.8 18805320
0.225409 547017 123303 23674440
0.283739 547081 155228 29804232
0.357363 546839 195420 37521096
0.448805 548164 246019 47236104
0.565105 548073 309719 59466696
0.713935 546144 389912 74863944
0.894412 548817 490869 94248072
1.12684 548406 617965 118651272
