# filename: ./acpphint-HoneyComb-65536MiB-threads_16-LP64-FreeBSD_main_n247756_348c41d1815d_64bit-clang++_12_O3lto-libc++-DSIZE_ul-ISIZE_ul-using_8_threads-cpus_kx4p1_kx4p2w0_0_14.txt
# acpphint_main version: 0.1.24

0.000215473 143870 31 3904
0.000221193 176317 39 4736
0.000222472 211263 47 5568
0.000220593 249328 55 6400
0.000231792 271795 63 7232
0.000221552 356575 79 8896
0.000213913 444106 95 10560
0.000217713 544448 118.533 13056
0.000238632 592732 141.445 15552
0.000227392 764000 173.727 18880
0.000216433 989518 214.164 23040
0.000221193 1.18327e+06 261.732 28032
0.000226552 1.43874e+06 325.949 34688
0.000224953 1.80044e+06 405.014 43008
0.000219432 2.32874e+06 511 53824
0.000231993 2.75439e+06 639 67136
0.000230832 3.44785e+06 795.875 83776
0.000219393 4.54271e+06 996.639 104576
0.000223353 5.59835e+06 1250.41 131200
0.000229513 6.84344e+06 1570.66 164480
0.000238792 8.28014e+06 1977.23 206912
0.000231552 1.07244e+07 2483.26 260160
0.000239792 1.30439e+07 3127.82 326720
0.000251231 1.56439e+07 3930.23 410752
0.000257071 1.9181e+07 4930.87 516416
0.000266231 2.33928e+07 6227.89 649536
0.00027615 2.83173e+07 7819.82 816768
0.00027783 3.5336e+07 9817.41 1028096
0.00029799 4.16589e+07 12413.9 1293504
0.000320949 4.85779e+07 15591 1627968
0.000350108 5.58793e+07 19563.8 2048960
0.000384467 6.44135e+07 24764.9 2578944
0.000441184 7.04752e+07 31092.5 3246208
0.000497782 7.8372e+07 39012.1 4086528
0.000581979 8.49126e+07 49417.3 5144000
0.000690414 8.9833e+07 62022 6475200
0.000830329 9.36897e+07 77793.3 8150848
0.000994723 9.91323e+07 98609.2 10260800
0.00118688 1.04245e+08 123726 12917376
0.0016609 9.34192e+07 155160 16261184
0.00269598 7.29954e+07 196794 20471104
0.004085 6.04232e+07 246829 25770944
0.00586578 5.2759e+07 309472 32442752
0.00820153 4.78678e+07 392589 40842624
0.0111935 4.39924e+07 492428 51417344
0.0151119 4.08467e+07 617270 64730176
0.0202701 3.86245e+07 782923 81489984
0.02708 3.62771e+07 982382 102589504
0.0359313 3.42636e+07 1.23114e+06 129151936
0.0474367 3.2912e+07 1.56124e+06 162591680
0.0622538 3.14779e+07 1.95962e+06 204690048
0.0804991 3.04993e+07 2.45516e+06 257689280
0.10416 2.98845e+07 3.11277e+06 324410688
0.133897 2.9188e+07 3.90817e+06 408408576
0.17073 2.86701e+07 4.89484e+06 514155776
0.217793 2.84861e+07 6.20409e+06 647283264
0.27603 2.82246e+07 7.79083e+06 814880512
0.349 2.79468e+07 9.75343e+06 1025873216
0.441873 2.79644e+07 1.23567e+07 1291497536
0.556709 2.78728e+07 1.5517e+07 1625898304
0.702976 2.76155e+07 1.9413e+07 2046884480
0.885639 2.77498e+07 2.45763e+07 2576874304
1.11569 2.76514e+07 3.08505e+07 3244091712
