# filename: ./acpphint-HoneyComb-65536MiB-threads_16-LP64-FreeBSD_main_n247756_348c41d1815d_64bit-clang++_12_O3-libc++-DSIZE_ul-ISIZE_ul-using_8_threads-cpus_kx4p1_kx4p2_1_14.txt
# acpphint_main version: 0.1.24

0.000209273 148132 31 3904
0.000195033 199966 39 4736
0.000207433 226579 47 5568
0.000201274 273259 55 6400
0.000194553 323819 63 7232
0.000198273 398441 79 8896
0.000196554 483328 95 10560
0.000209793 565002 118.533 13056
0.000199513 708950 141.445 15552
0.000202394 858363 173.727 18880
0.000196713 1.08871e+06 214.164 23040
0.000203874 1.28379e+06 261.732 28032
0.000199434 1.63437e+06 325.949 34688
0.000197554 2.05014e+06 405.014 43008
0.000206073 2.4797e+06 511 53824
0.000207633 3.07755e+06 639 67136
0.000201393 3.95185e+06 795.875 83776
0.000204354 4.87702e+06 996.639 104576
0.000208033 6.01063e+06 1250.41 131200
0.000204753 7.67099e+06 1570.66 164480
0.000210193 9.40674e+06 1977.23 206912
0.000212393 1.16918e+07 2483.26 260160
0.000225553 1.38673e+07 3127.82 326720
0.000230272 1.70678e+07 3930.23 410752
0.000237592 2.07535e+07 4930.87 516416
0.000246031 2.53134e+07 6227.89 649536
0.000245351 3.1872e+07 7819.82 816768
0.000251471 3.90399e+07 9817.41 1028096
0.00028155 4.40914e+07 12413.9 1293504
0.00029807 5.23066e+07 15591 1627968
0.000325589 6.00874e+07 19563.8 2048960
0.000355908 6.95823e+07 24764.9 2578944
0.000402586 7.7232e+07 31092.5 3246208
0.000457743 8.52272e+07 39012.1 4086528
0.0005325 9.28025e+07 49417.3 5144000
0.000637376 9.73083e+07 62022 6475200
0.000773571 1.00564e+08 77793.3 8150848
0.000899086 1.09677e+08 98609.2 10260800
0.001095 1.12992e+08 123726 12917376
0.00132335 1.17248e+08 155160 16261184
0.00174737 1.12623e+08 196794 20471104
0.00249319 9.90015e+07 246829 25770944
0.00349119 8.86439e+07 309472 32442752
0.00471746 8.32204e+07 392589 40842624
0.0062304 7.90364e+07 492428 51417344
0.00815948 7.56507e+07 617270 64730176
0.0105734 7.40463e+07 782923 81489984
0.0135901 7.22867e+07 982382 102589504
0.0174674 7.04821e+07 1.23114e+06 129151936
0.0222832 7.00633e+07 1.56124e+06 162591680
0.0283619 6.90934e+07 1.95962e+06 204690048
0.0360976 6.80146e+07 2.45516e+06 257689280
0.0455776 6.82961e+07 3.11277e+06 324410688
0.0577244 6.77039e+07 3.90817e+06 408408576
0.0729223 6.71241e+07 4.89484e+06 514155776
0.0920536 6.73965e+07 6.20409e+06 647283264
0.116532 6.68557e+07 7.79083e+06 814880512
0.147936 6.59299e+07 9.75343e+06 1025873216
0.184472 6.69841e+07 1.23567e+07 1291497536
0.232818 6.66487e+07 1.5517e+07 1625898304
0.293538 6.61347e+07 1.9413e+07 2046884480
0.369807 6.6457e+07 2.45763e+07 2576874304
0.468969 6.57836e+07 3.08505e+07 3244091712
0.586753 6.57067e+07 3.85537e+07 4084068928
0.743818 6.55305e+07 4.87428e+07 5141537600
0.928322 6.58394e+07 6.11202e+07 6472811648
1.17543 6.48535e+07 7.62307e+07 8148786624
