# filename: ./acpphint-HoneyComb-65536MiB-threads_16-LP64-FreeBSD_main_n264334_215bab7924f6_64bit-clang++_16_O3lto-libc++-DSIZE_ul-ISIZE_ul-using_1_threads-cpus_1.txt
# acpphint_main version: 0.1.35

8.74259e-08 1.14383e+07 1 280
1.14472e-07 1.74715e+07 2 384
1.55593e-07 1.92811e+07 3 488
1.92405e-07 2.07895e+07 4 592
2.28944e-07 2.18394e+07 5 696
2.627e-07 2.28397e+07 6 800
3.01577e-07 2.32113e+07 7 904
3.7605e-07 2.3933e+07 9 1112
4.53389e-07 2.42617e+07 11 1320
5.68643e-07 2.462e+07 14 1632
6.86833e-07 2.47513e+07 17 1944
8.35125e-07 2.51459e+07 21 2360
1.01512e-06 2.56126e+07 26 2880
1.24017e-06 2.5803e+07 32 3504
1.55025e-06 2.58023e+07 40 4336
1.92025e-06 2.60383e+07 50 5376
2.4005e-06 2.62445e+07 63 6728
3.0005e-06 2.63289e+07 79 8392
3.7405e-06 2.6467e+07 99 10472
4.681e-06 2.64901e+07 124 13072
5.881e-06 2.65261e+07 156 16400
7.4e-06 2.64865e+07 196 20560
9.281e-06 2.66135e+07 247 25864
1.184e-05 2.62669e+07 311 32520
1.48e-05 2.64189e+07 391 40840
1.9081e-05 2.57848e+07 492 51344
2.42e-05 2.55785e+07 619 64552
3.04e-05 2.5625e+07 779 81192
3.864e-05 2.53623e+07 980 102096
4.9159e-05 2.51022e+07 1234 128512
6.1879e-05 2.50974e+07 1553 161688
7.8518e-05 2.48987e+07 1955 203496
9.9357e-05 2.47693e+07 2461 256120
0.000125837 2.46191e+07 3098 322368
0.000156795 2.48732e+07 3900 405776
0.000197354 2.48791e+07 4909.99 510816
0.000249832 2.47406e+07 6180.99 643000
0.000316149 2.46118e+07 7780.99 809400
0.000400746 2.44419e+07 9794.98 1018856
0.000504223 2.44554e+07 12331 1282600
0.000644018 2.41048e+07 15523.9 1614672
0.000826131 2.36559e+07 19542.9 2032648
0.0010352 2.37662e+07 24602.9 2558888
0.00131207 2.3606e+07 30972.8 3221368
0.00165622 2.35425e+07 38991.6 4055344
0.00204521 2.40012e+07 49087.4 5105328
0.00260783 2.36968e+07 61797.1 6427168
0.00333812 2.33058e+07 77797.6 8091272
0.00426373 2.29707e+07 97940.8 10186248
0.0054688 2.2546e+07 123299 12823688
0.00701091 2.21403e+07 155223 16143992
0.00902991 2.16405e+07 195412 20323960
0.0119119 2.06522e+07 246006 25586256
0.0150351 2.05983e+07 309699 32211160
0.0194488 2.00465e+07 389880 40551336
0.0246984 1.98725e+07 490818 51051072
0.0315247 1.96e+07 617885 64269472
0.0407903 1.90693e+07 777842 80910408
0.0517298 1.89291e+07 979199 101860064
0.0651428 1.89225e+07 1.23267e+06 128234152
0.08204 1.89142e+07 1.55172e+06 161437192
0.10189 1.91708e+07 1.95331e+06 203237288
0.130969 1.87739e+07 2.45879e+06 255860560
0.166741 1.85615e+07 3.09497e+06 322109288
0.207311 1.87912e+07 3.89561e+06 405511464
0.258634 1.89578e+07 4.90313e+06 510508616
0.331506 1.86146e+07 6.17085e+06 642692200
0.411214 1.88849e+07 7.76575e+06 809101456
0.523618 1.86623e+07 9.77193e+06 1018598328
0.651245 1.8879e+07 1.22949e+07 1282339208
0.80563 1.91985e+07 1.54669e+07 1614369296
1.00216 1.94115e+07 1.94535e+07 2032370464
