# filename: ./acpphint-HoneyComb-65536MiB-threads_16-LP64-FreeBSD_main_n259950_5723e5ac6d76_64bit-clang++_15_O3lto-libc++-DSIZE_ull-ISIZE_ull-using_12_threads.txt
# acpphint_main version: 0.1.31

0.000311829 150724 47 5856
0.00031023 190181 59 7104
0.00030599 232034 71 8352
0.00030691 270438 83 9600
0.00029247 324820 95 10848
0.000312829 380400 119 13344
0.000327629 436469 143 15840
0.00030823 578356 178.267 19584
0.000308349 689335 212.556 23328
0.00029687 879173 261 28320
0.000317709 1.01251e+06 321.684 34560
0.00030851 1.27391e+06 393.013 42048
0.000316549 1.5459e+06 489.353 52032
0.00031439 1.93353e+06 607.882 64512
0.000309349 2.4794e+06 767 80736
0.00030999 3.09365e+06 959 100704
0.000320349 3.72748e+06 1194.1 125664
0.00030247 4.94357e+06 1495.28 156864
0.00029519 6.3544e+06 1875.75 196800
0.00031923 7.38085e+06 2356.19 246720
0.00030903 9.59752e+06 2965.92 310368
0.000334749 1.11262e+07 3724.47 390240
0.000321549 1.45911e+07 4691.74 490080
0.000331388 1.77885e+07 5894.9 616128
0.000337028 2.19407e+07 7394.64 774624
0.000342069 2.7309e+07 9341.57 974304
0.000358588 3.27067e+07 11728.2 1225152
0.000373707 3.93942e+07 14721.9 1542144
0.000398626 4.6711e+07 18620.2 1940256
0.000418225 5.59099e+07 23382.9 2441952
0.000445465 6.58551e+07 29336.1 3073440
0.000502023 7.39926e+07 37146 3868416
0.0005679 8.2111e+07 46630.8 4869312
0.000640538 9.13256e+07 58497.5 6129792
0.000739294 1.00263e+08 74123.6 7716000
0.00083877 1.10896e+08 93016 9712800
0.000991485 1.17648e+08 116646 12226272
0.00112844 1.31075e+08 147910 15391200
0.00147467 1.25827e+08 185552 19376064
0.00218904 1.06278e+08 232646 24391776
0.0031914 9.24931e+07 295183 30706656
0.00439432 8.42372e+07 370165 38656416
0.00591078 7.85018e+07 464007 48664128
0.0077708 7.57773e+07 588850 61263936
0.0100947 7.31535e+07 738463 77126016
0.0129591 7.14137e+07 925460 97095264
0.0166578 7.04918e+07 1.17424e+06 122234976
0.0211772 6.95621e+07 1.47313e+06 153884256
0.0269356 6.85213e+07 1.84566e+06 193727904
0.0342338 6.83917e+07 2.34131e+06 243887520
0.0433384 6.77971e+07 2.93822e+06 307035072
0.0548957 6.7038e+07 3.6801e+06 386533920
0.0693519 6.72965e+07 4.66714e+06 486616032
0.0876039 6.6875e+07 5.85851e+06 612612864
0.110587 6.63268e+07 7.33485e+06 771233664
0.13956 6.66278e+07 9.29859e+06 970924896
0.175871 6.63753e+07 1.16735e+07 1222320768
0.221634 6.59058e+07 1.4607e+07 1538809824
0.279427 6.62301e+07 1.85065e+07 1937246304
0.352075 6.59783e+07 2.32293e+07 2438847456
0.443535 6.54754e+07 2.90406e+07 3070326720
0.558548 6.58041e+07 3.67547e+07 3865311456
0.703706 6.55128e+07 4.61018e+07 4866137568
0.886291 6.49285e+07 5.75455e+07 6126103392
1.11612 6.5129e+07 7.26917e+07 7712306400
