# filename: ./acpphint-HoneyComb-65536MiB-threads_16-LP64-FreeBSD_main_n262658_b347c2284603_64bit-g++_13_O3lto-libc++-cpulockdown-DSIZE_ul-ISIZE_ul-using_1_threads-cpus_6.txt
# acpphint_main version: 0.1.34

8.37222e-08 1.19443e+07 1 280
1.23361e-07 1.62126e+07 2 384
1.58556e-07 1.89208e+07 3 488
1.98143e-07 2.01875e+07 4 592
2.35611e-07 2.12214e+07 5 696
2.74667e-07 2.18447e+07 6 800
3.07731e-07 2.27472e+07 7 904
3.84e-07 2.34375e+07 9 1112
4.57889e-07 2.40233e+07 11 1320
5.715e-07 2.44969e+07 14 1632
6.86833e-07 2.47513e+07 17 1944
8.40125e-07 2.49963e+07 21 2360
1.03025e-06 2.52366e+07 26 2880
1.25333e-06 2.55319e+07 32 3504
1.55025e-06 2.58023e+07 40 4336
1.93025e-06 2.59034e+07 50 5376
2.4205e-06 2.60277e+07 63 6728
3.0405e-06 2.59826e+07 79 8392
3.7605e-06 2.63263e+07 99 10472
4.761e-06 2.60449e+07 124 13072
5.96e-06 2.61745e+07 156 16400
7.601e-06 2.57861e+07 196 20560
9.521e-06 2.59427e+07 247 25864
1.2201e-05 2.54897e+07 311 32520
1.552e-05 2.51933e+07 391 40840
1.8761e-05 2.62246e+07 492 51344
2.416e-05 2.56209e+07 619 64552
3.14e-05 2.48089e+07 779 81192
3.9999e-05 2.45006e+07 980 102096
5.0079e-05 2.46411e+07 1234 128512
6.4719e-05 2.3996e+07 1553 161688
8.2038e-05 2.38304e+07 1955 203496
0.000100757 2.44251e+07 2461 256120
0.000128036 2.41963e+07 3098 322368
0.000161755 2.41105e+07 3900 405776
0.000206833 2.37389e+07 4909.99 510816
0.000261671 2.36212e+07 6180.99 643000
0.000324069 2.40103e+07 7780.99 809400
0.000417186 2.34787e+07 9794.98 1018856
0.000523142 2.3571e+07 12331 1282600
0.000666297 2.32988e+07 15523.9 1614672
0.00083961 2.32762e+07 19542.9 2032648
0.00106872 2.30208e+07 24602.9 2558888
0.00135087 2.2928e+07 30972.8 3221368
0.0016967 2.29809e+07 38991.6 4055344
0.002115 2.32091e+07 49087.4 5105328
0.00269246 2.29519e+07 61797.1 6427168
0.00340556 2.28443e+07 77797.6 8091272
0.00426317 2.29737e+07 97940.8 10186248
0.00561992 2.19397e+07 123299 12823688
0.0071635 2.16686e+07 155223 16143992
0.00915975 2.13338e+07 195412 20323960
0.0116204 2.11702e+07 246006 25586256
0.0147587 2.09842e+07 309699 32211160
0.0188657 2.0666e+07 389880 40551336
0.0248421 1.97575e+07 490818 51051072
0.0312592 1.97665e+07 617885 64269472
0.0373318 2.08359e+07 777842 80910408
0.0507292 1.93025e+07 979199 101860064
0.0614619 2.00557e+07 1.23267e+06 128234152
0.0820179 1.89193e+07 1.55172e+06 161437192
0.100043 1.95248e+07 1.95331e+06 203237288
0.118713 2.07121e+07 2.45879e+06 255860560
0.155929 1.98486e+07 3.09497e+06 322109288
0.209756 1.85721e+07 3.89561e+06 405511464
0.257329 1.90539e+07 4.90313e+06 510508616
0.310045 1.99031e+07 6.17085e+06 642692200
0.401133 1.93596e+07 7.76575e+06 809101456
0.51673 1.89111e+07 9.77193e+06 1018598328
0.604489 2.03393e+07 1.22949e+07 1282339208
0.82466 1.87555e+07 1.54669e+07 1614369296
1.00249 1.94052e+07 1.94535e+07 2032370464
