# filename: ./acpphint-HoneyComb-65536MiB-threads_16-LP64-FreeBSD_main_n259950_5723e5ac6d76_64bit-g++_12_O3lto-libc++-DSIZE_ull-ISIZE_ull-using_11_threads.txt
# acpphint_main version: 0.1.30

0.000277271 155083 43 5368
0.000265551 203351 54 6512
0.00026651 243893 65 7656
0.00027255 278848 76 8800
0.00027847 312421 87 9944
0.000268431 406063 109 12232
0.00027795 471308 131 14520
0.000267391 610841 163.333 17952
0.000268631 725076 194.778 21384
0.000264831 903149 239.182 25960
0.000271711 1.08499e+06 294.804 31680
0.000261551 1.37714e+06 360.193 38544
0.000259431 1.72879e+06 448.502 47696
0.000263711 2.11279e+06 557.165 59136
0.000277151 2.53652e+06 703 74008
0.000258751 3.39709e+06 879 92312
0.000268871 4.07088e+06 1094.54 115192
0.000268511 5.10453e+06 1370.62 143792
0.000277231 6.20211e+06 1719.42 180400
0.000267911 8.06166e+06 2159.81 226160
0.000263231 1.03284e+07 2718.75 284504
0.00027439 1.24428e+07 3414.17 357720
0.000277511 1.54976e+07 4300.76 449240
0.00029355 1.84082e+07 5403.73 564784
0.00028935 2.34273e+07 6778.7 710072
0.00029723 2.88099e+07 8563.15 893112
0.000312109 3.44467e+07 10751.1 1123056
0.000327189 4.12476e+07 13495.8 1413632
0.000350268 4.87303e+07 17068.6 1778568
0.000366827 5.84334e+07 21434.9 2238456
0.000397946 6.75796e+07 26893.1 2817320
0.000435945 7.81078e+07 34050.7 3546048
0.000489382 8.73474e+07 42746.2 4463536
0.000579499 9.25389e+07 53626.2 5618976
0.000657976 1.03267e+08 67947.1 7073000
0.000765172 1.11436e+08 85267.5 8903400
0.000866049 1.23472e+08 106933 11207416
0.00101348 1.33781e+08 135585 14108600
0.00124243 1.36905e+08 170096 17761392
0.00189153 1.12753e+08 213275 22359128
0.00271986 9.94853e+07 270586 28147768
0.00386938 8.76968e+07 339332 35435048
0.0052644 8.08021e+07 425375 44608784
0.00699258 7.71942e+07 539786 56158608
0.00910894 7.43179e+07 676957 70698848
0.0117856 7.19876e+07 848417 89003992
0.0151355 7.11187e+07 1.07642e+06 112048728
0.019357 6.97659e+07 1.35045e+06 141060568
0.0247117 6.84716e+07 1.69205e+06 177583912
0.0313353 6.84953e+07 2.14632e+06 223563560
0.0399286 6.74607e+07 2.69361e+06 281448816
0.0504339 6.68982e+07 3.37393e+06 354322760
0.0638556 6.70051e+07 4.27865e+06 446064696
0.0806743 6.65774e+07 5.37109e+06 561561792
0.101737 6.6103e+07 6.72511e+06 706964192
0.128422 6.63859e+07 8.52538e+06 890014488
0.162376 6.59178e+07 1.07035e+07 1120460704
0.20433 6.5554e+07 1.33946e+07 1410575672
0.257974 6.57845e+07 1.69707e+07 1775809112
0.323918 6.57693e+07 2.13039e+07 2235610168
0.409312 6.50794e+07 2.66378e+07 2814466160
0.515356 6.5424e+07 3.37166e+07 3543202168
0.647021 6.53754e+07 4.22992e+07 4460626104
0.816238 6.47035e+07 5.28135e+07 5615594776
1.03027 6.47694e+07 6.67298e+07 7069614200
