# filename: ./acpphint-HoneyComb-65536MiB-threads_16-LP64-FreeBSD_main_n259950_5723e5ac6d76_64bit-g++_12_O3lto-libc++-DSIZE_ul-ISIZE_ul-using_1_threads.txt
# acpphint_main version: 0.1.30

8.76923e-08 1.14035e+07 1 280
1.26886e-07 1.57622e+07 2 384
1.67731e-07 1.78858e+07 3 488
2.05762e-07 1.94399e+07 4 592
2.44765e-07 2.04278e+07 5 696
2.854e-07 2.10231e+07 6 800
3.17e-07 2.2082e+07 7 904
4.0005e-07 2.24972e+07 9 1112
4.825e-07 2.27979e+07 11 1320
6.00143e-07 2.33278e+07 14 1632
7.161e-07 2.37397e+07 17 1944
8.75e-07 2.4e+07 21 2360
1.06683e-06 2.43712e+07 26 2880
1.30017e-06 2.46122e+07 32 3504
1.61025e-06 2.48409e+07 40 4336
2.00025e-06 2.49969e+07 50 5376
2.5e-06 2.52e+07 63 6728
3.06e-06 2.5817e+07 79 8392
3.8605e-06 2.56443e+07 99 10472
4.761e-06 2.60449e+07 124 13072
6.041e-06 2.58235e+07 156 16400
7.52e-06 2.60638e+07 196 20560
9.601e-06 2.57265e+07 247 25864
1.1921e-05 2.60884e+07 311 32520
1.508e-05 2.59284e+07 391 40840
1.92e-05 2.5625e+07 492 51344
2.492e-05 2.48395e+07 619 64552
3.156e-05 2.46831e+07 779 81192
4.0639e-05 2.41148e+07 980 102096
5.1199e-05 2.4102e+07 1234 128512
6.4878e-05 2.39372e+07 1553 161688
8.1078e-05 2.41126e+07 1955 203496
0.000103237 2.38383e+07 2461 256120
0.000130596 2.3722e+07 3098 322368
0.000161755 2.41105e+07 3900 405776
0.000205873 2.38496e+07 4909.99 510816
0.000263671 2.34421e+07 6180.99 643000
0.000335349 2.32027e+07 7780.99 809400
0.000419906 2.33266e+07 9794.98 1018856
0.000533421 2.31168e+07 12331 1282600
0.000666096 2.33059e+07 15523.9 1614672
0.000848129 2.30424e+07 19542.9 2032648
0.00107984 2.27838e+07 24602.9 2558888
0.00136779 2.26444e+07 30972.8 3221368
0.00172058 2.2662e+07 38991.6 4055344
0.00218804 2.24345e+07 49087.4 5105328
0.00273934 2.25591e+07 61797.1 6427168
0.00343847 2.26256e+07 77797.6 8091272
0.00439263 2.22966e+07 97940.8 10186248
0.00559747 2.20277e+07 123299 12823688
0.00702558 2.2094e+07 155223 16143992
0.00922285 2.11878e+07 195412 20323960
0.0114495 2.14862e+07 246006 25586256
0.0145375 2.13035e+07 309699 32211160
0.0192182 2.0287e+07 389880 40551336
0.0235123 2.08749e+07 490818 51051072
0.0305286 2.02395e+07 617885 64269472
0.0382836 2.03179e+07 777842 80910408
0.0479195 2.04343e+07 979199 101860064
0.0607943 2.0276e+07 1.23267e+06 128234152
0.0804852 1.92796e+07 1.55172e+06 161437192
0.0983733 1.98561e+07 1.95331e+06 203237288
0.12152 2.02336e+07 2.45879e+06 255860560
0.156103 1.98265e+07 3.09497e+06 322109288
0.19232 2.02559e+07 3.89561e+06 405511464
0.239587 2.04649e+07 4.90313e+06 510508616
0.305866 2.0175e+07 6.17085e+06 642692200
0.380253 2.04226e+07 7.76575e+06 809101456
0.47507 2.05694e+07 9.77193e+06 1018598328
0.612015 2.00892e+07 1.22949e+07 1282339208
0.763918 2.02468e+07 1.54669e+07 1614369296
0.9511 2.04537e+07 1.94535e+07 2032370464
1.22087 2.00364e+07 2.44618e+07 2558602768
