# filename: ./acpphint-HoneyComb-65536MiB-threads_16-LP64-FreeBSD_main_n247756_348c41d1815d_64bit-clang++_12_O3lto-libc++-DSIZE_ul-ISIZE_ul-using_4_threads-cpus_0_1_8_9.txt
# acpphint_main version: 0.1.24

0.000106117 141353 15 1952
0.000102677 185046 19 2368
0.000101117 227459 23 2784
0.000110197 245016 27 3200
0.000104637 296262 31 3616
0.000105957 368074 39 4448
9.9037e-05 474570 47 5280
0.000107717 545875 58.8001 6528
0.000109117 644573 70.3339 7776
0.000106557 811348 86.4548 9440
0.000108517 982737 106.644 11520
0.000103837 1.25631e+06 130.451 14016
0.000109036 1.49076e+06 162.546 17344
0.000110637 1.82712e+06 202.147 21504
0.000103917 2.45388e+06 255 26912
0.000107317 2.9725e+06 319 33568
0.000110077 3.61251e+06 397.655 41888
0.000111317 4.47365e+06 497.994 52288
0.000110757 5.6435e+06 625.057 65600
0.000115637 6.78959e+06 785.128 82240
0.000115516 8.55759e+06 988.539 103456
0.000120916 1.02718e+07 1242.03 130080
0.000122836 1.27316e+07 1563.9 163360
0.000109357 1.79737e+07 1965.55 205376
0.000121917 2.02357e+07 2467.07 258208
0.000134556 2.31443e+07 3114.2 324768
0.000149275 2.62026e+07 3911.39 408384
0.000164195 2.9921e+07 4912.88 514048
0.000180074 3.44727e+07 6207.63 646752
0.000220953 3.52975e+07 7799.08 813984
0.000254071 3.85378e+07 9791.33 1024480
0.00028711 4.31324e+07 12383.7 1289472
0.000342028 4.5476e+07 15554.1 1623104
0.000399465 4.88813e+07 19526.4 2043264
0.000466503 5.29704e+07 24710.8 2572000
0.000592417 5.23744e+07 31027.5 3237600
0.00079557 4.89454e+07 38939.5 4075424
0.00103256 4.77528e+07 49307.6 5130400
0.00136387 4.53835e+07 61897.1 6458688
0.00179385 4.32978e+07 77669.8 8130592
0.00248042 3.96709e+07 98400.6 10235552
0.00369314 3.34365e+07 123486 12885472
0.00528211 2.933e+07 154925 16221376
0.00732379 2.68043e+07 196309 20421312
0.0098611 2.49835e+07 246365 25708672
0.0132438 2.33342e+07 309034 32365088
0.0174796 2.23994e+07 391534 40744992
0.0231285 2.12517e+07 491521 51294752
0.030479 2.02247e+07 616428 64575968
0.0398697 1.95858e+07 780880 81295840
0.0520679 1.88327e+07 980581 102345024
0.0674634 1.82249e+07 1.22951e+06 128844640
0.0866733 1.79672e+07 1.55728e+06 162205344
0.110647 1.76785e+07 1.95606e+06 204204288
0.140561 1.74446e+07 2.45204e+06 257077888
0.17772 1.74719e+07 3.10511e+06 323641632
0.224605 1.73688e+07 3.90112e+06 407440256
0.283711 1.72316e+07 4.88881e+06 512936608
0.357461 1.73144e+07 6.18922e+06 645748768
0.450763 1.72526e+07 7.77683e+06 812949152
0.568 1.7151e+07 9.7418e+06 1023442240
0.71532 1.72341e+07 1.23279e+07 1288437152
0.901793 1.71761e+07 1.54893e+07 1622045856
1.13519 1.70814e+07 1.93906e+07 2042034464
