# filename: ./acpphint-HoneyComb-65536MiB-threads_16-LP64-FreeBSD_main_n247756_348c41d1815d_64bit-clang++_12_O3lto-libc++-DSIZE_ld-ISIZE_ul-using_8_threads-cpus_kx2sn0_1_14.txt
# acpphint_main version: 0.1.24

0.000234432 132235 31 6720
0.000234072 166615 39 8256
0.000236671 198588 47 9792
0.000228392 240814 55 11328
0.000231912 271655 63 12864
0.000237032 333288 79 15936
0.000234952 404338 95 19008
0.000243871 486049 118.533 23616
0.000251151 563186 141.445 28224
0.00026751 649424 173.727 34368
0.00027255 785780 214.164 42048
0.00027563 949576 261.732 51264
0.000296509 1.09929e+06 325.949 63552
0.000308989 1.31077e+06 405.014 78912
0.000334707 1.52671e+06 511 98880
0.000362946 1.76059e+06 639 123456
0.000404425 1.96792e+06 795.875 154176
0.000447984 2.22472e+06 996.639 192576
0.000502661 2.48758e+06 1250.41 241728
0.000577098 2.72165e+06 1570.66 303168
0.000672855 2.93857e+06 1977.23 381504
0.00079865 3.10932e+06 2483.26 479808
0.000948763 3.29674e+06 3127.82 602688
0.00113216 3.47146e+06 3930.23 757824
0.00137179 3.59449e+06 4930.87 952896
0.00166746 3.73497e+06 6227.9 1198656
0.00204016 3.83295e+06 7819.83 1507392
0.00251262 3.90725e+06 9817.43 1897536
0.00310716 3.99528e+06 12414 2387520
0.00383953 4.06067e+06 15591.1 3004992
0.00478181 4.09131e+06 19563.9 3782208
0.0059692 4.1488e+06 24765 4760640
0.00747146 4.16153e+06 31092.7 5992512
0.00935607 4.16975e+06 39012.5 7543872
0.0116975 4.22467e+06 49417.9 9496128
0.0146459 4.23483e+06 62022.8 11953728
0.0183653 4.23595e+06 77794.5 15047232
0.0229928 4.28879e+06 98611.2 18942528
0.0288858 4.28338e+06 123729 23846976
0.0362404 4.28154e+06 155165 30020160
0.0454893 4.32634e+06 196802 37792320
0.0572137 4.31438e+06 246842 47576640
0.0719268 4.30288e+06 309492 59893824
0.0904761 4.3395e+06 392621 75401280
0.114019 4.31926e+06 492479 94923840
0.143327 4.30729e+06 617350 119501376
0.180253 4.34417e+06 783052 150442560
0.226855 4.33133e+06 982585 189395520
0.285686 4.31053e+06 1.23145e+06 238433856
0.359715 4.34163e+06 1.56175e+06 300168768
0.452557 4.33189e+06 1.96043e+06 377888832
0.569432 4.31382e+06 2.45643e+06 475733568
0.717751 4.33968e+06 3.11481e+06 598911552
0.902703 4.33297e+06 3.91138e+06 753984576
1.13894 4.30215e+06 4.89988e+06 949210176
