# filename: ./acpphint-HoneyComb-65536MiB-threads_16-LP64-FreeBSD_main_n264334_215bab7924f6_64bit-clang++_16_O3lto-libc++-cpulockdown-DSIZE_ull-ISIZE_ull-using_8_threads-cpus_kx4p2_kx4p3_2_15.txt
# acpphint_main version: 0.1.35

0.000233112 132983 31 3904
0.000213513 182659 39 4736
0.000211114 222629 47 5568
0.000213073 258127 55 6400
0.000211313 298136 63 7232
0.000225152 350874 79 8896
0.000210833 450594 95 10560
0.000208233 569234 118.533 13056
0.000214713 658762 141.445 15552
0.000218233 796064 173.727 18880
0.000213554 1.00286e+06 214.164 23040
0.000214113 1.2224e+06 261.732 28032
0.000225233 1.44716e+06 325.949 34688
0.000226233 1.79025e+06 405.014 43008
0.000219193 2.33128e+06 511 53824
0.000214753 2.97551e+06 639 67136
0.000226672 3.51113e+06 795.875 83776
0.000219473 4.54105e+06 996.639 104576
0.000230912 5.41509e+06 1250.41 131200
0.000225152 6.97599e+06 1570.66 164480
0.000235153 8.40828e+06 1977.23 206912
0.000224953 1.1039e+07 2483.26 260160
0.000232633 1.34453e+07 3127.82 326720
0.000245672 1.59979e+07 3930.23 410752
0.000260672 1.8916e+07 4930.87 516416
0.000249112 2.50004e+07 6227.89 649536
0.000252871 3.09241e+07 7819.82 816768
0.000269071 3.64863e+07 9817.41 1028096
0.000279151 4.44703e+07 12413.9 1293504
0.000296151 5.26455e+07 15591 1627968
0.000324789 6.02354e+07 19563.8 2048960
0.000356828 6.94029e+07 24764.9 2578944
0.000405107 7.67514e+07 31092.5 3246208
0.000442704 8.81224e+07 39012.1 4086528
0.000526182 9.39168e+07 49417.3 5144000
0.000610499 1.01592e+08 62022 6475200
0.000705655 1.10243e+08 77793.3 8150848
0.000822251 1.19926e+08 98609.2 10260800
0.0010238 1.20849e+08 123726 12917376
0.00139175 1.11485e+08 155160 16261184
0.00198925 9.89287e+07 196794 20471104
0.00274798 8.98219e+07 246829 25770944
0.00368923 8.38854e+07 309472 32442752
0.00487086 8.05994e+07 392589 40842624
0.00633157 7.77735e+07 492428 51417344
0.00818674 7.53988e+07 617270 64730176
0.0105248 7.43886e+07 782923 81489984
0.0134484 7.30481e+07 982382 102589504
0.0171299 7.18708e+07 1.23114e+06 129151936
0.0217509 7.17781e+07 1.56124e+06 162591680
0.0276375 7.09043e+07 1.95962e+06 204690048
0.0349608 7.02262e+07 2.45516e+06 257689280
0.0441752 7.04643e+07 3.11277e+06 324410688
0.0560821 6.96866e+07 3.90817e+06 408408576
0.0706176 6.93148e+07 4.89484e+06 514155776
0.0890503 6.96695e+07 6.20409e+06 647283264
0.112299 6.93756e+07 7.79083e+06 814880512
0.141903 6.87329e+07 9.75343e+06 1025873216
0.178827 6.90986e+07 1.23567e+07 1291497536
0.225062 6.89456e+07 1.5517e+07 1625898304
0.283372 6.85073e+07 1.9413e+07 2046884480
0.35711 6.88199e+07 2.45763e+07 2576874304
0.450553 6.84724e+07 3.08505e+07 3244091712
0.567581 6.79263e+07 3.85537e+07 4084068928
0.713725 6.82936e+07 4.87428e+07 5141537600
0.899831 6.79241e+07 6.11202e+07 6472811648
1.13294 6.7286e+07 7.62307e+07 8148786624
