# filename: ./acpphint-HoneyComb-65536MiB-threads_16-LP64-FreeBSD_main_n247756_348c41d1815d_64bit-g++_11_O3lto-libc++-DSIZE_ui-ISIZE_ui-using_1_threads-cpus_6.txt
# acpphint_main version: 0.1.24

7.26901e-08 1.3757e+07 1 176
1.02149e-07 1.95787e+07 1.99994 228
1.30314e-07 2.30203e+07 2.99988 280
1.60036e-07 2.49928e+07 3.99974 332
1.89609e-07 2.6368e+07 4.99961 384
2.18e-07 2.75205e+07 5.99947 436
2.44765e-07 2.85959e+07 6.99927 488
3.02929e-07 2.97058e+07 8.99872 592
3.655e-07 3.00906e+07 10.9981 696
4.53333e-07 3.08758e+07 13.997 852
5.37214e-07 3.16362e+07 16.9954 1008
6.53333e-07 3.21323e+07 20.9931 1216
7.961e-07 3.26462e+07 25.9897 1476
9.65125e-07 3.31397e+07 31.9839 1788
1.2e-06 3.33127e+07 39.9752 2204
1.48025e-06 3.37522e+07 49.9617 2724
1.85025e-06 3.40168e+07 62.9395 3400
2.3205e-06 3.40032e+07 78.9044 4232
2.8805e-06 3.4317e+07 98.8501 5272
3.5805e-06 3.45671e+07 123.767 6572
4.521e-06 3.44234e+07 155.628 8236
5.68e-06 3.44041e+07 195.415 10316
7.12e-06 3.45608e+07 246.073 12968
8.921e-06 3.46966e+07 309.528 16296
1.124e-05 3.45799e+07 388.678 20456
1.4081e-05 3.46807e+07 488.339 25708
1.7721e-05 3.46031e+07 613.201 32312
2.264e-05 3.40037e+07 769.843 40632
2.856e-05 3.38084e+07 965.569 51084
3.752e-05 3.2281e+07 1211.18 64292
4.7279e-05 3.2087e+07 1517.04 80880
5.9559e-05 3.18739e+07 1898.38 101784
7.6078e-05 3.11776e+07 2371.93 128096
9.8517e-05 3.0027e+07 2958.17 161220
0.000122917 2.9947e+07 3680.99 202924
0.000151315 3.01871e+07 4567.76 255444
0.000199234 2.83501e+07 5648.31 321536
0.000241632 2.87846e+07 6955.27 404736
0.000310709 2.74253e+07 8521.3 509464
0.000402826 2.57636e+07 10378.2 641336
0.000484063 2.59286e+07 12551.1 807372
0.000619017 2.43188e+07 15053.7 1016360
0.000813169 2.19975e+07 17887.7 1279480
0.000985643 2.13391e+07 21032.8 1610720
0.00126951 1.92567e+07 24446.7 2027708
0.00169786 1.65301e+07 28065.7 2552700
0.00207036 1.53626e+07 31806 3213620
