# filename: ./acpphint-HoneyComb-65536MiB-threads_16-LP64-FreeBSD_main_n247756_348c41d1815d_64bit-clang++_12_O3lto-libc++-DSIZE_d-ISIZE_ull-using_8_threads-cpus_kx4p1_kx4p2w0_0_14.txt
# acpphint_main version: 0.1.24

0.000230632 134413 31 3904
0.000215752 180763 39 4736
0.000216713 216877 47 5568
0.000211473 260080 55 6400
0.000220032 286322 63 7232
0.000216193 365414 79 8896
0.000223472 425109 95 10560
0.000221432 535304 118.533 13056
0.000218712 646717 141.445 15552
0.000213033 815495 173.727 18880
0.000221633 966301 214.164 23040
0.000227072 1.15264e+06 261.732 28032
0.000219992 1.48164e+06 325.949 34688
0.000219752 1.84305e+06 405.014 43008
0.000216393 2.36144e+06 511 53824
0.000218513 2.92431e+06 639 67136
0.000220992 3.60137e+06 795.874 83776
0.000224112 4.44705e+06 996.638 104576
0.000224793 5.56248e+06 1250.41 131200
0.000222793 7.04984e+06 1570.66 164480
0.000227312 8.6983e+06 1977.23 206912
0.000236392 1.05048e+07 2483.25 260160
0.000243192 1.28615e+07 3127.82 326720
0.000252511 1.55645e+07 3930.22 410752
0.000258271 1.90918e+07 4930.85 516416
0.000258031 2.41361e+07 6227.86 649536
0.00027503 2.84324e+07 7819.77 816768
0.00028963 3.38962e+07 9817.34 1028096
0.000315669 3.93254e+07 12413.8 1293504
0.000341628 4.56369e+07 15590.8 1627968
0.000382266 5.11778e+07 19563.5 2048960
0.000425385 5.82165e+07 24764.4 2578944
0.000479822 6.47986e+07 31091.8 3246208
0.00056242 6.93627e+07 39011 4086528
0.000672375 7.34939e+07 49415.5 5144000
0.00080385 7.71525e+07 62019 6475200
0.000971043 8.01083e+07 77788.6 8150848
0.00115964 8.50282e+07 98601.7 10260800
0.00139927 8.84133e+07 123714 12917376
0.00190465 8.1454e+07 155141 16261184
0.00299889 6.56124e+07 196764 20471104
0.00456343 5.40783e+07 246782 25770944
0.00646319 4.78709e+07 309399 32442752
0.00888946 4.41501e+07 392471 40842624
0.0119489 4.11955e+07 492243 51417344
0.0159833 3.86015e+07 616979 64730176
0.0213169 3.6706e+07 782456 81489984
0.0283084 3.46768e+07 981645 102589504
0.0374719 3.2824e+07 1.22998e+06 129151936
0.0493936 3.15705e+07 1.55938e+06 162591680
0.064673 3.02552e+07 1.9567e+06 204690048
0.0841307 2.91282e+07 2.45057e+06 257689280
0.109036 2.84804e+07 3.10539e+06 324410688
0.140038 2.78248e+07 3.89653e+06 408408576
0.178876 2.72625e+07 4.8766e+06 514155776
0.228329 2.70435e+07 6.17482e+06 647283264
0.289246 2.67754e+07 7.7447e+06 814880512
0.365624 2.64785e+07 9.68119e+06 1025873216
0.462251 2.64812e+07 1.22409e+07 1291497536
0.582991 2.63039e+07 1.53349e+07 1625898304
