# filename: ./acpphint-HoneyComb-65536MiB-threads_16-LP64-FreeBSD_main_n262658_b347c2284603_64bit-g++_13_O3lto-libstdc++-DSIZE_ull-ISIZE_ull-using_5_threads.txt
# acpphint_main version: 0.1.34

0.000153915 123445 19 2440
0.000154795 155044 24 2960
0.000151436 191500 29 3480
0.000157556 215796 34 4000
0.000152476 255778 39 4520
0.000152435 321448 49 5560
0.000152955 385734 59 6600
0.000156476 471212 73.7334 8160
0.000150836 584155 88.1116 9720
0.000152876 708240 108.273 11800
0.000154355 865044 133.524 14400
0.000151195 1.07987e+06 163.271 17520
0.000153715 1.32321e+06 203.397 21680
0.000152875 1.65406e+06 252.864 26880
0.000156395 2.03971e+06 319 33640
0.000155915 2.55909e+06 399 41960
0.000157275 3.1614e+06 497.209 52360
0.000159555 3.90245e+06 622.655 65360
0.000157475 4.96203e+06 781.396 82000
0.000163835 5.99084e+06 981.51 102800
0.000162675 7.5962e+06 1235.71 129320
0.000167635 9.26022e+06 1552.34 162600
0.000172474 1.13344e+07 1954.88 204200
0.000175075 1.40324e+07 2456.72 256720
0.000178555 1.72666e+07 3083.03 322760
0.000185714 2.09603e+07 3892.62 405960
0.000192874 2.53455e+07 4888.5 510480
0.000207194 2.96294e+07 6139.02 642560
0.000223153 3.47708e+07 7759.21 808440
0.000241032 4.04389e+07 9747.07 1017480
0.000263712 4.63933e+07 12234.5 1280600
0.000285511 5.42152e+07 15479 1611840
0.000323509 6.00871e+07 19438.7 2028880
0.000376747 6.47593e+07 24397.9 2554080
0.000430065 7.18205e+07 30887.5 3215000
0.000506263 7.65929e+07 38776.2 4047000
0.000607739 8.0056e+07 48653.1 5094280
0.000729255 8.45152e+07 61633.1 6413000
0.000881449 8.77582e+07 77354.4 8073360
0.00104532 9.28351e+07 97042.7 10163240
0.00129107 9.5269e+07 122999 12794440
0.00162846 9.47656e+07 154322 16106840
0.00227908 8.49304e+07 193563 20276720
0.00310809 7.89492e+07 245381 25526640
0.00416501 7.39213e+07 307883 32135840
0.0055134 7.00289e+07 386098 40456360
0.00631877 7.74499e+07 489388 50931240
0.00911995 6.7352e+07 614247 64118440
0.0120073 6.4138e+07 770123 80719960
0.0150982 6.46431e+07 975996 101619800
0.0195759 6.25965e+07 1.22538e+06 127931280
0.0250632 6.12847e+07 1.53599e+06 161055800
0.0317144 6.13683e+07 1.94626e+06 202756680
0.0350445 6.97474e+07 2.44426e+06 255255360
0.050719 6.03916e+07 3.063e+06 321347360
0.062767 6.18203e+07 3.88028e+06 404552040
0.0810079 6.01695e+07 4.87421e+06 509300320
0.0888195 6.87463e+07 6.10601e+06 641170760
0.128597 6.01317e+07 7.73276e+06 807185960
0.162297 5.98565e+07 9.7145e+06 1016186440
0.177765 6.84258e+07 1.21637e+07 1279302800
0.259036 5.9438e+07 1.53966e+07 1610546440
0.325135 5.94827e+07 1.93399e+07 2027557320
0.408696 5.92067e+07 2.41976e+07 2552543080
0.448804 6.81858e+07 3.06021e+07 3213461000
0.651559 5.89622e+07 3.84174e+07 4045507280
0.815489 5.88651e+07 4.80038e+07 5092991640
1.02999 5.88473e+07 6.06123e+07 6411696040
