# filename: ./acpphint-HoneyComb-65536MiB-threads_16-LP64-FreeBSD_main_n247756_348c41d1815d_64bit-clang++_12_O3-libc++-DSIZE_ull-ISIZE_ull-using_1_threads-cpus_11.txt
# acpphint_main version: 0.1.24

8.025e-08 1.24611e+07 1 280
1.205e-07 1.65975e+07 2 384
1.605e-07 1.86916e+07 3 488
2.01e-07 1.99005e+07 4 592
2.41e-07 2.07469e+07 5 696
2.81e-07 2.13523e+07 6 800
3.21e-07 2.18069e+07 7 904
4.41e-07 2.04082e+07 9 1112
5.21e-07 2.11132e+07 11 1320
6.41e-07 2.18409e+07 14 1632
7.61e-07 2.2339e+07 17 1944
9.61e-07 2.18522e+07 21 2360
1.161e-06 2.23945e+07 26 2880
1.441e-06 2.22068e+07 32 3504
1.801e-06 2.22099e+07 40 4336
2.241e-06 2.23115e+07 50 5376
2.801e-06 2.2492e+07 63 6728
3.52e-06 2.24432e+07 79 8392
4.401e-06 2.24949e+07 99 10472
5.481e-06 2.26236e+07 124 13072
6.921e-06 2.25401e+07 156 16400
8.681e-06 2.2578e+07 196 20560
1.092e-05 2.2619e+07 247 25864
1.376e-05 2.26017e+07 311 32520
1.7561e-05 2.22652e+07 391 40840
2.224e-05 2.21223e+07 492 51344
2.8e-05 2.21071e+07 619 64552
3.516e-05 2.21559e+07 779 81192
4.4879e-05 2.18365e+07 980 102096
5.7159e-05 2.15889e+07 1234 128512
7.2039e-05 2.15578e+07 1553 161688
9.0278e-05 2.16553e+07 1955 203496
0.000114836 2.14305e+07 2461 256120
0.000144755 2.14017e+07 3098 322368
0.000181994 2.14293e+07 3900 405776
0.000230472 2.13041e+07 4909.99 510816
0.00028875 2.1406e+07 6180.99 643000
0.000363268 2.14194e+07 7780.99 809400
0.000462303 2.11874e+07 9794.98 1018856
0.000584539 2.10952e+07 12331 1282600
0.000749372 2.07159e+07 15523.9 1614672
0.000941644 2.0754e+07 19542.9 2032648
0.0011894 2.06852e+07 24602.9 2558888
0.00151558 2.04362e+07 30972.8 3221368
0.00190569 2.04607e+07 38991.6 4055344
0.00240819 2.03835e+07 49087.4 5105328
0.0030248 2.04301e+07 61797.1 6427168
0.00382713 2.03279e+07 77797.6 8091272
0.00485821 2.01598e+07 97940.8 10186248
0.00617544 1.99661e+07 123299 12823688
0.00781698 1.98572e+07 155223 16143992
0.0099273 1.96843e+07 195412 20323960
0.0126556 1.94384e+07 246006 25586256
0.0162653 1.90405e+07 309699 32211160
0.0204899 1.90279e+07 389880 40551336
0.0260496 1.88417e+07 490818 51051072
0.0324384 1.90479e+07 617885 64269472
0.0410506 1.89484e+07 777842 80910408
0.0524399 1.86728e+07 979199 101860064
0.0666046 1.85072e+07 1.23267e+06 128234152
0.083556 1.8571e+07 1.55172e+06 161437192
0.102796 1.90018e+07 1.95331e+06 203237288
0.129523 1.89835e+07 2.45879e+06 255860560
0.166421 1.85972e+07 3.09497e+06 322109288
0.208454 1.86881e+07 3.89561e+06 405511464
0.263057 1.86391e+07 4.90313e+06 510508616
0.325443 1.89614e+07 6.17085e+06 642692200
0.417225 1.86128e+07 7.76575e+06 809101456
0.526862 1.85474e+07 9.77193e+06 1018598328
0.662852 1.85485e+07 1.22949e+07 1282339208
0.828101 1.86775e+07 1.54669e+07 1614369296
1.02143 1.90453e+07 1.94535e+07 2032370464
