# filename: ./acpphint-HoneyComb-65536MiB-threads_16-LP64-FreeBSD_main_n247756_348c41d1815d_64bit-clang++_12_O3-libc++-DSIZE_ld-ISIZE_ull-using_15_threads-cpus_kp1_1_15.txt
# acpphint_main version: 0.1.24

0.000414985 142174 59 12600
0.000416665 177601 74 15480
0.000412225 215902 89 18360
0.000413465 251533 104 21240
0.000416985 285382 119 24120
0.000421825 353227 149 29880
0.000423944 422226 179 35640
0.000423945 526169 223.067 44280
0.000433265 613687 265.889 52920
0.000437144 746790 326.455 64440
0.000445064 903970 402.325 78840
0.000459944 1.06855e+06 491.474 96120
0.000469383 1.30364e+06 611.906 119160
0.000489342 1.55317e+06 760.033 147960
0.000496582 1.9312e+06 959 185400
0.000523861 2.28878e+06 1199 231480
0.00055642 2.6828e+06 1492.76 289080
0.000595018 3.14153e+06 1869.27 361080
0.000653776 3.58649e+06 2344.76 453240
0.000714614 4.12158e+06 2945.34 568440
0.00079197 4.68129e+06 3707.44 715320
0.000901886 5.16183e+06 4655.39 899640
0.00103612 5.66023e+06 5864.69 1130040
0.00119919 6.14447e+06 7368.42 1420920
0.00140967 6.55649e+06 9242.47 1786680
0.00167434 6.97402e+06 11676.9 2247480
0.00201284 7.28302e+06 14659.6 2826360
0.00244115 7.53756e+06 18400.3 3557880
0.00298389 7.80024e+06 23275 4476600
0.0036749 7.95314e+06 29227 5634360
0.00453895 8.078e+06 36665.6 7091640
0.00560923 8.27782e+06 46432.2 8926200
0.00693205 8.40807e+06 58285.2 11235960
0.00859211 8.50927e+06 73112.6 14144760
0.0107099 8.65136e+06 92654.9 17805240
0.0133457 8.71173e+06 116264 22413240
0.0166519 8.75512e+06 145789 28213560
0.0208249 8.87839e+06 184891 35517240
0.0260605 8.89976e+06 231932 44713080
0.0326284 8.91176e+06 290777 56287800
0.0409796 9.00447e+06 369000 70860600
0.0513811 9.0054e+06 462707 89206200
0.0646257 8.97432e+06 579971 112300920
0.0815676 9.025e+06 736148 141377400
0.102457 9.0101e+06 923150 177982200
0.128769 8.98392e+06 1.15685e+06 224065080
0.162466 9.03658e+06 1.46813e+06 282079800
0.20382 9.03656e+06 1.84183e+06 355116600
0.256922 8.98156e+06 2.30756e+06 447063480
0.323357 9.05493e+06 2.92798e+06 562816440
0.407027 9.02816e+06 3.6747e+06 708541560
0.511968 8.9904e+06 4.60279e+06 892000440
0.645562 9.04533e+06 5.83932e+06 1122959160
0.811654 9.03261e+06 7.33136e+06 1413721080
1.02245 8.97907e+06 9.18069e+06 1779769080
