# filename: ./acpphint-HoneyComb-65536MiB-threads_16-LP64-FreeBSD_main_n247756_348c41d1815d_64bit-clang++_12_O3-libc++-DSIZE_d-ISIZE_ui-using_4_threads-cpus_kx4s_0_12.txt
# acpphint_main version: 0.1.24

9.9917e-05 150125 15 1824
0.000106397 178571 18.9994 2208
9.9398e-05 231382 22.9989 2592
0.000104077 259413 26.9989 2976
0.000107797 287564 30.9985 3360
0.000101957 382495 38.9981 4128
0.000101518 462950 46.9978 4896
0.000106677 551157 58.7958 6048
0.000108317 649266 70.3266 7200
0.000101157 854570 86.4457 8736
0.000102677 1.03853e+06 106.633 10656
0.000105797 1.23286e+06 130.433 12960
0.000107197 1.51602e+06 162.513 16032
0.000106317 1.90092e+06 202.101 19872
0.000112396 2.26807e+06 254.922 24864
0.000109837 2.90325e+06 318.884 31008
0.000109197 3.63989e+06 397.465 38688
0.000110476 4.50503e+06 497.697 48288
0.000111637 5.59489e+06 624.596 60576
0.000116596 6.72783e+06 784.438 75936
0.000121436 8.12973e+06 987.242 95520
0.000109637 1.13092e+07 1239.91 120096
0.000114996 1.35705e+07 1560.55 150816
0.000123156 1.59162e+07 1960.17 189600
0.000125276 1.96263e+07 2458.71 238368
0.000135435 2.28936e+07 3100.6 299808
0.000153475 2.53418e+07 3889.33 376992
0.000175994 2.77176e+07 4878.14 474528
0.000193954 3.17196e+07 6152.14 597024
0.000209713 3.67731e+07 7711.8 751392
0.000248672 3.88173e+07 9652.77 945696
0.00028971 4.1986e+07 12163.8 1190304
0.000346907 4.38401e+07 15208.4 1498272
