# filename: ./acpphint-HoneyComb-65536MiB-threads_16-LP64-FreeBSD_main_n262658_b347c2284603_64bit-clang++_16_O3lto-libc++-cpulockdown-DSIZE_ull-ISIZE_ull-using_16_threads-cpus_kp1_0_15.txt
# acpphint_main version: 0.1.34

0.000373107 168852 63 7808
0.000372867 211872 79 9472
0.000364147 260884 95 11136
0.000367348 302166 111 12800
0.000373628 339910 127 14464
0.000407465 390218 159 17792
0.000389907 489860 191 21120
0.000360667 659888 238 26112
0.000366187 774650 283.667 31104
0.000361588 963176 348.273 37760
0.000368307 1.16534e+06 429.204 46080
0.000373427 1.40401e+06 524.295 56064
0.000371867 1.75535e+06 652.757 69376
0.000409786 1.97847e+06 810.75 86016
0.000393026 2.60288e+06 1023 107648
0.000378747 3.37692e+06 1279 134272
0.000376027 4.23458e+06 1592.32 167552
0.000399906 4.98599e+06 1993.93 209152
0.000384587 6.50334e+06 2501.1 262400
0.000382226 8.21954e+06 3141.72 328960
0.000376827 1.04945e+07 3954.61 413824
0.000399506 1.24296e+07 4965.68 520320
0.000373787 1.67359e+07 6255.67 653440
0.000389226 2.01928e+07 7859.57 821504
0.000396186 2.48832e+07 9858.39 1032832
0.000399306 3.11923e+07 12455.3 1299072
0.000404386 3.86676e+07 15636.6 1633536
0.000422505 4.64523e+07 19626.3 2056192
0.000429185 5.78457e+07 24826.5 2587008
0.000461264 6.75856e+07 31174.8 3255936
0.000495622 7.89077e+07 39108.4 4097920
0.000533661 9.28061e+07 49527 5157888
0.000599019 1.03785e+08 62169 6492416
0.000683456 1.14101e+08 77982.7 8173056
0.000762653 1.29587e+08 98829.6 10288000
0.000859889 1.44216e+08 124010 12950400
0.0010576 1.47028e+08 155498 16301696
0.00164722 1.19722e+08 197209 20521600
0.00245523 1.00755e+08 247377 25834752
0.00340791 9.10027e+07 310129 32522368
0.00458995 8.57454e+07 393567 40942208
0.00605081 8.15583e+07 493494 51541888
0.00787779 7.85158e+07 618531 64885504
0.0101277 7.75197e+07 785093 81685248
0.012996 7.57518e+07 984470 102834688
0.0166014 7.43073e+07 1.2336e+06 129460352
0.0211392 7.40561e+07 1.56549e+06 162979968
0.0268279 7.31987e+07 1.96377e+06 205179008
0.0339785 7.2399e+07 2.46001e+06 258303872
0.0429442 7.26779e+07 3.1211e+06 325183360
0.0543185 7.21e+07 3.91636e+06 409380096
0.0686252 7.14656e+07 4.90434e+06 515378560
0.086728 7.17228e+07 6.22038e+06 648821376
0.10954 7.12711e+07 7.80707e+06 816817152
0.137912 7.08574e+07 9.77207e+06 1028311552
0.173845 7.12625e+07 1.23886e+07 1294566528
0.219211 7.09323e+07 1.55492e+07 1629761024
0.276151 7.04309e+07 1.94495e+07 2051746432
0.347902 7.08205e+07 2.46386e+07 2582995072
0.438069 7.05684e+07 3.09139e+07 3251796608
0.551873 6.99888e+07 3.86249e+07 4093768960
0.694861 7.03218e+07 4.88639e+07 5153748608
0.874974 6.99957e+07 6.12444e+07 6488183424
1.10234 6.92787e+07 7.63686e+07 8168137856
