# filename: ./acpphint-HoneyComb-65536MiB-threads_16-LP64-FreeBSD_main_n247756_348c41d1815d_64bit-g++_11_O3lto-libc++-DSIZE_ul-ISIZE_ul-using_4_threads-cpus_kx2sn0_1_6.txt
# acpphint_main version: 0.1.24

0.000116956 128253 15 1952
0.000116717 162787 19 2368
0.000114516 200845 23 2784
0.000115996 232767 27 3200
0.000121876 254357 31 3616
0.000115676 337149 39 4448
0.000115517 406867 47 5280
0.000116237 505863 58.8001 6528
0.000111637 630023 70.3339 7776
0.000117157 737940 86.4548 9440
0.000120877 882250 106.644 11520
0.000115996 1.12462e+06 130.451 14016
0.000121476 1.33809e+06 162.546 17344
0.000121756 1.66026e+06 202.147 21504
0.000121756 2.09435e+06 255 26912
0.000119836 2.66197e+06 319 33568
0.000119116 3.33838e+06 397.655 41888
0.000122956 4.05018e+06 497.994 52288
0.000124036 5.03932e+06 625.057 65600
0.000126116 6.22544e+06 785.128 82240
0.000132916 7.43732e+06 988.539 103456
0.000132995 9.33889e+06 1242.03 130080
0.000127476 1.22682e+07 1563.9 163360
0.000132075 1.4882e+07 1965.55 205376
0.000131676 1.87359e+07 2467.07 258208
0.000137316 2.26791e+07 3114.2 324768
0.000150675 2.59591e+07 3911.39 408384
0.000163714 3.00089e+07 4912.88 514048
0.000180754 3.4343e+07 6207.63 646752
0.000205953 3.78683e+07 7799.08 813984
0.000226232 4.328e+07 9791.33 1024480
0.000259951 4.76388e+07 12383.7 1289472
0.000304108 5.11466e+07 15554.1 1623104
0.000351747 5.55125e+07 19526.4 2043264
0.000438344 5.63732e+07 24710.8 2572000
0.0005211 5.95423e+07 31027.5 3237600
0.000634456 6.13747e+07 38939.5 4075424
0.000756731 6.51587e+07 49307.6 5130400
0.000929764 6.65729e+07 61897.1 6458688
0.001142 6.80123e+07 77669.8 8130592
0.00140139 7.02167e+07 98400.6 10235552
0.00174341 7.08299e+07 123486 12885472
0.00220951 7.01171e+07 154925 16221376
0.00280577 6.99664e+07 196309 20421312
0.00363626 6.77523e+07 246365 25708672
0.00471497 6.5543e+07 309034 32365088
0.00607616 6.44377e+07 391534 40744992
0.00825063 5.95737e+07 491521 51294752
0.0100231 6.15008e+07 616428 64575968
0.0125984 6.19825e+07 780880 81295840
0.0160826 6.09717e+07 980581 102345024
0.020294 6.05849e+07 1.22951e+06 128844640
0.0272175 5.72161e+07 1.55728e+06 162205344
0.0331559 5.8996e+07 1.95606e+06 204204288
0.0407384 6.01898e+07 2.45204e+06 257077888
0.0523376 5.93285e+07 3.10511e+06 323641632
0.0654734 5.95832e+07 3.90112e+06 407440256
0.0826893 5.91227e+07 4.88881e+06 512936608
0.10253 6.03647e+07 6.18922e+06 645748768
0.129566 6.00221e+07 7.77683e+06 812949152
0.166461 5.85229e+07 9.7418e+06 1023442240
0.212768 5.79405e+07 1.23279e+07 1288437152
0.26177 5.91713e+07 1.54893e+07 1622045856
0.327403 5.92256e+07 1.93906e+07 2042034464
0.408938 5.99618e+07 2.45206e+07 2570768800
0.512168 6.01279e+07 3.07956e+07 3236405824
0.66375 5.80198e+07 3.85106e+07 4074393312
0.803016 6.05666e+07 4.86359e+07 5129356832
1.06091 5.75092e+07 6.10123e+07 6457477184
