# filename: ./acpphint-HoneyComb-65536MiB-threads_16-LP64-FreeBSD_main_n262658_b347c2284603_64bit-g++_13_O3lto-libc++-cpulockdown-DSIZE_ul-ISIZE_ul-using_4_threads-cpus_kx8p1_kx8p3_1_3_9_11.txt
# acpphint_main version: 0.1.34

0.000101078 148400 15 1952
0.000102998 184470 19 2368
0.000102477 224441 23 2784
0.000103518 260824 27 3200
0.000100077 309761 31 3616
0.000102838 379237 39 4448
0.000103757 452981 47 5280
0.000102357 574461 58.8001 6528
0.000104798 671137 70.3339 7776
0.000103197 837765 86.4548 9440
9.9518e-05 1.0716e+06 106.644 11520
9.8557e-05 1.32361e+06 130.451 14016
0.000102038 1.593e+06 162.546 17344
0.000104357 1.93707e+06 202.147 21504
0.000101318 2.51683e+06 255 26912
0.000107917 2.95598e+06 319 33568
0.000104878 3.79159e+06 397.655 41888
0.000105437 4.72314e+06 497.994 52288
0.000109317 5.71784e+06 625.057 65600
0.000107117 7.32963e+06 785.128 82240
0.000111197 8.88998e+06 988.539 103456
0.000110317 1.12587e+07 1242.03 130080
0.000113917 1.37284e+07 1563.9 163360
0.000113837 1.72663e+07 1965.55 205376
0.000122197 2.01893e+07 2467.07 258208
0.000128956 2.41494e+07 3114.2 324768
0.000138276 2.82868e+07 3911.39 408384
0.000149236 3.29202e+07 4912.88 514048
0.000162435 3.82161e+07 6207.63 646752
0.000181994 4.28535e+07 7799.08 813984
0.000197514 4.95728e+07 9791.33 1024480
0.000233552 5.30235e+07 12383.7 1289472
0.000259912 5.98436e+07 15554.1 1623104
0.00030471 6.40818e+07 19526.4 2043264
0.000367268 6.72828e+07 24710.8 2572000
0.000445665 6.96206e+07 31027.5 3237600
0.000541422 7.19208e+07 38939.5 4075424
0.000657697 7.49701e+07 49307.6 5130400
0.000793893 7.79665e+07 61897.1 6458688
0.000981165 7.91608e+07 77669.8 8130592
0.0012174 8.08287e+07 98400.6 10235552
0.0015423 8.00657e+07 123486 12885472
0.00200013 7.74573e+07 154925 16221376
0.00262027 7.49197e+07 196309 20421312
0.00341156 7.22147e+07 246365 25708672
0.00440736 7.01176e+07 309034 32365088
0.00584411 6.69963e+07 391534 40744992
0.00746477 6.58454e+07 491521 51294752
0.00986696 6.24739e+07 616428 64575968
0.0121507 6.42661e+07 780880 81295840
0.01569 6.24974e+07 980581 102345024
0.0192415 6.38989e+07 1.22951e+06 128844640
0.0255023 6.10642e+07 1.55728e+06 162205344
0.0312764 6.25413e+07 1.95606e+06 204204288
0.0403187 6.08164e+07 2.45204e+06 257077888
0.0516855 6.0077e+07 3.10511e+06 323641632
0.0650182 6.00004e+07 3.90112e+06 407440256
0.0810659 6.03066e+07 4.88881e+06 512936608
0.0971025 6.3739e+07 6.18922e+06 645748768
0.12779 6.08565e+07 7.77683e+06 812949152
0.164131 5.93536e+07 9.7418e+06 1023442240
0.198454 6.21197e+07 1.23279e+07 1288437152
0.250172 6.19145e+07 1.54893e+07 1622045856
0.309786 6.25935e+07 1.93906e+07 2042034464
0.395849 6.19444e+07 2.45206e+07 2570768800
0.495798 6.21131e+07 3.07956e+07 3236405824
0.613585 6.27633e+07 3.85106e+07 4074393312
0.793908 6.12613e+07 4.86359e+07 5129356832
1.02731 5.93903e+07 6.10123e+07 6457477184
