# filename: ./acpphint-HoneyComb-65536MiB-threads_16-LP64-FreeBSD_main_n247756_348c41d1815d_64bit-g++_11_O3lto-libstdc++-DSIZE_d-ISIZE_ull-using_8_threads-cpus_kx4_kx4p1_0_13.txt
# acpphint_main version: 0.1.24

0.000258911 119732 31 3904
0.000248711 156808 39 4736
0.00029135 161318 47 5568
0.00027059 203260 55 6400
0.000278471 226235 63 7232
0.000256951 307452 79 8896
0.00029143 325979 95 10560
0.000258951 457744 118.533 13056
0.00027475 514812 141.445 15552
0.000253711 684745 173.727 18880
0.00028139 761094 214.164 23040
0.000269671 970559 261.732 28032
0.00026859 1.21356e+06 325.949 34688
0.000274751 1.47411e+06 405.014 43008
0.000290989 1.75608e+06 511 53824
0.000258871 2.46841e+06 639 67136
0.000244711 3.2523e+06 795.874 83776
0.00027431 3.63326e+06 996.638 104576
0.000254231 4.91839e+06 1250.41 131200
0.00027435 5.72501e+06 1570.66 164480
0.000256711 7.70216e+06 1977.23 206912
0.000256951 9.6643e+06 2483.25 260160
0.00026875 1.16384e+07 3127.82 326720
0.000272431 1.44265e+07 3930.22 410752
0.00028783 1.71311e+07 4930.85 516416
0.000294749 2.11294e+07 6227.86 649536
0.000307069 2.54658e+07 7819.77 816768
0.000336468 2.91776e+07 9817.34 1028096
0.000346188 3.58586e+07 12413.8 1293504
0.000377466 4.1304e+07 15590.8 1627968
0.000411505 4.75414e+07 19563.5 2048960
0.000454943 5.44341e+07 24764.4 2578944
0.000513581 6.05392e+07 31091.8 3246208
0.000591698 6.59306e+07 39011 4086528
0.000676335 7.30636e+07 49415.5 5144000
0.000774211 8.01061e+07 62019 6475200
0.000966924 8.04495e+07 77788.6 8150848
0.00126635 7.78628e+07 98601.7 10260800
0.00189661 6.5229e+07 123714 12917376
0.00285325 5.43735e+07 155141 16261184
0.00408324 4.81882e+07 196764 20471104
0.00558178 4.42121e+07 246782 25770944
0.00749639 4.12731e+07 309399 32442752
0.00983554 3.99033e+07 392471 40842624
0.0129823 3.79166e+07 492243 51417344
0.0169625 3.63731e+07 616979 64730176
0.022367 3.49826e+07 782456 81489984
0.0292787 3.35276e+07 981645 102589504
0.038404 3.20273e+07 1.22998e+06 129151936
0.0501878 3.10709e+07 1.55938e+06 162591680
0.0650787 3.00666e+07 1.9567e+06 204690048
0.0840045 2.91719e+07 2.45057e+06 257689280
0.10762 2.88553e+07 3.10539e+06 324410688
0.137053 2.84309e+07 3.89653e+06 408408576
0.173858 2.80494e+07 4.8766e+06 514155776
0.220226 2.80385e+07 6.17482e+06 647283264
0.27773 2.78857e+07 7.7447e+06 814880512
0.350396 2.76293e+07 9.68119e+06 1025873216
0.441684 2.77142e+07 1.22409e+07 1291497536
0.556628 2.75497e+07 1.53349e+07 1625898304
