# filename: ./acpphint-HoneyComb-65536MiB-threads_16-LP64-FreeBSD_main_n247756_348c41d1815d_64bit-g++_11_O3lto-libc++-DSIZE_ld-ISIZE_ul-using_8_threads.txt
# acpphint_main version: 0.1.24

0.000231992 133625 31 6720
0.000232272 167907 39 8256
0.000235392 199667 47 9792
0.000237752 231333 55 11328
0.000241551 260814 63 12864
0.000237551 332560 79 15936
0.000240031 395782 95 19008
0.000245351 483118 118.533 23616
0.000251471 562469 141.445 28224
0.000257711 674117 173.727 34368
0.000264551 809539 214.164 42048
0.000252871 1.03504e+06 261.732 51264
0.000266071 1.22505e+06 325.949 63552
0.00028651 1.41361e+06 405.014 78912
0.000297389 1.71829e+06 511 98880
0.000324668 1.96816e+06 639 123456
0.000351188 2.26624e+06 795.875 154176
0.000390105 2.5548e+06 996.639 192576
0.000433225 2.88628e+06 1250.41 241728
0.000491302 3.19693e+06 1570.66 303168
0.0005615 3.52134e+06 1977.23 381504
0.000649176 3.82524e+06 2483.26 479808
0.000765891 4.0839e+06 3127.82 602688
0.000905166 4.342e+06 3930.23 757824
0.00108336 4.55146e+06 4930.87 952896
0.00129615 4.80492e+06 6227.9 1198656
0.0015819 4.94331e+06 7819.83 1507392
0.00193637 5.07003e+06 9817.43 1897536
0.00238187 5.21186e+06 12414 2387520
0.00294353 5.29673e+06 15591.1 3004992
0.00366014 5.34512e+06 19563.9 3782208
0.00455299 5.43929e+06 24765 4760640
0.0056837 5.4705e+06 31092.7 5992512
0.00708613 5.50547e+06 39012.5 7543872
0.00884106 5.58959e+06 49417.9 9496128
0.0110469 5.61448e+06 62022.8 11953728
0.0137795 5.64565e+06 77794.5 15047232
0.0172197 5.72665e+06 98611.2 18942528
0.0215419 5.74364e+06 123729 23846976
0.0269722 5.75277e+06 155165 30020160
0.0338021 5.82219e+06 196802 37792320
0.0425084 5.8069e+06 246842 47576640
0.0533533 5.80081e+06 309492 59893824
0.0670778 5.85322e+06 392621 75401280
0.0843168 5.84082e+06 492479 94923840
0.106031 5.82238e+06 617350 119501376
0.133268 5.87579e+06 783052 150442560
0.167963 5.85001e+06 982585 189395520
0.210987 5.83664e+06 1.23145e+06 238433856
0.265699 5.87788e+06 1.56175e+06 300168768
0.334044 5.86877e+06 1.96043e+06 377888832
0.420619 5.84004e+06 2.45643e+06 475733568
0.530259 5.87413e+06 3.11481e+06 598911552
0.666077 5.87227e+06 3.91138e+06 753984576
0.838459 5.84392e+06 4.89988e+06 949210176
1.05639 5.88059e+06 6.21219e+06 1194984000
