# filename: ./acpphint-HoneyComb-65536MiB-threads_16-LP64-FreeBSD_main_n247756_348c41d1815d_64bit-g++_11_O3lto-libstdc++-DSIZE_ld-ISIZE_ull-using_8_threads-cpus_kx4_kx4p3n0_1_15.txt
# acpphint_main version: 0.1.24

0.000266551 116300 31 6720
0.00027535 141638 39 8256
0.00026851 175040 47 9792
0.00026811 205140 55 11328
0.00027351 230339 63 12864
0.00027603 286201 79 15936
0.00027499 345467 95 19008
0.00028679 413311 118.533 23616
0.00028379 498413 141.445 28224
0.000292309 594328 173.727 34368
0.000304989 702203 214.164 42048
0.000311988 838916 261.732 51264
0.000322108 1.01193e+06 325.949 63552
0.000336268 1.20444e+06 405.014 78912
0.000361707 1.41275e+06 511 98880
0.000382786 1.66934e+06 639 123456
0.000411785 1.93274e+06 795.875 154176
0.000451823 2.20582e+06 996.639 192576
0.000498222 2.50974e+06 1250.41 241728
0.000561219 2.79865e+06 1570.66 303168
0.000638336 3.09748e+06 1977.23 381504
0.000737332 3.3679e+06 2483.26 479808
0.000854247 3.6615e+06 3127.82 602688
0.00101264 3.88117e+06 3930.23 757824
0.00119991 4.10936e+06 4930.87 952896
0.00143738 4.3328e+06 6227.9 1198656
0.00173797 4.4994e+06 7819.83 1507392
0.00211536 4.64103e+06 9817.43 1897536
0.00259162 4.79004e+06 12414 2387520
0.00319376 4.88174e+06 15591.1 3004992
0.00395808 4.94277e+06 19563.9 3782208
0.00492989 5.02344e+06 24765 4760640
0.00614928 5.05632e+06 31092.7 5992512
0.00767138 5.08546e+06 39012.5 7543872
0.00959006 5.15303e+06 49417.9 9496128
0.0119858 5.17467e+06 62022.8 11953728
0.0149509 5.20334e+06 77794.5 15047232
0.0187071 5.27133e+06 98611.2 18942528
0.0233937 5.28898e+06 123729 23846976
0.029303 5.29519e+06 155165 30020160
0.0366708 5.36672e+06 196802 37792320
0.0459877 5.36757e+06 246842 47576640
0.0577243 5.36157e+06 309492 59893824
0.0724417 5.41982e+06 392621 75401280
0.0909514 5.41475e+06 492479 94923840
0.114478 5.39274e+06 617350 119501376
0.14393 5.44052e+06 783052 150442560
0.180875 5.43239e+06 982585 189395520
0.22751 5.41276e+06 1.23145e+06 238433856
0.286572 5.44975e+06 1.56175e+06 300168768
0.360686 5.43528e+06 1.96043e+06 377888832
0.453635 5.41499e+06 2.45643e+06 475733568
0.570886 5.4561e+06 3.11481e+06 598911552
0.71909 5.43935e+06 3.91138e+06 753984576
0.903914 5.42074e+06 4.89988e+06 949210176
1.13916 5.45329e+06 6.21219e+06 1194984000
