# filename: ./acpphint-HoneyComb-65536MiB-threads_16-LP64-FreeBSD_main_n264334_215bab7924f6_64bit-clang++_16_O3lto-libc++-cpulockdown-DSIZE_ull-ISIZE_ull-using_7_threads.txt
# acpphint_main version: 0.1.35

0.000199754 135166 27 3416
0.000212593 159930 34 4144
0.000207393 197692 41 4872
0.000204073 235210 48 5600
0.000206674 266120 55 6328
0.000211234 326652 69 7784
0.000218913 379146 83 9240
0.000211153 490640 103.6 11424
0.000216713 570649 123.667 13608
0.000220953 687518 151.909 16520
0.000217553 860867 187.284 20160
0.000213033 1.07453e+06 228.911 24528
0.000215913 1.32043e+06 285.098 30352
0.000205834 1.72128e+06 354.297 37632
0.000206273 2.16703e+06 447 47096
0.000210513 2.65542e+06 559 58744
0.000204353 3.40743e+06 696.319 73304
0.000212913 4.09547e+06 871.978 91504
0.000205114 5.33397e+06 1094.07 114800
0.000208594 6.58828e+06 1374.27 143920
0.000213193 8.11499e+06 1730.06 181048
0.000216193 1.0051e+07 2172.95 227640
0.000216313 1.26522e+07 2736.84 285880
0.000220913 1.55675e+07 3439.06 359408
0.000224313 1.92362e+07 4314.93 451864
0.000224393 2.42854e+07 5449.47 568344
0.000234953 2.91237e+07 6842.71 714672
0.000242832 3.53796e+07 8591.29 899584
0.000259952 4.1786e+07 10862.4 1131816
0.000275951 4.94401e+07 13643 1424472
0.00030243 5.66105e+07 17120.7 1792840
0.000325589 6.65551e+07 21669.6 2256576
0.000360108 7.55549e+07 27207.9 2840432
0.000404386 8.44261e+07 34140.8 3575712
0.000453425 9.53647e+07 43240.7 4501000
0.000551541 9.84032e+07 54273.4 5665800
0.000661297 1.02949e+08 68080 7131992
0.000783972 1.1006e+08 86283.9 8978200
0.000929967 1.16422e+08 108269 11302704
0.00115356 1.17712e+08 135788 14228536
0.00149019 1.15553e+08 172196 17912216
0.00205885 1.0491e+08 215994 22549576
0.00282714 9.57989e+07 270837 28387408
0.00380206 9.03511e+07 343521 35737296
0.0050639 8.50955e+07 430915 44990176
0.00665948 8.11199e+07 540216 56638904
0.00866756 7.90398e+07 685083 71303736
0.0111692 7.69689e+07 859677 89765816
0.0145255 7.4178e+07 1.07748e+06 113007944
0.0183444 7.44734e+07 1.36617e+06 142267720
0.0232759 7.36773e+07 1.7149e+06 179103792
0.029555 7.27056e+07 2.14882e+06 225478120
0.0388193 7.01714e+07 2.72401e+06 283859352
0.0473867 7.21787e+07 3.42031e+06 357357504
0.0611061 7.01142e+07 4.28441e+06 449886304
0.0761113 7.13398e+07 5.42977e+06 566372856
0.0961039 7.09551e+07 6.81907e+06 713020448
0.120767 7.07009e+07 8.53832e+06 897639064
0.153393 7.05152e+07 1.08165e+07 1130060344
0.191777 7.08356e+07 1.35846e+07 1422661016
0.241738 7.03212e+07 1.69993e+07 1791023920
0.307761 6.9927e+07 2.15208e+07 2254765016
0.38369 7.04227e+07 2.70205e+07 2838580248
0.489235 6.90446e+07 3.3779e+07 3573560312
0.614431 6.95165e+07 4.27131e+07 4498845400
0.766288 6.99208e+07 5.35795e+07 5663710192
0.979004 6.82975e+07 6.68636e+07 7130188296
1.23821 6.81333e+07 8.43633e+07 8976374456
