# filename: ./acpphint-HoneyComb-65536MiB-threads_16-LP64-FreeBSD_main_n247756_348c41d1815d_64bit-g++_11_O3lto-libc++-DSIZE_ul-ISIZE_ul-using_8_threads-cpus_kx4p1_kx4p2_1_14.txt
# acpphint_main version: 0.1.24

0.000217752 142364 31 3904
0.000208353 187182 39 4736
0.000207873 226100 47 5568
0.000211393 260179 55 6400
0.000207273 303947 63 7232
0.000205353 384703 79 8896
0.000211713 448721 95 10560
0.000206633 573642 118.533 13056
0.000211033 670249 141.445 15552
0.000208393 833653 173.727 18880
0.000203673 1.05151e+06 214.164 23040
0.000201073 1.30167e+06 261.732 28032
0.000213513 1.5266e+06 325.949 34688
0.000204633 1.97922e+06 405.014 43008
0.000208033 2.45634e+06 511 53824
0.000207713 3.07636e+06 639 67136
0.000210273 3.78496e+06 795.875 83776
0.000216472 4.60401e+06 996.639 104576
0.000211393 5.91509e+06 1250.41 131200
0.000217913 7.20773e+06 1570.66 164480
0.000211272 9.3587e+06 1977.23 206912
0.000217392 1.14229e+07 2483.26 260160
0.000222113 1.40821e+07 3127.82 326720
0.000230072 1.70826e+07 3930.23 410752
0.000234232 2.10512e+07 4930.87 516416
0.000242112 2.57232e+07 6227.89 649536
0.000253471 3.08509e+07 7819.82 816768
0.000249352 3.93717e+07 9817.41 1028096
0.00026463 4.69105e+07 12413.9 1293504
0.00028811 5.41148e+07 15591 1627968
0.000311629 6.27791e+07 19563.8 2048960
0.000345628 7.16518e+07 24764.9 2578944
0.000381627 8.14736e+07 31092.5 3246208
0.000437384 8.91943e+07 39012.1 4086528
0.000514741 9.60043e+07 49417.3 5144000
0.000608938 1.01853e+08 62022 6475200
0.000747692 1.04045e+08 77793.3 8150848
0.000875127 1.1268e+08 98609.2 10260800
0.00101924 1.2139e+08 123726 12917376
0.00123763 1.25368e+08 155160 16261184
0.0017009 1.157e+08 196794 20471104
0.00247487 9.97343e+07 246829 25770944
0.00344751 8.97669e+07 309472 32442752
0.00469234 8.36659e+07 392589 40842624
0.00623156 7.90216e+07 492428 51417344
0.00813545 7.58742e+07 617270 64730176
0.0105795 7.4004e+07 782923 81489984
0.013586 7.23082e+07 982382 102589504
0.0174794 7.04337e+07 1.23114e+06 129151936
0.022294 7.00294e+07 1.56124e+06 162591680
0.0284035 6.89923e+07 1.95962e+06 204690048
0.0359723 6.82515e+07 2.45516e+06 257689280
0.0457814 6.79922e+07 3.11277e+06 324410688
0.0577933 6.76232e+07 3.90817e+06 408408576
0.0730108 6.70427e+07 4.89484e+06 514155776
0.0923896 6.71514e+07 6.20409e+06 647283264
0.1166 6.68167e+07 7.79083e+06 814880512
0.147214 6.62534e+07 9.75343e+06 1025873216
0.185348 6.66675e+07 1.23567e+07 1291497536
0.233733 6.63879e+07 1.5517e+07 1625898304
0.294429 6.59346e+07 1.9413e+07 2046884480
0.37069 6.62987e+07 2.45763e+07 2576874304
0.466084 6.61908e+07 3.08505e+07 3244091712
0.587658 6.56056e+07 3.85537e+07 4084068928
0.740031 6.5866e+07 4.87428e+07 5141537600
0.932365 6.55539e+07 6.11202e+07 6472811648
1.17464 6.4897e+07 7.62307e+07 8148786624
