# filename: ./acpphint-HoneyComb-65536MiB-threads_16-LP64-FreeBSD_main_n259950_5723e5ac6d76_64bit-g++_12_O3lto-libc++-DSIZE_ul-ISIZE_ul-using_15_threads.txt
# acpphint_main version: 0.1.30

0.000391346 150762 59 7320
0.000367507 201357 74 8880
0.000374787 237468 89 10440
0.000387547 268355 104 12000
0.000349948 340051 119 13560
0.000361267 412437 149 16680
0.000362188 494218 179 19800
0.000367828 606443 223.067 24480
0.000367907 722707 265.889 29160
0.000362107 901542 326.455 35400
0.000381106 1.05568e+06 402.324 43200
0.000365788 1.3436e+06 491.474 52560
0.000372267 1.64373e+06 611.906 65040
0.000368947 2.06001e+06 760.033 80640
0.000388586 2.46792e+06 959 100920
0.000368027 3.25791e+06 1199 125880
0.000383947 3.88794e+06 1492.76 157080
0.000367347 5.08855e+06 1869.27 196080
0.000380306 6.16546e+06 2344.76 246000
0.000372468 7.90763e+06 2945.34 308400
0.000381547 9.71686e+06 3707.44 387960
0.000380267 1.22424e+07 4655.38 487800
0.000383426 1.52955e+07 5864.69 612600
0.000393986 1.87022e+07 7368.4 770160
0.000404186 2.28668e+07 9242.45 968280
0.000413306 2.82523e+07 11676.8 1217880
0.000427425 3.42973e+07 14659.5 1531440
0.000451544 4.07496e+07 18400.2 1927680
0.000475223 4.89769e+07 23274.9 2425320
0.000520742 5.61254e+07 29226.8 3052440
0.000535261 6.84999e+07 36665.3 3841800
0.000615738 7.54083e+07 46431.7 4835520
0.000671376 8.68134e+07 58284.5 6086640
0.000773213 9.45554e+07 73111.4 7662240
0.000858329 1.07946e+08 92653.1 9645000
0.000956885 1.215e+08 116261 12141000
0.00109604 1.3301e+08 145785 15282840
0.00150495 1.22851e+08 184884 19239000
0.00231204 1.0031e+08 231921 24220080
0.00328504 8.851e+07 290759 30489720
0.00449383 8.21062e+07 368971 38383320
0.00598478 7.73065e+07 462662 48320520
0.00781023 7.42489e+07 579901 60830160
0.0100589 7.31721e+07 736034 76579920
0.012969 7.11677e+07 922971 96407520
0.0166307 6.95444e+07 1.15657e+06 121369080
0.0211572 6.93704e+07 1.46768e+06 152793720
0.0268097 6.86736e+07 1.84112e+06 192355320
0.0340203 6.77961e+07 2.30644e+06 242159880
0.0430879 6.79118e+07 2.92618e+06 304859400
0.0545708 6.72864e+07 3.67187e+06 383793840
0.0688923 6.67469e+07 4.59835e+06 483167400
0.0870696 6.69829e+07 5.83217e+06 608270040
0.109816 6.66577e+07 7.32009e+06 765766080
0.138559 6.61309e+07 9.16303e+06 964042080
0.174868 6.64303e+07 1.16165e+07 1213656120
0.220317 6.61813e+07 1.45809e+07 1527900960
0.27768 6.5687e+07 1.82399e+07 1923512280
0.349768 6.60644e+07 2.31072e+07 2421557880
0.440837 6.57734e+07 2.89953e+07 3048559320
0.555212 6.52596e+07 3.62329e+07 3837908400
0.70079 6.54163e+07 4.58431e+07 4831639320
0.881282 6.52106e+07 5.74689e+07 6082671960
1.10953 6.46025e+07 7.16786e+07 7657629240
