# filename: ./acpphint-HoneyComb-65536MiB-threads_16-LP64-FreeBSD_main_n247756_348c41d1815d_64bit-clang++_12_O3lto-libc++-DSIZE_ld-ISIZE_ul-using_8_threads-cpus_kx4p1_kx4p3_1_15.txt
# acpphint_main version: 0.1.24

0.000238552 129951 31 6720
0.000237431 164258 39 8256
0.000233472 201309 47 9792
0.000238552 230558 55 11328
0.000239832 262684 63 12864
0.000244471 323147 79 15936
0.000248031 383017 95 19008
0.000256671 461811 118.533 23616
0.000259671 544708 141.445 28224
0.00027535 630933 173.727 34368
0.00028323 756150 214.164 42048
0.00028199 928159 261.732 51264
0.000296549 1.09914e+06 325.949 63552
0.000316869 1.27818e+06 405.014 78912
0.000341268 1.49736e+06 511 98880
0.000369306 1.73027e+06 639 123456
0.000402785 1.97593e+06 795.875 154176
0.000447623 2.22651e+06 996.639 192576
0.000508661 2.45824e+06 1250.41 241728
0.000588858 2.6673e+06 1570.66 303168
0.000675534 2.92692e+06 1977.23 381504
0.00079689 3.11619e+06 2483.26 479808
0.000944364 3.3121e+06 3127.82 602688
0.00113572 3.46057e+06 3930.23 757824
0.00137211 3.59365e+06 4930.87 952896
0.00167026 3.72871e+06 6227.9 1198656
0.0020446 3.82463e+06 7819.83 1507392
0.00251298 3.90669e+06 9817.43 1897536
0.00310712 3.99533e+06 12414 2387520
0.00385129 4.04827e+06 15591.1 3004992
0.00478977 4.08451e+06 19563.9 3782208
0.00597009 4.14818e+06 24765 4760640
0.00748023 4.15665e+06 31092.7 5992512
0.00936023 4.1679e+06 39012.5 7543872
0.0117045 4.22211e+06 49417.9 9496128
0.0146729 4.22704e+06 62022.8 11953728
0.0183683 4.23526e+06 77794.5 15047232
0.02299 4.28931e+06 98611.2 18942528
0.0288783 4.2845e+06 123729 23846976
0.0362561 4.27969e+06 155165 30020160
0.0455552 4.32008e+06 196802 37792320
0.0572633 4.31065e+06 246842 47576640
0.0719692 4.30035e+06 309492 59893824
0.0905428 4.3363e+06 392621 75401280
0.113898 4.32386e+06 492479 94923840
0.143371 4.30597e+06 617350 119501376
0.180481 4.33869e+06 783052 150442560
0.227347 4.32196e+06 982585 189395520
0.285962 4.30636e+06 1.23145e+06 238433856
0.359832 4.34021e+06 1.56175e+06 300168768
0.453051 4.32717e+06 1.96043e+06 377888832
0.56994 4.30998e+06 2.45643e+06 475733568
0.718297 4.33638e+06 3.11481e+06 598911552
0.905269 4.32069e+06 3.91138e+06 753984576
1.13913 4.30141e+06 4.89988e+06 949210176
