# filename: ./acpphint-HoneyComb-65536MiB-threads_16-LP64-FreeBSD_main_n247756_348c41d1815d_64bit-clang++_12_O3lto-libc++-DSIZE_ui-ISIZE_ui-using_8_threads-cpus_kx4_kx4p3_0_15.txt
# acpphint_main version: 0.1.24

0.000220393 140591 30.9854 2240
0.000210633 185045 38.9766 2656
0.000223952 209715 46.9661 3072
0.000225232 243988 54.9539 3488
0.000223832 281191 62.9395 3904
0.000219593 359321 78.9044 4736
0.000213913 443461 94.8621 5568
0.000217313 544472 118.321 6816
0.000215833 653926 141.139 8064
0.000216713 799515 173.265 9728
0.000226352 943081 213.468 11808
0.000220432 1.18263e+06 260.69 14304
0.000216593 1.49743e+06 324.332 17632
0.000219513 1.83379e+06 402.541 21792
0.000219713 2.30777e+06 507.046 27200
0.000220513 2.86979e+06 632.826 33856
0.000228192 3.44591e+06 786.33 42176
0.000220112 4.46022e+06 981.747 52576
0.000223913 5.47985e+06 1227.01 65888
0.000228752 6.70582e+06 1533.97 82528
0.000233272 8.22799e+06 1919.36 103744
0.000229232 1.04374e+07 2392.58 130368
0.000237871 1.25504e+07 2985.37 163648
0.000239512 1.54821e+07 3708.16 205664
0.000246271 1.86214e+07 4585.92 258496
0.000258111 2.20354e+07 5687.58 325056
0.000256752 2.72129e+07 6986.96 408672
0.000262391 3.2542e+07 8538.72 514336
0.00027439 3.80391e+07 10437.6 647040
0.000278111 4.52896e+07 12595.5 814272
