# filename: ./acpphint-HoneyComb-65536MiB-threads_16-LP64-FreeBSD_main_n247756_348c41d1815d_64bit-clang++_12_O3lto-libc++-DSIZE_d-ISIZE_ui-using_4_threads-cpus_kx4s_0_12.txt
# acpphint_main version: 0.1.24

0.000119316 125717 15 1824
0.000117716 161401 18.9994 2208
0.000120117 191471 22.9989 2592
0.000116837 231082 26.9989 2976
0.000120956 256279 30.9985 3360
0.000118956 327836 38.9981 4128
0.000118316 397223 46.9978 4896
0.000113677 517218 58.7958 6048
0.000119836 586857 70.3266 7200
0.000118716 728172 86.4457 8736
0.000117516 907388 106.633 10656
0.000119077 1.09537e+06 130.433 12960
0.000110797 1.46676e+06 162.513 16032
0.000119637 1.68928e+06 202.101 19872
0.000123397 2.06587e+06 254.922 24864
0.000117517 2.71351e+06 318.884 31008
0.000122397 3.24735e+06 397.465 38688
0.000123876 4.0177e+06 497.697 48288
0.000124956 4.99853e+06 624.596 60576
0.000125196 6.26568e+06 784.438 75936
0.000130916 7.54104e+06 987.242 95520
0.000127916 9.69317e+06 1239.91 120096
0.000125796 1.24054e+07 1560.55 150816
0.000135516 1.44645e+07 1960.17 189600
0.000139915 1.75729e+07 2458.71 238368
0.000151235 2.05019e+07 3100.6 299808
0.000166515 2.33573e+07 3889.33 376992
0.000189874 2.56914e+07 4878.14 474528
0.000220352 2.79196e+07 6152.14 597024
0.000238512 3.2333e+07 7711.8 751392
0.000288949 3.34065e+07 9652.77 945696
0.000328548 3.70228e+07 12163.8 1190304
0.000379866 4.00363e+07 15208.4 1498272
