# filename: ./acpphint-HoneyComb-65536MiB-threads_16-LP64-FreeBSD_main_n247756_348c41d1815d_64bit-clang++_12_O3lto-libc++-cpulockdown-DSIZE_ld-ISIZE_ull-using_4_threads.txt
# acpphint_main version: 0.1.24

0.000141036 106356 15 3360
0.000144595 131402 19 4128
0.000142156 161794 23 4896
0.000144156 187297 27 5664
0.000150116 206507 31 6432
0.000140315 277946 39 7968
0.000132636 354353 47 9504
0.000140995 417036 58.8001 11808
0.000143236 491035 70.3339 14112
0.000152355 567456 86.4548 17184
0.000159475 668717 106.644 21024
0.000172635 755649 130.451 25632
0.000188393 862804 162.546 31776
0.000209312 965770 202.147 39456
0.000235671 1.08202e+06 255 49440
0.000261671 1.21909e+06 319 61728
0.000298029 1.33428e+06 397.655 77088
0.000344628 1.44502e+06 497.994 96288
0.000401386 1.55725e+06 625.057 120864
0.000471702 1.66446e+06 785.128 151584
0.000571578 1.72949e+06 988.539 190752
0.000688174 1.80481e+06 1242.03 239904
0.000835969 1.87077e+06 1563.9 301344
0.00102412 1.91925e+06 1965.55 378912
0.00125735 1.96212e+06 2467.08 476448
0.00155098 2.0079e+06 3114.21 599328
0.00192157 2.03552e+06 3911.39 753696
0.00238683 2.05833e+06 4912.88 948768
0.00298112 2.08232e+06 6207.64 1193760
0.00372177 2.09553e+06 7799.09 1502496
0.00465706 2.10248e+06 9791.35 1891104
0.00582597 2.12562e+06 12383.8 2380320
0.00732383 2.12377e+06 15554.1 2996256
0.00918372 2.1262e+06 19526.4 3771936
0.011557 2.13818e+06 24711 4748064
0.0145673 2.12996e+06 31027.7 5976864
0.0183034 2.12747e+06 38939.8 7523616
0.0231574 2.12926e+06 49308.1 9471264
0.0293653 2.10786e+06 61897.9 11923488
0.0374552 2.0737e+06 77671 15010080
0.0477393 2.06125e+06 98402.6 18896160
0.0609634 2.02562e+06 123489 23788320
0.0777022 1.99389e+06 154930 29946912
0.0987645 1.98773e+06 196318 37700640
0.125378 1.96507e+06 246377 47461920
0.159101 1.9425e+06 309054 59750688
0.201424 1.94399e+06 391566 75221280
0.254928 1.92828e+06 491572 94697760
0.321941 1.91497e+06 616508 119216928
0.406729 1.92022e+06 781008 150084384
0.513274 1.91084e+06 980783 188944416
0.647962 1.898e+06 1.22983e+06 237866784
0.816572 1.90772e+06 1.55779e+06 299455776
1.02956 1.90069e+06 1.95687e+06 376992288
