# filename: ./acpphint-HoneyComb-65536MiB-threads_16-LP64-FreeBSD_main_n247756_348c41d1815d_64bit-g++_11_O3lto-libc++-DSIZE_ull-ISIZE_ull-using_2_threads-cpus_2_10.txt
# acpphint_main version: 0.1.24

6.2159e-05 112614 7 976
6.4279e-05 140015 9 1184
6.1359e-05 179273 11 1392
6.1679e-05 210769 13 1600
5.6079e-05 267480 15 1808
6.5879e-05 288408 19 2224
6.7518e-05 340650 23 2640
6.2518e-05 462801 28.9334 3264
6.0399e-05 575812 34.7785 3888
6.3439e-05 674956 42.8186 4720
6.3438e-05 833610 52.8825 5760
6.1759e-05 1.04946e+06 64.8139 7008
6.5958e-05 1.22573e+06 80.8465 8672
6.3838e-05 1.57766e+06 100.715 10752
6.9118e-05 1.83744e+06 127 13456
6.2599e-05 2.53998e+06 159 16784
6.5679e-05 3.023e+06 198.548 20944
6.3359e-05 3.92475e+06 248.668 26144
7.0318e-05 4.44224e+06 312.369 32800
5.7039e-05 6.87895e+06 392.369 41120
7.1118e-05 6.94884e+06 494.187 51728
7.2438e-05 8.57812e+06 621.382 65040
7.6038e-05 1.02837e+07 781.955 81680
7.9958e-05 1.22964e+07 983.196 102688
8.6917e-05 1.42103e+07 1235.11 129104
9.1037e-05 1.71071e+07 1557.38 162384
0.000108797 1.7989e+07 1957.15 204192
0.000112277 2.19143e+07 2460.47 257024
0.000130717 2.37499e+07 3104.51 323376
0.000147275 2.65019e+07 3903.07 406992
0.000171795 2.85504e+07 4904.82 512240
0.000199633 3.10229e+07 6193.19 644736
0.000234912 3.31391e+07 7784.78 811552
0.00028391 3.44577e+07 9782.87 1021632
0.000342628 3.60669e+07 12357.5 1286000
0.000421265 3.68651e+07 15530 1618800
0.000512341 3.80828e+07 19511.4 2037712
0.000635137 3.88207e+07 24656.5 2565200
0.000771611 4.01524e+07 30982 3229344
0.000969324 4.01534e+07 38921.7 4065296
0.00121208 4.05935e+07 49202.3 5117776
0.00149686 4.12938e+07 61811.3 6442736
0.00187977 4.13043e+07 77642.6 8110688
0.00236567 4.14947e+07 98162.9 10210656
0.00297557 4.14449e+07 123322 12854336
0.00374754 4.13313e+07 154891 16182544
0.00479794 4.08115e+07 195811 20372496
0.00619861 3.96941e+07 246048 25647376
0.00782586 3.94835e+07 308992 32287984
0.00977459 3.99598e+07 390591 40647920
0.0122903 3.99416e+07 490894 51172512
0.0155842 3.95524e+07 616392 64422320
0.0198217 3.93053e+07 779097 81102672
0.0250928 3.90289e+07 979346 102102144
0.0320435 3.83708e+07 1.22953e+06 128538944
0.0396377 3.92028e+07 1.55391e+06 161820816
0.051939 3.76136e+07 1.95361e+06 203720128
0.0631842 3.88111e+07 2.45225e+06 256468304
0.0799727 3.87475e+07 3.09874e+06 322874384
0.100199 3.88852e+07 3.89624e+06 406474576
0.129265 3.78258e+07 4.88954e+06 511721120
0.157287 3.92736e+07 6.17721e+06 644218576
0.198265 3.91753e+07 7.76712e+06 811022928
0.250233 3.89391e+07 9.74384e+06 1021017232
0.313803 3.92135e+07 1.23053e+07 1285384400
0.39807 3.88623e+07 1.54699e+07 1618202912
0.498836 3.88821e+07 1.93958e+07 2037196656
0.625747 3.91185e+07 2.44783e+07 2564678416
0.785321 3.91649e+07 3.0757e+07 3228738592
0.999039 3.856e+07 3.85229e+07 4064740928
1.25641 3.86476e+07 4.85571e+07 5117205536
