# filename: ./acpphint-HoneyComb-65536MiB-threads_16-LP64-FreeBSD_main_n247756_348c41d1815d_64bit-g++_11_O3lto-libc++-DSIZE_d-ISIZE_ull-using_8_threads.txt
# acpphint_main version: 0.1.24

0.000243271 127430 31 3904
0.000236072 165204 39 4736
0.000241791 194383 47 5568
0.000240032 229136 55 6400
0.000239112 263475 63 7232
0.000240632 328302 79 8896
0.000236152 402283 95 10560
0.000237832 498391 118.533 13056
0.000239472 590652 141.445 15552
0.000240312 722924 173.727 18880
0.000240232 891489 214.164 23040
0.000238711 1.09644e+06 261.732 28032
0.000235472 1.38424e+06 325.949 34688
0.000241512 1.67699e+06 405.014 43008
0.000243991 2.09434e+06 511 53824
0.000243951 2.61938e+06 639 67136
0.000243112 3.27369e+06 795.874 83776
0.000251191 3.96765e+06 996.638 104576
0.000246552 5.07158e+06 1250.41 131200
0.000247472 6.3468e+06 1570.66 164480
0.000248391 7.96015e+06 1977.23 206912
0.000251872 9.85918e+06 2483.25 260160
0.000257111 1.21652e+07 3127.82 326720
0.000266831 1.47292e+07 3930.22 410752
0.000271391 1.81688e+07 4930.85 516416
0.00028167 2.21105e+07 6227.86 649536
0.00027879 2.8049e+07 7819.77 816768
0.00029227 3.359e+07 9817.34 1028096
0.000307749 4.03375e+07 12413.8 1293504
0.000337428 4.62049e+07 15590.8 1627968
0.000359507 5.44176e+07 19563.5 2048960
0.000404626 6.12032e+07 24764.4 2578944
0.000454343 6.84324e+07 31091.8 3246208
0.00054242 7.19202e+07 39011 4086528
0.000595778 8.29427e+07 49415.5 5144000
0.000698814 8.87489e+07 62019 6475200
0.000830409 9.3675e+07 77788.6 8150848
0.000969084 1.01747e+08 98601.7 10260800
0.0011646 1.06229e+08 123714 12917376
0.00142347 1.08988e+08 155141 16261184
0.00184729 1.06515e+08 196764 20471104
0.00263402 9.36904e+07 246782 25770944
0.00369234 8.37949e+07 309399 32442752
0.00495857 7.915e+07 392471 40842624
0.00655559 7.50875e+07 492243 51417344
0.00859979 7.17435e+07 616979 64730176
0.0111621 7.00992e+07 782456 81489984
0.014309 6.86033e+07 981645 102589504
0.0182943 6.72331e+07 1.22998e+06 129151936
0.0234628 6.64619e+07 1.55938e+06 162591680
0.0297368 6.58005e+07 1.9567e+06 204690048
0.0376645 6.50632e+07 2.45057e+06 257689280
0.0478682 6.48738e+07 3.10539e+06 324410688
0.0605162 6.43882e+07 3.89653e+06 408408576
0.0767875 6.35077e+07 4.8766e+06 514155776
0.0968269 6.37717e+07 6.17482e+06 647283264
0.122066 6.34469e+07 7.7447e+06 814880512
0.154481 6.26692e+07 9.68119e+06 1025873216
0.194668 6.28812e+07 1.22409e+07 1291497536
0.243744 6.29142e+07 1.53349e+07 1625898304
