# filename: ./acpphint-HoneyComb-65536MiB-threads_16-LP64-FreeBSD_main_n262658_b347c2284603_64bit-g++_13_O3lto-libc++-cpulockdown-DSIZE_ul-ISIZE_ul-using_16_threads-cpus_kp1_0_15.txt
# acpphint_main version: 0.1.34

0.000337109 186883 63 7808
0.000345229 228834 79 9472
0.000341949 277819 95 11136
0.000336749 329622 111 12800
0.000341549 371835 127 14464
0.000336549 472442 159 17792
0.000342669 557389 191 21120
0.000339229 701591 238 26112
0.000331309 856200 283.667 31104
0.000342828 1.01588e+06 348.273 37760
0.000329749 1.30161e+06 429.204 46080
0.000340229 1.54101e+06 524.295 56064
0.000332229 1.96478e+06 652.757 69376
0.000336548 2.40902e+06 810.75 86016
0.000340988 3.0001e+06 1023 107648
0.000338588 3.77745e+06 1279 134272
0.000336229 4.73581e+06 1592.32 167552
0.000336949 5.91759e+06 1993.93 209152
0.000343668 7.27766e+06 2501.1 262400
0.000345948 9.08149e+06 3141.72 328960
0.000353429 1.11893e+07 3954.61 413824
0.000350949 1.41493e+07 4965.68 520320
0.000365547 1.71132e+07 6255.67 653440
0.000367708 2.13745e+07 7859.57 821504
0.000374267 2.63405e+07 9858.39 1032832
0.000390027 3.19343e+07 12455.3 1299072
0.000395547 3.95317e+07 15636.6 1633536
0.000403106 4.86878e+07 19626.3 2056192
0.000428466 5.79427e+07 24826.5 2587008
0.000451384 6.90649e+07 31174.8 3255936
0.000476023 8.21565e+07 39108.4 4097920
0.000512623 9.66148e+07 49527 5157888
0.000561141 1.1079e+08 62169 6492416
0.000656218 1.18837e+08 77982.7 8173056
0.000741855 1.3322e+08 98829.6 10288000
0.000825691 1.50189e+08 124010 12950400
0.000992925 1.56606e+08 155498 16301696
0.00157438 1.25261e+08 197209 20521600
0.00238955 1.03524e+08 247377 25834752
0.003356 9.24104e+07 310129 32522368
0.00453288 8.6825e+07 393567 40942208
0.00598831 8.24096e+07 493494 51541888
0.00783008 7.89942e+07 618531 64885504
0.0100928 7.77875e+07 785093 81685248
0.0129175 7.62122e+07 984470 102834688
0.0165 7.47639e+07 1.2336e+06 129460352
0.021056 7.43487e+07 1.56549e+06 162979968
0.0268773 7.30642e+07 1.96377e+06 205179008
0.03402 7.23108e+07 2.46001e+06 258303872
0.0429589 7.2653e+07 3.1211e+06 325183360
0.0543126 7.21078e+07 3.91636e+06 409380096
0.0687216 7.13654e+07 4.90434e+06 515378560
0.0867149 7.17337e+07 6.22038e+06 648821376
0.109446 7.13323e+07 7.80707e+06 816817152
0.138144 7.07385e+07 9.77207e+06 1028311552
0.174019 7.11912e+07 1.23886e+07 1294566528
0.219328 7.08944e+07 1.55492e+07 1629761024
0.276903 7.02396e+07 1.94495e+07 2051746432
0.349008 7.0596e+07 2.46386e+07 2582995072
0.438696 7.04677e+07 3.09139e+07 3251796608
0.552118 6.99577e+07 3.86249e+07 4093768960
0.69553 7.02542e+07 4.88639e+07 5153748608
0.875231 6.99752e+07 6.12444e+07 6488183424
1.10403 6.91725e+07 7.63686e+07 8168137856
