# filename: ./acpphint-HoneyComb-65536MiB-threads_16-LP64-FreeBSD_main_n262658_b347c2284603_64bit-clang++_16_O3lto-libc++-cpulockdown-DSIZE_ull-ISIZE_ull-using_4_threads.txt
# acpphint_main version: 0.1.34

9.0758e-05 165275 15 1952
9.2518e-05 205365 19 2368
9.0478e-05 254205 23 2784
9.0318e-05 298944 27 3200
9.3398e-05 331913 31 3616
9.2878e-05 419906 39 4448
9.6957e-05 484751 47 5280
8.8958e-05 660987 58.8001 6528
9.3118e-05 755320 70.3339 7776
8.6638e-05 997886 86.4548 9440
9.0438e-05 1.17919e+06 106.644 11520
8.8918e-05 1.4671e+06 130.451 14016
9.1558e-05 1.77534e+06 162.546 17344
9.3318e-05 2.16622e+06 202.147 21504
9.6718e-05 2.63653e+06 255 26912
9.6077e-05 3.32025e+06 319 33568
9.9398e-05 4.00063e+06 397.655 41888
9.4678e-05 5.25987e+06 497.994 52288
0.000100437 6.22338e+06 625.057 65600
9.7238e-05 8.07429e+06 785.128 82240
9.9398e-05 9.94526e+06 988.539 103456
0.000100717 1.23318e+07 1242.03 130080
0.000100677 1.55339e+07 1563.9 163360
0.000109917 1.78821e+07 1965.55 205376
0.000118037 2.09009e+07 2467.07 258208
0.000114357 2.72323e+07 3114.2 324768
0.000119797 3.26501e+07 3911.39 408384
0.000132956 3.69511e+07 4912.88 514048
0.000147716 4.20241e+07 6207.63 646752
0.000177554 4.39251e+07 7799.08 813984
0.000192794 5.07865e+07 9791.33 1024480
0.000213273 5.80652e+07 12383.7 1289472
0.000246593 6.30759e+07 15554.1 1623104
0.000284391 6.86602e+07 19526.4 2043264
0.000339189 7.28527e+07 24710.8 2572000
0.000412226 7.52681e+07 31027.5 3237600
0.000498063 7.81819e+07 38939.5 4075424
0.000619778 7.95569e+07 49307.6 5130400
0.000766893 8.07115e+07 61897.1 6458688
0.000939527 8.2669e+07 77669.8 8130592
0.00117448 8.37823e+07 98400.6 10235552
0.00150707 8.19378e+07 123486 12885472
0.00195493 7.92481e+07 154925 16221376
0.00257571 7.62158e+07 196309 20421312
0.00339168 7.2638e+07 246365 25708672
0.00445692 6.93379e+07 309034 32365088
0.00574627 6.8137e+07 391534 40744992
0.00735853 6.6796e+07 491521 51294752
0.00946902 6.50995e+07 616428 64575968
0.012047 6.48194e+07 780880 81295840
0.0155017 6.32563e+07 980581 102345024
0.0194248 6.3296e+07 1.22951e+06 128844640
0.0246871 6.30805e+07 1.55728e+06 162205344
0.0309036 6.32957e+07 1.95606e+06 204204288
0.0396042 6.19136e+07 2.45204e+06 257077888
0.0496761 6.2507e+07 3.10511e+06 323641632
0.0635774 6.13601e+07 3.90112e+06 407440256
0.0774722 6.31041e+07 4.88881e+06 512936608
0.0998072 6.20117e+07 6.18922e+06 645748768
0.123173 6.31377e+07 7.77683e+06 812949152
0.158296 6.15416e+07 9.7418e+06 1023442240
0.200676 6.14319e+07 1.23279e+07 1288437152
0.251268 6.16445e+07 1.54893e+07 1622045856
0.316701 6.12269e+07 1.93906e+07 2042034464
0.406716 6.02894e+07 2.45206e+07 2570768800
0.504482 6.1044e+07 3.07956e+07 3236405824
0.627065 6.14141e+07 3.85106e+07 4074393312
0.790086 6.15577e+07 4.86359e+07 5129356832
0.985641 6.19012e+07 6.10123e+07 6457477184
1.27429 5.97577e+07 7.61488e+07 8129481856
