# filename: ./acpphint-HoneyComb-65536MiB-threads_16-LP64-FreeBSD_main_n247756_348c41d1815d_64bit-g++_11_O3lto-libstdc++-cpulockdown-DSIZE_f-ISIZE_ui-using_8_threads.txt
# acpphint_main version: 0.1.24

0.000238231 130093 30.9922 2240
0.000243552 160055 38.9817 2656
0.000246551 190523 46.9737 3072
0.000241152 227875 54.9524 3488
0.000241752 260340 62.9377 3904
0.000238352 330931 78.878 4736
0.000243671 389222 94.8421 5568
0.000245511 481916 118.316 6816
0.000243631 579143 141.097 8064
0.000254031 681935 173.233 9728
0.000242551 880368 213.534 11808
0.000244392 1.06668e+06 260.688 14304
0.000247352 1.31152e+06 324.408 17632
0.000243551 1.65168e+06 402.269 21792
0.000243831 2.07635e+06 506.278 27200
0.000243232 2.59225e+06 630.518 33856
0.000246391 3.17268e+06 781.72 42176
0.000250111 3.89119e+06 973.23 52576
