# filename: ./acpphint-HoneyComb-65536MiB-threads_16-LP64-FreeBSD_main_n247756_348c41d1815d_64bit-clang++_12_O3lto-libc++-cpulockdown-DSIZE_ul-ISIZE_ul-using_1_threads-cpus_0.txt
# acpphint_main version: 0.1.24

8.025e-08 1.24611e+07 1 280
1.205e-07 1.65975e+07 2 384
1.605e-07 1.86916e+07 3 488
2.01e-07 1.99005e+07 4 592
2.41e-07 2.07469e+07 5 696
3.21e-07 1.86916e+07 6 800
3.21e-07 2.18069e+07 7 904
4.4e-07 2.04545e+07 9 1112
5.21e-07 2.11132e+07 11 1320
6.81e-07 2.0558e+07 14 1632
7.61e-07 2.2339e+07 17 1944
9.61e-07 2.18522e+07 21 2360
1.161e-06 2.23945e+07 26 2880
1.441e-06 2.22068e+07 32 3504
1.801e-06 2.22099e+07 40 4336
2.241e-06 2.23115e+07 50 5376
2.84e-06 2.21831e+07 63 6728
3.521e-06 2.24368e+07 79 8392
4.361e-06 2.27012e+07 99 10472
5.521e-06 2.24597e+07 124 13072
6.881e-06 2.26711e+07 156 16400
8.68e-06 2.25806e+07 196 20560
1.0921e-05 2.2617e+07 247 25864
1.3761e-05 2.26001e+07 311 32520
1.7361e-05 2.25217e+07 391 40840
2.228e-05 2.20826e+07 492 51344
2.8e-05 2.21071e+07 619 64552
3.5719e-05 2.18091e+07 779 81192
4.4879e-05 2.18365e+07 980 102096
5.6959e-05 2.16647e+07 1234 128512
7.2239e-05 2.14981e+07 1553 161688
9.1398e-05 2.139e+07 1955 203496
0.000115197 2.13634e+07 2461 256120
0.000144596 2.14252e+07 3098 322368
0.000182675 2.13494e+07 3900 405776
0.000229912 2.1356e+07 4909.99 510816
0.00029067 2.12646e+07 6180.99 643000
0.000366187 2.12487e+07 7780.99 809400
0.000461143 2.12407e+07 9794.98 1018856
0.000583419 2.11357e+07 12331 1282600
0.000740853 2.09541e+07 15523.9 1614672
0.000941965 2.0747e+07 19542.9 2032648
0.00120816 2.0364e+07 24602.9 2558888
0.00149586 2.07056e+07 30972.8 3221368
0.00190117 2.05093e+07 38991.6 4055344
0.00240891 2.03774e+07 49087.4 5105328
0.00302581 2.04233e+07 61797.1 6427168
0.00381014 2.04186e+07 77797.6 8091272
0.00480146 2.03981e+07 97940.8 10186248
0.00616925 1.99861e+07 123299 12823688
0.00773539 2.00667e+07 155223 16143992
0.010018 1.95061e+07 195412 20323960
0.012624 1.94871e+07 246006 25586256
0.0159846 1.93748e+07 309699 32211160
0.0201156 1.9382e+07 389880 40551336
0.025592 1.91786e+07 490818 51051072
0.0328344 1.88182e+07 617885 64269472
0.041609 1.86941e+07 777842 80910408
0.0519934 1.88331e+07 979199 101860064
0.0652741 1.88845e+07 1.23267e+06 128234152
0.0825535 1.87965e+07 1.55172e+06 161437192
0.105441 1.85252e+07 1.95331e+06 203237288
0.132116 1.86108e+07 2.45879e+06 255860560
0.165952 1.86498e+07 3.09497e+06 322109288
0.208582 1.86766e+07 3.89561e+06 405511464
0.262764 1.86598e+07 4.90313e+06 510508616
0.333327 1.85129e+07 6.17085e+06 642692200
0.415776 1.86777e+07 7.76575e+06 809101456
0.522018 1.87195e+07 9.77193e+06 1018598328
0.658303 1.86766e+07 1.22949e+07 1282339208
0.823071 1.87917e+07 1.54669e+07 1614369296
1.05048 1.85188e+07 1.94535e+07 2032370464
