# filename: ./acpphint-HoneyComb-65536MiB-threads_16-LP64-FreeBSD_main_n247756_348c41d1815d_64bit-g++_11_O3lto-libstdc++-DSIZE_ld-ISIZE_ul-using_4_threads-cpus_kx4_kx4p3n0_1_15.txt
# acpphint_main version: 0.1.24

0.000172114 87151.5 15 3360
0.000174394 108949 19 4128
0.000175234 131253 23 4896
0.000177434 152169 27 5664
0.000175114 177028 31 6432
0.000178194 218863 39 7968
0.000185794 252968 47 9504
0.000189193 310794 58.8001 11808
0.000193513 363458 70.3339 14112
0.000203073 425733 86.4548 17184
0.000204033 522679 106.644 21024
0.000215952 604076 130.451 25632
0.000225432 721043 162.546 31776
0.000237952 849529 202.147 39456
0.000258951 984742 255 49440
0.00028711 1.11107e+06 319 61728
0.000316389 1.25685e+06 397.655 77088
0.000353507 1.40872e+06 497.994 96288
0.000401985 1.55493e+06 625.057 120864
0.000460823 1.70375e+06 785.128 151584
0.000539019 1.83396e+06 988.539 190752
0.000635815 1.95344e+06 1242.03 239904
0.000752291 2.07886e+06 1563.9 301344
0.000903685 2.17504e+06 1965.55 378912
0.00109076 2.2618e+06 2467.08 476448
0.00133399 2.33451e+06 3114.21 599328
0.00163158 2.39731e+06 3911.39 753696
0.00200328 2.45242e+06 4912.88 948768
0.00248254 2.50052e+06 6207.64 1193760
0.003085 2.52807e+06 7799.09 1502496
0.00383529 2.55296e+06 9791.35 1891104
0.00479617 2.58201e+06 12383.8 2380320
0.00600404 2.59061e+06 15554.1 2996256
0.0075279 2.59388e+06 19526.4 3771936
0.00944715 2.61571e+06 24711 4748064
0.0118427 2.61998e+06 31027.7 5976864
0.0148254 2.62656e+06 38939.8 7523616
0.0186021 2.65068e+06 49308.1 9471264
0.0233893 2.64641e+06 61897.9 11923488
0.0292771 2.65296e+06 77671 15010080
0.0366857 2.68231e+06 98402.6 18896160
0.0460322 2.68267e+06 123489 23788320
0.0578383 2.67867e+06 154930 29946912
0.0725516 2.7059e+06 196318 37700640
0.0911491 2.70301e+06 246377 47461920
0.114773 2.69273e+06 309054 59750688
0.144134 2.71669e+06 391566 75221280
0.181182 2.71314e+06 491572 94697760
0.227871 2.70551e+06 616508 119216928
0.286465 2.72636e+06 781008 150084384
0.360381 2.72152e+06 980783 188944416
0.453535 2.71165e+06 1.22983e+06 237866784
0.569816 2.73384e+06 1.55779e+06 299455776
0.717272 2.72821e+06 1.95687e+06 376992288
0.902124 2.71947e+06 2.4533e+06 474605088
1.13757 2.73139e+06 3.10713e+06 597492000
