# filename: ./acpphint-HoneyComb-65536MiB-threads_16-LP64-FreeBSD_main_n247756_348c41d1815d_64bit-g++_11_O3lto-libstdc++-DSIZE_d-ISIZE_ull-using_8_threads-cpus_kx4_kx4p3n0_1_15.txt
# acpphint_main version: 0.1.24

0.000268671 115383 31 3904
0.000258271 151004 39 4736
0.000255271 184118 47 5568
0.000260591 211059 55 6400
0.00026847 234663 63 7232
0.00027451 287785 79 8896
0.00026171 362997 95 10560
0.00026563 446235 118.533 13056
0.00027567 513094 141.445 15552
0.000283549 612689 173.727 18880
0.00028827 742929 214.164 23040
0.00029279 893922 261.732 28032
0.000302069 1.07906e+06 325.949 34688
0.000312149 1.2975e+06 405.014 43008
0.000297589 1.71713e+06 511 53824
0.00026483 2.41287e+06 639 67136
0.000263031 3.02578e+06 795.874 83776
0.00028527 3.49367e+06 996.638 104576
0.000299229 4.17876e+06 1250.41 131200
0.000264071 5.94785e+06 1570.66 164480
0.00027223 7.26308e+06 1977.23 206912
0.000266791 9.30785e+06 2483.25 260160
0.00027019 1.15764e+07 3127.82 326720
0.000279989 1.4037e+07 3930.22 410752
0.00028587 1.72486e+07 4930.85 516416
0.000295709 2.10608e+07 6227.86 649536
0.000307349 2.54426e+07 7819.77 816768
0.000325268 3.01823e+07 9817.34 1028096
0.000342867 3.62059e+07 12413.8 1293504
0.000368667 4.22898e+07 15590.8 1627968
0.000396505 4.93399e+07 19563.5 2048960
0.000442543 5.59593e+07 24764.4 2578944
0.000491542 6.32535e+07 31091.8 3246208
0.000555019 7.02877e+07 39011 4086528
0.000634656 7.78618e+07 49415.5 5144000
0.000756211 8.20128e+07 62019 6475200
0.000910965 8.53914e+07 77788.6 8150848
0.0010758 9.16544e+07 98601.7 10260800
0.00126599 9.77209e+07 123714 12917376
0.00155982 9.94611e+07 155141 16261184
0.00197592 9.95808e+07 196764 20471104
0.00269009 9.17374e+07 246782 25770944
0.00364438 8.48977e+07 309399 32442752
0.00485817 8.07857e+07 392471 40842624
0.00638027 7.71508e+07 492243 51417344
0.00828995 7.44249e+07 616979 64730176
0.0107413 7.28456e+07 782456 81489984
0.0137864 7.1204e+07 981645 102589504
0.0178193 6.90253e+07 1.22998e+06 129151936
0.0225502 6.91514e+07 1.55938e+06 162591680
0.0288718 6.77718e+07 1.9567e+06 204690048
0.0365584 6.70319e+07 2.45057e+06 257689280
0.0462258 6.71788e+07 3.10539e+06 324410688
0.0584003 6.67211e+07 3.89653e+06 408408576
0.0735055 6.63434e+07 4.8766e+06 514155776
0.0929019 6.6466e+07 6.17482e+06 647283264
0.11737 6.59852e+07 7.7447e+06 814880512
0.148091 6.53733e+07 9.68119e+06 1025873216
0.188021 6.51042e+07 1.22409e+07 1291497536
0.234345 6.54375e+07 1.53349e+07 1625898304
