# filename: ./acpphint-HoneyComb-65536MiB-threads_16-LP64-FreeBSD_main_n247756_348c41d1815d_64bit-g++_11_O3lto-libc++-cpulockdown-DSIZE_ul-ISIZE_ul-using_2_threads-cpus_2_10.txt
# acpphint_main version: 0.1.24

6.1839e-05 113197 7 976
6.1518e-05 146299 9 1184
5.7999e-05 189658 11 1392
6.2359e-05 208470 13 1600
6.1358e-05 244467 15 1808
6.2958e-05 301788 19 2224
5.8638e-05 392237 23 2640
6.3118e-05 458402 28.9334 3264
6.1998e-05 560961 34.7785 3888
6.3759e-05 671569 42.8186 4720
5.9999e-05 881390 52.8825 5760
5.9918e-05 1.08171e+06 64.8139 7008
6.5998e-05 1.22498e+06 80.8465 8672
6.0479e-05 1.66528e+06 100.715 10752
6.8438e-05 1.85569e+06 127 13456
6.7958e-05 2.33968e+06 159 16784
6.4718e-05 3.06789e+06 198.548 20944
8.3038e-05 2.99463e+06 248.668 26144
8.4558e-05 3.69414e+06 312.369 32800
8.5797e-05 4.57322e+06 392.369 41120
8.4278e-05 5.86378e+06 494.187 51728
8.6478e-05 7.18543e+06 621.382 65040
7.7078e-05 1.0145e+07 781.955 81680
9.3478e-05 1.05179e+07 983.196 102688
0.000103877 1.18901e+07 1235.11 129104
0.000113796 1.36857e+07 1557.38 162384
0.000109597 1.78577e+07 1957.15 204192
0.000128116 1.92051e+07 2460.47 257024
0.000137436 2.25888e+07 3104.51 323376
0.000161435 2.41774e+07 3903.07 406992
0.000184954 2.65191e+07 4904.82 512240
0.000209633 2.9543e+07 6193.19 644736
0.000245712 3.16825e+07 7784.78 811552
0.000292429 3.34538e+07 9782.87 1021632
0.000348068 3.55032e+07 12357.5 1286000
0.000425624 3.64876e+07 15530 1618800
0.000517021 3.77381e+07 19511.4 2037712
0.000619497 3.98008e+07 24656.5 2565200
0.000771372 4.01648e+07 30982 3229344
0.000939805 4.14147e+07 38921.7 4065296
0.00116788 4.21297e+07 49202.3 5117776
0.00146435 4.22109e+07 61811.3 6442736
0.00183485 4.23155e+07 77642.6 8110688
0.00229855 4.27064e+07 98162.9 10210656
0.00290205 4.24948e+07 123322 12854336
0.00374158 4.13972e+07 154891 16182544
0.00477334 4.10219e+07 195811 20372496
0.00606757 4.05513e+07 246048 25647376
0.00775006 3.98697e+07 308992 32287984
0.0098587 3.96189e+07 390591 40647920
0.0129017 3.80486e+07 490894 51172512
0.0155143 3.97305e+07 616392 64422320
0.0198186 3.93115e+07 779097 81102672
0.0257436 3.80423e+07 979346 102102144
0.03278 3.75086e+07 1.22953e+06 128538944
0.0403205 3.8539e+07 1.55391e+06 161820816
0.0519188 3.76282e+07 1.95361e+06 203720128
0.0639645 3.83376e+07 2.45225e+06 256468304
0.0816254 3.7963e+07 3.09874e+06 322874384
0.100024 3.89532e+07 3.89624e+06 406474576
0.128682 3.79971e+07 4.88954e+06 511721120
0.159618 3.87e+07 6.17721e+06 644218576
0.203501 3.81675e+07 7.76712e+06 811022928
0.254907 3.82251e+07 9.74384e+06 1021017232
0.316313 3.89023e+07 1.23053e+07 1285384400
0.430679 3.59198e+07 1.54699e+07 1618202912
0.501197 3.86989e+07 1.93958e+07 2037196656
0.652916 3.74907e+07 2.44783e+07 2564678416
0.79835 3.85257e+07 3.0757e+07 3228738592
0.995484 3.86976e+07 3.85229e+07 4064740928
1.25598 3.86607e+07 4.85571e+07 5117205536
