# filename: ./acpphint-HoneyComb-65536MiB-threads_16-LP64-FreeBSD_main_n247756_348c41d1815d_64bit-g++_11_O3lto-libc++-DSIZE_ull-ISIZE_ull-using_4_threads-cpus_kx4_kx4p1_0_13.txt
# acpphint_main version: 0.1.24

0.000101557 147700 15 1952
9.6398e-05 197100 19 2368
9.9717e-05 230653 23 2784
0.000101757 265338 27 3200
0.000100557 308283 31 3616
9.8197e-05 397161 39 4448
9.8998e-05 474757 47 5280
9.9517e-05 590854 58.8001 6528
9.8917e-05 711039 70.3339 7776
0.000102117 846625 86.4548 9440
0.000109117 977333 106.644 11520
0.000101637 1.2835e+06 130.451 14016
0.000100277 1.62097e+06 162.546 17344
0.000100317 2.01508e+06 202.147 21504
0.000104317 2.44447e+06 255 26912
0.000103917 3.06976e+06 319 33568
0.000100637 3.95138e+06 397.655 41888
0.000107637 4.6266e+06 497.994 52288
0.000106597 5.86374e+06 625.057 65600
0.000105677 7.4295e+06 785.128 82240
0.000110997 8.906e+06 988.539 103456
0.000113756 1.09183e+07 1242.03 130080
0.000118196 1.32314e+07 1563.9 163360
0.000115516 1.70154e+07 1965.55 205376
0.000115996 2.12686e+07 2467.07 258208
0.000125676 2.47796e+07 3114.2 324768
0.000136235 2.87106e+07 3911.39 408384
0.000146076 3.36323e+07 4912.88 514048
0.000160915 3.85771e+07 6207.63 646752
0.000177594 4.39152e+07 7799.08 813984
0.000199833 4.89976e+07 9791.33 1024480
0.000240031 5.15923e+07 12383.7 1289472
0.000275351 5.64882e+07 15554.1 1623104
0.000323949 6.0276e+07 19526.4 2043264
0.000384946 6.4193e+07 24710.8 2572000
0.000468543 6.62212e+07 31027.5 3237600
0.00055474 7.01942e+07 38939.5 4075424
0.000697694 7.06723e+07 49307.6 5130400
0.000845968 7.31671e+07 61897.1 6458688
0.00106116 7.31933e+07 77669.8 8130592
0.00131663 7.47367e+07 98400.6 10235552
0.00160494 7.69411e+07 123486 12885472
0.00208468 7.43158e+07 154925 16221376
0.00280137 7.00762e+07 196309 20421312
0.00380553 6.47385e+07 246365 25708672
0.00496977 6.21827e+07 309034 32365088
0.00653491 5.99142e+07 391534 40744992
0.00844612 5.81949e+07 491521 51294752
0.0108876 5.66173e+07 616428 64575968
0.0138643 5.6323e+07 780880 81295840
0.0176658 5.55072e+07 980581 102345024
0.0224295 5.48168e+07 1.22951e+06 128844640
0.0283644 5.49027e+07 1.55728e+06 162205344
0.0360455 5.42666e+07 1.95606e+06 204204288
0.0454981 5.38932e+07 2.45204e+06 257077888
0.0577385 5.37788e+07 3.10511e+06 323641632
0.0727266 5.36408e+07 3.90112e+06 407440256
0.0913986 5.34889e+07 4.88881e+06 512936608
0.115807 5.34441e+07 6.18922e+06 645748768
0.145831 5.33278e+07 7.77683e+06 812949152
0.183466 5.30986e+07 9.7418e+06 1023442240
0.230865 5.33987e+07 1.23279e+07 1288437152
0.290825 5.32597e+07 1.54893e+07 1622045856
0.366776 5.28678e+07 1.93906e+07 2042034464
0.461499 5.31326e+07 2.45206e+07 2570768800
0.579976 5.3098e+07 3.07956e+07 3236405824
0.73582 5.23371e+07 3.85106e+07 4074393312
0.916313 5.30778e+07 4.86359e+07 5129356832
1.16226 5.24945e+07 6.10123e+07 6457477184
