# filename: ./acpphint-HoneyComb-65536MiB-threads_16-LP64-FreeBSD_main_n247756_348c41d1815d_64bit-clang++_12_O3-libc++-DSIZE_f-ISIZE_ui-using_8_threads-cpus_kx4p1_kx4p3_1_15.txt
# acpphint_main version: 0.1.24

0.000201394 153888 30.9922 2240
0.000202913 192110 38.9817 2656
0.000201754 232827 46.9737 3072
0.000199713 275157 54.9524 3488
0.000199874 314887 62.9377 3904
0.000218753 360580 78.878 4736
0.000214593 441963 94.8421 5568
0.000202433 584468 118.316 6816
0.000205833 685494 141.097 8064
0.000207993 832878 173.233 9728
0.000222832 958274 213.534 11808
0.000211473 1.23273e+06 260.688 14304
0.000201513 1.60986e+06 324.408 17632
0.000209313 1.92186e+06 402.269 21792
0.000213313 2.37341e+06 506.278 27200
0.000210273 2.99857e+06 630.518 33856
0.000216313 3.61384e+06 781.72 42176
0.000211553 4.60041e+06 973.23 52576
