# filename: ./acpphint-HoneyComb-65536MiB-threads_16-LP64-FreeBSD_main_n262658_b347c2284603_64bit-clang++_16_O3lto-libc++-DSIZE_ull-ISIZE_ull-using_1_threads.txt
# acpphint_main version: 0.1.34

8.36545e-08 1.19539e+07 1 280
1.20027e-07 1.66629e+07 2 384
1.57074e-07 1.90993e+07 3 488
1.92773e-07 2.07498e+07 4 592
2.31167e-07 2.16294e+07 5 696
2.65367e-07 2.26102e+07 6 800
3.03115e-07 2.30935e+07 7 904
3.74636e-07 2.40233e+07 9 1112
4.48889e-07 2.4505e+07 11 1320
5.65786e-07 2.47444e+07 14 1632
6.76667e-07 2.51232e+07 17 1944
8.242e-07 2.54793e+07 21 2360
1.00512e-06 2.58674e+07 26 2880
1.22017e-06 2.62259e+07 32 3504
1.52025e-06 2.63115e+07 40 4336
1.88025e-06 2.65922e+07 50 5376
2.3605e-06 2.66893e+07 63 6728
2.9405e-06 2.68662e+07 79 8392
3.68e-06 2.69022e+07 99 10472
4.601e-06 2.69507e+07 124 13072
5.761e-06 2.70786e+07 156 16400
7.241e-06 2.70681e+07 196 20560
9.081e-06 2.71996e+07 247 25864
1.1521e-05 2.69942e+07 311 32520
1.4521e-05 2.69265e+07 391 40840
1.8761e-05 2.62246e+07 492 51344
2.3921e-05 2.58768e+07 619 64552
3.02e-05 2.57947e+07 779 81192
3.8719e-05 2.53106e+07 980 102096
4.8599e-05 2.53915e+07 1234 128512
6.0839e-05 2.55264e+07 1553 161688
7.7479e-05 2.52326e+07 1955 203496
9.7758e-05 2.51744e+07 2461 256120
0.000123677 2.50491e+07 3098 322368
0.000156636 2.48985e+07 3900 405776
0.000197115 2.49093e+07 4909.99 510816
0.000248233 2.49e+07 6180.99 643000
0.000313191 2.48442e+07 7780.99 809400
0.000398108 2.46038e+07 9794.98 1018856
0.000501585 2.4584e+07 12331 1282600
0.000642461 2.41632e+07 15523.9 1614672
0.000805416 2.42644e+07 19542.9 2032648
0.00102397 2.4027e+07 24602.9 2558888
0.00128608 2.40831e+07 30972.8 3221368
0.00160803 2.42481e+07 38991.6 4055344
0.00205862 2.38449e+07 49087.4 5105328
0.00257708 2.39795e+07 61797.1 6427168
0.00331658 2.34572e+07 77797.6 8091272
0.00418435 2.34065e+07 97940.8 10186248
0.00547187 2.25333e+07 123299 12823688
0.00703962 2.205e+07 155223 16143992
0.00946342 2.06492e+07 195412 20323960
0.0118369 2.0783e+07 246006 25586256
0.0149198 2.07575e+07 309699 32211160
0.0193045 2.01963e+07 389880 40551336
0.025424 1.93053e+07 490818 51051072
0.0317264 1.94754e+07 617885 64269472
0.0406128 1.91526e+07 777842 80910408
0.0507693 1.92872e+07 979199 101860064
0.0630443 1.95524e+07 1.23267e+06 128234152
0.0811637 1.91184e+07 1.55172e+06 161437192
0.107031 1.82499e+07 1.95331e+06 203237288
0.129408 1.90002e+07 2.45879e+06 255860560
0.16241 1.90566e+07 3.09497e+06 322109288
0.205711 1.89373e+07 3.89561e+06 405511464
0.250744 1.95543e+07 4.90313e+06 510508616
0.315959 1.95305e+07 6.17085e+06 642692200
0.405888 1.91328e+07 7.76575e+06 809101456
0.52196 1.87216e+07 9.77193e+06 1018598328
0.651308 1.88772e+07 1.22949e+07 1282339208
0.811801 1.90525e+07 1.54669e+07 1614369296
1.00574 1.93425e+07 1.94535e+07 2032370464
