# filename: ./acpphint-HoneyComb-65536MiB-threads_16-LP64-FreeBSD_main_n247756_348c41d1815d_64bit-clang++_12_O3-libc++-DSIZE_ul-ISIZE_ul-using_4_threads-cpus_kx4s_0_12.txt
# acpphint_main version: 0.1.24

0.000104997 142861 15 1952
0.000102317 185697 19 2368
0.000100397 229091 23 2784
0.000104916 257349 27 3200
0.000103717 298890 31 3616
0.000104237 374147 39 4448
0.000105876 443916 47 5280
0.000105637 556624 58.8001 6528
0.000102757 684468 70.3339 7776
0.000103198 837757 86.4548 9440
0.000103397 1.0314e+06 106.644 11520
0.000101677 1.283e+06 130.451 14016
0.000105957 1.53408e+06 162.546 17344
0.000105557 1.91505e+06 202.147 21504
0.000107716 2.36734e+06 255 26912
0.000104957 3.03934e+06 319 33568
0.000113117 3.51543e+06 397.655 41888
0.000109037 4.5672e+06 497.994 52288
0.000109477 5.70949e+06 625.057 65600
0.000111557 7.03791e+06 785.128 82240
0.000115036 8.5933e+06 988.539 103456
0.000117796 1.05439e+07 1242.03 130080
0.000111077 1.40795e+07 1563.9 163360
0.000116116 1.69274e+07 1965.55 205376
0.000115636 2.13348e+07 2467.07 258208
0.000126316 2.46541e+07 3114.2 324768
0.000141916 2.75613e+07 3911.39 408384
0.000158115 3.10715e+07 4912.88 514048
0.000181154 3.42672e+07 6207.63 646752
0.000193154 4.03775e+07 7799.08 813984
0.000222033 4.40985e+07 9791.33 1024480
0.000251472 4.9245e+07 12383.7 1289472
0.000293349 5.30224e+07 15554.1 1623104
0.000337428 5.78682e+07 19526.4 2043264
0.000414185 5.96613e+07 24710.8 2572000
0.000498581 6.22316e+07 31027.5 3237600
0.000602537 6.4626e+07 38939.5 4075424
0.000744052 6.6269e+07 49307.6 5130400
0.000897726 6.89487e+07 61897.1 6458688
0.00111632 6.95767e+07 77669.8 8130592
0.00137335 7.16502e+07 98400.6 10235552
0.00172818 7.14544e+07 123486 12885472
0.00215608 7.18549e+07 154925 16221376
0.00275693 7.12057e+07 196309 20421312
0.0036055 6.83302e+07 246365 25708672
0.00459958 6.71873e+07 309034 32365088
0.00595637 6.57337e+07 391534 40744992
0.00760659 6.46178e+07 491521 51294752
0.00971994 6.34189e+07 616428 64575968
0.0124747 6.25972e+07 780880 81295840
0.0157768 6.21533e+07 980581 102345024
0.0200185 6.14186e+07 1.22951e+06 128844640
0.0253438 6.14462e+07 1.55728e+06 162205344
0.0318696 6.13772e+07 1.95606e+06 204204288
0.0399663 6.13527e+07 2.45204e+06 257077888
0.0507833 6.11443e+07 3.10511e+06 323641632
0.0640628 6.08952e+07 3.90112e+06 407440256
0.0806552 6.06137e+07 4.88881e+06 512936608
0.101684 6.0867e+07 6.18922e+06 645748768
0.126954 6.1257e+07 7.77683e+06 812949152
0.159625 6.10291e+07 9.7418e+06 1023442240
0.201455 6.11944e+07 1.23279e+07 1288437152
0.252472 6.13504e+07 1.54893e+07 1622045856
0.319019 6.0782e+07 1.93906e+07 2042034464
0.399459 6.13847e+07 2.45206e+07 2570768800
0.504103 6.10899e+07 3.07956e+07 3236405824
0.635015 6.06452e+07 3.85106e+07 4074393312
0.811121 5.99614e+07 4.86359e+07 5129356832
1.0047 6.07271e+07 6.10123e+07 6457477184
