# filename: ./acpphint-HoneyComb-65536MiB-threads_16-LP64-FreeBSD_main_n259950_5723e5ac6d76_64bit-g++_12_O3lto-libstdc++-DSIZE_ul-ISIZE_ul-using_9_threads.txt
# acpphint_main version: 0.1.30

0.000256991 136192 35 4392
0.000252552 174222 44 5328
0.000260431 203509 53 6264
0.000259751 238690 62 7200
0.000266471 266446 71 8136
0.000260512 341635 89 10008
0.00028303 378052 107 11880
0.000254471 524487 133.467 14688
0.000264991 600860 159.222 17496
0.00026823 729022 195.546 21240
0.00027611 873001 241.044 25920
0.000274191 1.07426e+06 294.552 31536
0.000261351 1.40348e+06 366.8 39024
0.000261112 1.74535e+06 455.731 48384
0.000265551 2.16531e+06 575 60552
0.000265991 2.7031e+06 719 75528
0.000271271 3.30087e+06 895.43 94248
0.000264111 4.24556e+06 1121.3 117648
0.000266831 5.27205e+06 1406.75 147600
0.00027743 6.36932e+06 1767.04 185040
0.000267431 8.31767e+06 2224.4 232776
0.000269591 1.03622e+07 2793.56 292680
0.00027947 1.2591e+07 3518.8 367560
0.000273271 1.61795e+07 4421.39 462096
0.000274551 2.02032e+07 5546.81 580968
0.00029171 2.40181e+07 7006.31 730728
0.00030571 2.87754e+07 8796.92 918864
0.000320388 3.44692e+07 11043.5 1156608
0.000336268 4.15309e+07 13965.5 1455192
0.000361068 4.85753e+07 17539 1831464
0.000393906 5.58684e+07 22006.9 2305080
0.000421385 6.61157e+07 27860.2 2901312
0.000469103 7.45617e+07 34977.1 3651984
0.000519822 8.44203e+07 43883.5 4597344
0.000586658 9.47638e+07 55593.9 5787000
0.000690375 1.01062e+08 69770.5 7284600
0.000806291 1.0853e+08 87506.5 9169704
0.000938006 1.18266e+08 110934 11543400
0.00108636 1.28118e+08 139182 14532048
0.00138819 1.25726e+08 174532 18293832
0.00208472 1.06197e+08 221392 23029992
0.00303065 9.16186e+07 277664 28992312
0.0041682 8.35149e+07 348107 36498096
0.00562671 7.84928e+07 441656 45947952
0.00740884 7.47674e+07 553940 57844512
0.00972195 7.14179e+07 694322 72821448
0.0124751 7.06015e+07 880759 91676232
0.0161382 6.84759e+07 1.10508e+06 115413192
0.0202191 6.84889e+07 1.38478e+06 145295928
0.0262732 6.68468e+07 1.75628e+06 182915640
0.0333795 6.60379e+07 2.20431e+06 230276304
0.042336 6.52273e+07 2.76146e+06 289900440
0.0524617 6.67433e+07 3.50147e+06 364962024
0.0661497 6.64541e+07 4.39592e+06 459459648
0.0855229 6.437e+07 5.50511e+06 578425248
0.108122 6.45393e+07 6.97813e+06 728193672
0.133568 6.5601e+07 8.76216e+06 916740576
0.17175 6.38595e+07 1.09679e+07 1154107368
0.216524 6.41769e+07 1.38958e+07 1452934728
0.266264 6.55279e+07 1.74477e+07 1829135592
0.34398 6.34456e+07 2.1824e+07 2302745040
0.432777 6.38375e+07 2.76274e+07 2898983592
0.54585 6.35221e+07 3.46736e+07 3649603176
0.671652 6.4494e+07 4.33176e+07 4594577544
0.866849 6.31661e+07 5.47555e+07 5784229800
1.09081 6.29203e+07 6.8634e+07 7281913104
