# filename: ./acpphint-HoneyComb-65536MiB-threads_16-LP64-FreeBSD_main_n247756_348c41d1815d_64bit-g++_11_O3lto-libc++-DSIZE_d-ISIZE_ull-using_4_threads-cpus_0_1_8_9.txt
# acpphint_main version: 0.1.24

9.8277e-05 152630 15 1952
0.000101277 187604 19 2368
9.7317e-05 236341 23 2784
9.8317e-05 274622 27 3200
9.9597e-05 311254 31 3616
9.5678e-05 407617 39 4448
0.000100877 465914 47 5280
0.000100118 587308 58.8001 6528
0.000106637 659563 70.3338 7776
0.000104997 823403 86.4548 9440
0.000105437 1.01144e+06 106.644 11520
0.000102037 1.27847e+06 130.451 14016
0.000110797 1.46706e+06 162.546 17344
0.000105876 1.90928e+06 202.147 21504
0.000100158 2.54598e+06 255 26912
0.000108677 2.9353e+06 319 33568
0.000107956 3.68349e+06 397.655 41888
0.000103877 4.79407e+06 497.994 52288
0.000109357 5.71575e+06 625.057 65600
0.000112556 6.97544e+06 785.127 82240
0.000114517 8.63224e+06 988.538 103456
0.000118917 1.04445e+07 1242.02 130080
0.000118717 1.31734e+07 1563.9 163360
0.000123756 1.58824e+07 1965.54 205376
0.000123636 1.99543e+07 2467.07 258208
0.000134036 2.3234e+07 3114.2 324768
0.000148835 2.628e+07 3911.38 408384
0.000174634 2.81323e+07 4912.86 514048
0.000187154 3.31684e+07 6207.61 646752
0.000220152 3.54257e+07 7799.04 813984
0.000243912 4.01426e+07 9791.26 1024480
0.000292029 4.24055e+07 12383.6 1289472
0.000341148 4.55928e+07 15553.9 1623104
0.000424145 4.60363e+07 19526.1 2043264
0.000502541 4.91709e+07 24710.4 2572000
0.000639936 4.84841e+07 31026.7 3237600
0.000832008 4.68005e+07 38938.4 4075424
0.00110624 4.45706e+07 49305.7 5130400
0.00144814 4.27403e+07 61894.1 6458688
0.00191017 4.06588e+07 77665.1 8130592
0.00268234 3.66819e+07 98393.2 10235552
0.00388125 3.18129e+07 123474 12885472
0.00552599 2.80323e+07 154906 16221376
0.00766578 2.56047e+07 196280 20421312
0.0103506 2.37975e+07 246318 25708672
0.0138497 2.23081e+07 308961 32365088
0.0182898 2.14008e+07 391417 40744992
0.0241294 2.03626e+07 491336 51294752
0.0316885 1.94436e+07 616138 64575968
0.0414357 1.88344e+07 780415 81295840
0.053897 1.818e+07 979847 102345024
0.0697215 1.76181e+07 1.22836e+06 128844640
0.0896142 1.7357e+07 1.55543e+06 162205344
0.11425 1.70953e+07 1.95315e+06 204204288
0.145505 1.68205e+07 2.44746e+06 257077888
0.184095 1.68269e+07 3.09776e+06 323641632
0.232666 1.67171e+07 3.88952e+06 407440256
0.293419 1.65996e+07 4.87062e+06 512936608
0.369936 1.66518e+07 6.16009e+06 645748768
0.466449 1.65738e+07 7.73084e+06 812949152
0.588149 1.6441e+07 9.66976e+06 1023442240
0.740718 1.64876e+07 1.22127e+07 1288437152
0.933714 1.63947e+07 1.53079e+07 1622045856
