# filename: ./acpphint-HoneyComb-65536MiB-threads_16-LP64-FreeBSD_main_n259950_5723e5ac6d76_64bit-g++_12_O3lto-libstdc++-DSIZE_ul-ISIZE_ul-using_2_threads.txt
# acpphint_main version: 0.1.30

0.000103637 67543.4 7 976
0.000104637 86011.6 9 1184
0.000103477 106304 11 1392
0.000100678 129125 13 1600
0.000102158 146831 15 1808
0.000101917 186426 19 2224
0.000102397 224616 23 2640
0.000103797 278750 28.9334 3264
0.000103557 335839 34.7785 3888
0.000100917 424295 42.8186 4720
0.000104757 504811 52.8825 5760
0.000104037 622989 64.8139 7008
0.000101517 796384 80.8465 8672
0.000103397 974058 100.715 10752
0.000105877 1.19951e+06 127 13456
0.000100398 1.5837e+06 159 16784
0.000107597 1.84529e+06 198.548 20944
0.000105757 2.35132e+06 248.668 26144
0.000108477 2.87959e+06 312.369 32800
0.000108316 3.62244e+06 392.369 41120
0.000112677 4.38588e+06 494.187 51728
0.000114636 5.42048e+06 621.382 65040
0.000117996 6.62696e+06 781.955 81680
0.000121796 8.07248e+06 983.196 102688
0.000128356 9.62256e+06 1235.11 129104
0.000135236 1.1516e+07 1557.38 162384
0.000142156 1.37676e+07 1957.15 204192
0.000153755 1.60026e+07 2460.47 257024
0.000165474 1.87613e+07 3104.51 323376
0.000185114 2.10847e+07 3903.07 406992
0.000204873 2.39408e+07 4904.82 512240
0.000233753 2.64946e+07 6193.19 644736
0.000266751 2.91837e+07 7784.78 811552
0.000316829 3.08775e+07 9782.87 1021632
0.000371107 3.32991e+07 12357.5 1286000
0.000449344 3.45615e+07 15530 1618800
0.000536741 3.63516e+07 19511.4 2037712
0.000655296 3.76265e+07 24656.5 2565200
0.000788771 3.92788e+07 30982 3229344
0.000984764 3.95239e+07 38921.7 4065296
0.00119228 4.12676e+07 49202.3 5117776
0.00148958 4.14957e+07 61811.3 6442736
0.00182633 4.25129e+07 77642.6 8110688
0.00232175 4.22796e+07 98162.9 10210656
0.00284933 4.3281e+07 123322 12854336
0.00359046 4.31395e+07 154891 16182544
0.00459491 4.26149e+07 195811 20372496
0.0058601 4.1987e+07 246048 25647376
0.00733224 4.21416e+07 308992 32287984
0.00939424 4.15777e+07 390591 40647920
0.0118683 4.13616e+07 490894 51172512
0.0151398 4.07133e+07 616392 64422320
0.0188045 4.14313e+07 779097 81102672
0.024192 4.04822e+07 979346 102102144
0.030309 4.05665e+07 1.22953e+06 128538944
0.0382191 4.0658e+07 1.55391e+06 161820816
0.0476315 4.10151e+07 1.95361e+06 203720128
0.0605863 4.04753e+07 2.45225e+06 256468304
0.0755499 4.10159e+07 3.09874e+06 322874384
0.0961225 4.05341e+07 3.89624e+06 406474576
0.119792 4.08169e+07 4.88954e+06 511721120
0.151642 4.07355e+07 6.17721e+06 644218576
0.191689 4.05194e+07 7.76712e+06 811022928
0.241453 4.0355e+07 9.74384e+06 1021017232
0.300263 4.09818e+07 1.23053e+07 1285384400
0.378501 4.08714e+07 1.54699e+07 1618202912
0.474306 4.0893e+07 1.93958e+07 2037196656
0.607012 4.03259e+07 2.44783e+07 2564678416
0.755755 4.06971e+07 3.0757e+07 3228738592
0.951083 4.05042e+07 3.85229e+07 4064740928
1.19466 4.06451e+07 4.85571e+07 5117205536
