# filename: ./acpphint-HoneyComb-65536MiB-threads_16-LP64-FreeBSD_main_n247756_348c41d1815d_64bit-g++_11_O3lto-libc++-DSIZE_d-ISIZE_ull-using_8_threads-cpus_kx4_kx4p3_0_15.txt
# acpphint_main version: 0.1.24

0.000242631 127766 31 3904
0.000227273 171600 39 4736
0.000237112 198219 47 5568
0.000227152 242129 55 6400
0.000224312 280859 63 7232
0.000221072 357350 79 8896
0.000220632 430581 95 10560
0.000219593 539787 118.533 13056
0.000217793 649446 141.445 15552
0.000218272 795922 173.727 18880
0.000221672 966131 214.164 23040
0.000229032 1.14277e+06 261.732 28032
0.000220513 1.47814e+06 325.949 34688
0.000218673 1.85215e+06 405.014 43008
0.000218832 2.33512e+06 511 53824
0.000217673 2.93559e+06 639 67136
0.000246551 3.22803e+06 795.874 83776
0.000226512 4.39994e+06 996.638 104576
0.000223473 5.59534e+06 1250.41 131200
0.000228392 6.87702e+06 1570.66 164480
0.000236072 8.37553e+06 1977.23 206912
0.000228952 1.08462e+07 2483.25 260160
0.000225512 1.38698e+07 3127.82 326720
0.000238312 1.64919e+07 3930.22 410752
0.000248751 1.98224e+07 4930.85 516416
0.000259791 2.39726e+07 6227.86 649536
0.000268631 2.91097e+07 7819.77 816768
0.00027111 3.62117e+07 9817.34 1028096
0.00028791 4.3117e+07 12413.8 1293504
0.000316509 4.92588e+07 15590.8 1627968
0.000342468 5.71251e+07 19563.5 2048960
0.000391786 6.3209e+07 24764.4 2578944
0.000427504 7.27286e+07 31091.8 3246208
0.000495542 7.87239e+07 39011 4086528
0.000597458 8.27095e+07 49415.5 5144000
0.000712973 8.69865e+07 62019 6475200
0.000859168 9.05394e+07 77788.6 8150848
0.00104744 9.41359e+07 98601.7 10260800
0.00130775 9.46005e+07 123714 12917376
0.00188057 8.2497e+07 155141 16261184
0.00288309 6.82477e+07 196764 20471104
0.00427639 5.7708e+07 246782 25770944
0.0061248 5.05158e+07 309399 32442752
0.00849687 4.619e+07 392471 40842624
0.0116042 4.24194e+07 492243 51417344
0.0156412 3.94458e+07 616979 64730176
0.0209388 3.73687e+07 782456 81489984
0.0278762 3.52144e+07 981645 102589504
0.0369548 3.32834e+07 1.22998e+06 129151936
0.0484062 3.22144e+07 1.55938e+06 162591680
0.0634442 3.08412e+07 1.9567e+06 204690048
0.0827074 2.96294e+07 2.45057e+06 257689280
0.106957 2.9034e+07 3.10539e+06 324410688
0.13731 2.83775e+07 3.89653e+06 408408576
0.175442 2.77961e+07 4.8766e+06 514155776
0.223942 2.75733e+07 6.17482e+06 647283264
0.284159 2.72548e+07 7.7447e+06 814880512
0.358963 2.69699e+07 9.68119e+06 1025873216
0.453732 2.69784e+07 1.22409e+07 1291497536
0.572294 2.67956e+07 1.53349e+07 1625898304
