# filename: ./acpphint-HoneyComb-65536MiB-threads_16-LP64-FreeBSD_main_n262658_b347c2284603_64bit-g++_13_O3lto-libstdc++-cpulockdown-DSIZE_ul-ISIZE_ul-using_1_threads-cpus_1.txt
# acpphint_main version: 0.1.34

8.37222e-08 1.19443e+07 1 280
1.23361e-07 1.62126e+07 2 384
1.58556e-07 1.89208e+07 3 488
1.98143e-07 2.01875e+07 4 592
2.35556e-07 2.12264e+07 5 696
2.74733e-07 2.18394e+07 6 800
3.07731e-07 2.27472e+07 7 904
3.8405e-07 2.34344e+07 9 1112
4.57889e-07 2.40233e+07 11 1320
5.715e-07 2.44969e+07 14 1632
6.86833e-07 2.47513e+07 17 1944
8.40125e-07 2.49963e+07 21 2360
1.03025e-06 2.52366e+07 26 2880
1.2535e-06 2.55285e+07 32 3504
1.56025e-06 2.56369e+07 40 4336
1.94e-06 2.57732e+07 50 5376
2.4205e-06 2.60277e+07 63 6728
3.02e-06 2.61589e+07 79 8392
3.7605e-06 2.63263e+07 99 10472
4.721e-06 2.62656e+07 124 13072
5.92e-06 2.63514e+07 156 16400
7.401e-06 2.64829e+07 196 20560
9.321e-06 2.64993e+07 247 25864
1.172e-05 2.65358e+07 311 32520
1.5321e-05 2.55205e+07 391 40840
1.92e-05 2.5625e+07 492 51344
2.408e-05 2.5706e+07 619 64552
3.132e-05 2.48723e+07 779 81192
3.9359e-05 2.4899e+07 980 102096
5.0919e-05 2.42346e+07 1234 128512
6.3838e-05 2.43272e+07 1553 161688
8.0638e-05 2.42441e+07 1955 203496
0.000101597 2.42231e+07 2461 256120
0.000126517 2.44868e+07 3098 322368
0.000163395 2.38685e+07 3900 405776
0.000201033 2.44238e+07 4909.99 510816
0.000258551 2.39063e+07 6180.99 643000
0.000326149 2.38572e+07 7780.99 809400
0.000410786 2.38445e+07 9794.98 1018856
0.000520422 2.36942e+07 12331 1282600
0.000665617 2.33226e+07 15523.9 1614672
0.00084245 2.31977e+07 19542.9 2032648
0.00105364 2.33503e+07 24602.9 2558888
0.00134039 2.31072e+07 30972.8 3221368
0.0016865 2.31199e+07 38991.6 4055344
0.00214968 2.28347e+07 49087.4 5105328
0.0027059 2.28379e+07 61797.1 6427168
0.003325 2.33978e+07 77797.6 8091272
0.00434304 2.25512e+07 97940.8 10186248
0.00548508 2.24791e+07 123299 12823688
0.00698947 2.22082e+07 155223 16143992
0.00925687 2.111e+07 195412 20323960
0.0113747 2.16275e+07 246006 25586256
0.0146108 2.11965e+07 309699 32211160
0.0188384 2.0696e+07 389880 40551336
0.0239541 2.04899e+07 490818 51051072
0.03164 1.95286e+07 617885 64269472
0.037892 2.05279e+07 777842 80910408
0.0468017 2.09223e+07 979199 101860064
0.0615678 2.00213e+07 1.23267e+06 128234152
0.0773667 2.00567e+07 1.55172e+06 161437192
0.101589 1.92277e+07 1.95331e+06 203237288
0.11842 2.07634e+07 2.45879e+06 255860560
0.155762 1.98699e+07 3.09497e+06 322109288
0.188361 2.06816e+07 3.89561e+06 405511464
0.24744 1.98154e+07 4.90313e+06 510508616
0.323711 1.90628e+07 6.17085e+06 642692200
0.382211 2.0318e+07 7.76575e+06 809101456
0.495072 1.97384e+07 9.77193e+06 1018598328
0.583223 2.10809e+07 1.22949e+07 1282339208
0.765559 2.02034e+07 1.54669e+07 1614369296
0.969077 2.00743e+07 1.94535e+07 2032370464
1.18209 2.06937e+07 2.44618e+07 2558602768
