# filename: ./acpphint-HoneyComb-65536MiB-threads_16-LP64-FreeBSD_main_n247756_348c41d1815d_64bit-clang++_12_O3lto-libc++-DSIZE_ull-ISIZE_ull-using_16_threads.txt
# acpphint_main version: 0.1.24

0.000440464 143031 63 7808
0.000443943 177951 79 9472
0.000458503 207196 95 11136
0.000434745 255322 111 12800
0.000435904 291349 127 14464
0.000424865 374237 159 17792
0.000449703 424725 191 21120
0.000462943 514102 238 26112
0.000447023 634569 283.667 31104
0.000451184 771909 348.273 37760
0.000455784 941684 429.204 46080
0.000446264 1.17485e+06 524.295 56064
0.000406306 1.60656e+06 652.757 69376
0.000430785 1.88203e+06 810.75 86016
0.000425785 2.40262e+06 1023 107648
0.000448423 2.85222e+06 1279 134272
0.000427784 3.72225e+06 1592.32 167552
0.000428624 4.65192e+06 1993.93 209152
0.000446503 5.60153e+06 2501.1 262400
0.000432784 7.25933e+06 3141.72 328960
0.000437784 9.03324e+06 3954.61 413824
0.000463023 1.07245e+07 4965.68 520320
0.000457743 1.36663e+07 6255.67 653440
0.000447663 1.75569e+07 7859.57 821504
0.000440544 2.23778e+07 9858.39 1032832
0.000490022 2.54178e+07 12455.3 1299072
0.000471743 3.31465e+07 15636.6 1633536
0.000498622 3.93611e+07 19626.3 2056192
0.000526821 4.71251e+07 24826.5 2587008
0.000570619 5.46333e+07 31174.8 3255936
0.000611538 6.39508e+07 39108.4 4097920
0.000663616 7.4632e+07 49527 5157888
0.000761252 8.16668e+07 62169 6492416
0.000877847 8.88341e+07 77982.7 8173056
0.000954484 1.03542e+08 98829.6 10288000
0.00104704 1.18438e+08 124010 12950400
0.00119751 1.2985e+08 155498 16301696
0.00178341 1.1058e+08 197209 20521600
0.00264434 9.35498e+07 247377 25834752
0.00367794 8.43215e+07 310129 32522368
0.00492333 7.99392e+07 393567 40942208
0.00649871 7.59373e+07 493494 51541888
0.00843955 7.32895e+07 618531 64885504
0.0109003 7.20252e+07 785093 81685248
0.0139375 7.06345e+07 984470 102834688
0.0178246 6.9208e+07 1.2336e+06 129460352
0.0226671 6.90642e+07 1.56549e+06 162979968
0.0287547 6.82939e+07 1.96377e+06 205179008
0.0364684 6.74559e+07 2.46001e+06 258303872
0.0461631 6.76102e+07 3.1211e+06 325183360
0.058368 6.70978e+07 3.91636e+06 409380096
0.0736689 6.65727e+07 4.90434e+06 515378560
0.0930365 6.68595e+07 6.22038e+06 648821376
0.117342 6.65325e+07 7.80707e+06 816817152
0.148067 6.59977e+07 9.77207e+06 1028311552
0.186605 6.63895e+07 1.23886e+07 1294566528
0.2353 6.60822e+07 1.55492e+07 1629761024
0.296416 6.56158e+07 1.94495e+07 2051746432
0.373408 6.59831e+07 2.46386e+07 2582995072
0.4704 6.57183e+07 3.09139e+07 3251796608
0.592405 6.52002e+07 3.86249e+07 4093768960
0.74598 6.55029e+07 4.88639e+07 5153748608
0.939411 6.51945e+07 6.12444e+07 6488183424
1.18311 6.45488e+07 7.63686e+07 8168137856
