# filename: ./acpphint-HoneyComb-65536MiB-threads_16-LP64-FreeBSD_main_n262658_b347c2284603_64bit-g++_13_O3lto-libstdc++-cpulockdown-DSIZE_ull-ISIZE_ull-using_12_threads.txt
# acpphint_main version: 0.1.34

0.000292351 160766 47 5856
0.00030903 190920 59 7104
0.000296111 239775 71 8352
0.00030419 272856 83 9600
0.00030827 308171 95 10848
0.00030871 385475 119 13344
0.00031399 455429 143 15840
0.000320629 555991 178.267 19584
0.00030219 703384 212.556 23328
0.000300791 867712 261 28320
0.00029823 1.07865e+06 321.684 34560
0.00030311 1.2966e+06 393.013 42048
0.000292751 1.67157e+06 489.353 52032
0.00028699 2.11813e+06 607.882 64512
0.00028979 2.64674e+06 767 80736
0.00029703 3.22863e+06 959 100704
0.00030187 3.95566e+06 1194.1 125664
0.000290751 5.14283e+06 1495.28 156864
0.00029891 6.27532e+06 1875.75 196800
0.00029739 7.92289e+06 2356.19 246720
0.00029787 9.9571e+06 2965.92 310368
0.00030779 1.21007e+07 3724.47 390240
0.00030035 1.56209e+07 4691.74 490080
0.000309509 1.9046e+07 5894.9 616128
0.000323309 2.28717e+07 7394.64 774624
0.00032039 2.91569e+07 9341.57 974304
0.00032891 3.56579e+07 11728.2 1225152
0.000339149 4.34083e+07 14721.9 1542144
0.000346109 5.37987e+07 18620.2 1940256
0.000366828 6.37436e+07 23382.9 2441952
0.000396747 7.39416e+07 29336.1 3073440
0.000421785 8.80685e+07 37146 3868416
0.000471144 9.89736e+07 46630.8 4869312
0.000537501 1.08832e+08 58497.5 6129792
0.000597939 1.23965e+08 74123.6 7716000
0.000679657 1.36857e+08 93016 9712800
0.000775613 1.50392e+08 116646 12226272
0.000988406 1.49645e+08 147910 15391200
0.00153571 1.20825e+08 185552 19376064
0.00228164 1.01964e+08 232646 24391776
0.00319257 9.24594e+07 295183 30706656
0.00432013 8.56839e+07 370165 38656416
0.00567484 8.17658e+07 464007 48664128
0.00739922 7.95828e+07 588850 61263936
0.00955946 7.72495e+07 738463 77126016
0.0122577 7.55001e+07 925460 97095264
0.0156973 7.48054e+07 1.17424e+06 122234976
0.0199142 7.3974e+07 1.47313e+06 153884256
0.0252905 7.29784e+07 1.84566e+06 193727904
0.0321425 7.28415e+07 2.34131e+06 243887520
0.0406119 7.23487e+07 2.93822e+06 307035072
0.0514184 7.15717e+07 3.6801e+06 386533920
0.0648305 7.19898e+07 4.66714e+06 486616032
0.0819758 7.14663e+07 5.85851e+06 612612864
0.103412 7.09286e+07 7.33485e+06 771233664
0.130451 7.12805e+07 9.29859e+06 970924896
0.164445 7.09871e+07 1.16735e+07 1222320768
0.207312 7.0459e+07 1.4607e+07 1538809824
0.261131 7.08704e+07 1.85065e+07 1937246304
0.329086 7.05874e+07 2.32293e+07 2438847456
0.414393 7.00799e+07 2.90406e+07 3070326720
0.522508 7.03429e+07 3.67547e+07 3865311456
0.657475 7.01195e+07 4.61018e+07 4866137568
0.828184 6.9484e+07 5.75455e+07 6126103392
1.04296 6.96977e+07 7.26917e+07 7712306400
