# filename: ./acpphint-HoneyComb-65536MiB-threads_16-LP64-FreeBSD_main_n247756_348c41d1815d_64bit-clang++_12_O3-libc++-DSIZE_f-ISIZE_s-using_1_threads.txt
# acpphint_main version: 0.1.24

1.005e-07 1.01069e+07 1.01575 168
1.605e-07 1.25712e+07 2.01768 216
2.01e-07 1.50821e+07 3.0315 264
2.81e-07 1.43222e+07 4.02453 312
3.21e-07 1.56865e+07 5.03536 360
3.61e-07 1.6754e+07 6.04818 408
4.41e-07 1.60159e+07 7.06299 456
5.21e-07 1.73687e+07 9.04907 552
6.41e-07 1.7271e+07 11.0707 648
8.41e-07 1.66852e+07 14.0322 792
1.001e-06 1.69503e+07 16.9673 936
1.241e-06 1.68824e+07 20.9511 1128
1.521e-06 1.69973e+07 25.8528 1368
1.841e-06 1.7189e+07 31.645 1656
2.281e-06 1.7249e+07 39.3451 2040
2.881e-06 1.708e+07 49.2074 2520
3.601e-06 1.73407e+07 62.4439 3144
4.521e-06 1.70805e+07 77.221 3912
5.641e-06 1.69167e+07 95.427 4872
7.041e-06 1.6738e+07 117.853 6072
