# filename: ./acpphint-HoneyComb-65536MiB-threads_16-LP64-FreeBSD_main_n247756_348c41d1815d_64bit-clang++_12_O3lto-libc++-DSIZE_d-ISIZE_ui-using_4_threads-cpus_kp2_2_5.txt
# acpphint_main version: 0.1.24

0.000113437 132232 15 1824
0.000112437 168978 18.9994 2208
0.000111117 206979 22.9989 2592
0.000114077 236672 26.9989 2976
0.000107717 287778 30.9985 3360
0.000108957 357922 38.9981 4128
0.000112677 417102 46.9978 4896
0.000111516 527241 58.7958 6048
0.000112837 623258 70.3266 7200
0.000111796 773245 86.4457 8736
0.000114476 931485 106.633 10656
0.000118356 1.10204e+06 130.433 12960
0.000113636 1.43012e+06 162.513 16032
0.000116476 1.73513e+06 202.101 19872
0.000114357 2.22918e+06 254.922 24864
0.000118276 2.6961e+06 318.884 31008
0.000113797 3.49276e+06 397.465 38688
0.000119116 4.17826e+06 497.697 48288
0.000118477 5.27188e+06 624.596 60576
0.000123396 6.35708e+06 784.438 75936
0.000121236 8.14314e+06 987.242 95520
0.000124996 9.91961e+06 1239.91 120096
0.000120636 1.29361e+07 1560.55 150816
0.000128836 1.52145e+07 1960.17 189600
0.000139195 1.76638e+07 2458.71 238368
0.000146196 2.12085e+07 3100.6 299808
0.000167434 2.32291e+07 3889.33 376992
0.000185474 2.63009e+07 4878.14 474528
0.000209873 2.93136e+07 6152.14 597024
0.000238392 3.23492e+07 7711.8 751392
0.00027555 3.50309e+07 9652.77 945696
0.000317869 3.82666e+07 12163.8 1190304
0.000394546 3.85467e+07 15208.4 1498272
