# filename: ./acpphint-HoneyComb-65536MiB-threads_16-LP64-FreeBSD_main_n247756_348c41d1815d_64bit-g++_11_O3lto-libc++-DSIZE_ld-ISIZE_ull-using_4_threads-cpus_kx2s_0_14.txt
# acpphint_main version: 0.1.24

0.000104117 144069 15 3360
0.000109677 173236 19 4128
0.000109036 210940 23 4896
0.000114797 235198 27 5664
0.000115557 268266 31 6432
0.000115517 337613 39 7968
0.000115757 406023 47 9504
0.000113757 516892 58.8001 11808
0.000113717 618499 70.3339 14112
0.000122276 707047 86.4548 17184
0.000129716 822132 106.644 21024
0.000138236 943686 130.451 25632
0.000146916 1.10639e+06 162.546 31776
0.000160595 1.25874e+06 202.147 39456
0.000179234 1.42272e+06 255 49440
0.000198914 1.60371e+06 319 61728
0.000229832 1.7302e+06 397.655 77088
0.000265751 1.87391e+06 497.994 96288
0.000307549 2.03238e+06 625.057 120864
0.000366747 2.14079e+06 785.128 151584
0.000437784 2.25805e+06 988.539 190752
0.000520581 2.38585e+06 1242.03 239904
0.000635177 2.46216e+06 1563.9 301344
0.000773891 2.53982e+06 1965.55 378912
0.000951124 2.59385e+06 2467.08 476448
0.0011704 2.66081e+06 3114.21 599328
0.00144779 2.70164e+06 3911.39 753696
0.00179953 2.73009e+06 4912.88 948768
0.00224179 2.76905e+06 6207.64 1193760
0.00279773 2.78765e+06 7799.09 1502496
0.00350027 2.79732e+06 9791.35 1891104
0.00437851 2.82831e+06 12383.8 2380320
0.00549031 2.83302e+06 15554.1 2996256
0.00690042 2.82975e+06 19526.4 3771936
0.00866667 2.85126e+06 24711 4748064
0.0108899 2.84922e+06 31027.7 5976864
0.0136434 2.85413e+06 38939.8 7523616
0.017125 2.87931e+06 49308.1 9471264
0.0215635 2.8705e+06 61897.9 11923488
0.0270282 2.8737e+06 77671 15010080
0.03388 2.90444e+06 98402.6 18896160
0.0426222 2.89729e+06 123489 23788320
0.0535236 2.8946e+06 154930 29946912
0.0671995 2.92141e+06 196318 37700640
0.0844996 2.91572e+06 246377 47461920
0.106226 2.90939e+06 309054 59750688
0.133458 2.93401e+06 391566 75221280
0.168016 2.92574e+06 491572 94697760
0.211366 2.91679e+06 616508 119216928
0.265861 2.93766e+06 781008 150084384
0.334204 2.93468e+06 980783 188944416
0.420411 2.9253e+06 1.22983e+06 237866784
0.529783 2.94042e+06 1.55779e+06 299455776
0.666435 2.93632e+06 1.95687e+06 376992288
0.839508 2.92231e+06 2.4533e+06 474605088
1.05513 2.94479e+06 3.10713e+06 597492000
