# filename: ./acpphint-HoneyComb-65536MiB-threads_16-LP64-FreeBSD_main_n247756_348c41d1815d_64bit-g++_11_O3lto-libc++-DSIZE_ul-ISIZE_ul-using_2_threads-cpus_0_8.txt
# acpphint_main version: 0.1.24

5.4479e-05 128490 7 976
5.5959e-05 160832 9 1184
5.4319e-05 202507 11 1392
5.6839e-05 228716 13 1600
5.4279e-05 276350 15 1808
5.2439e-05 362326 19 2224
5.4559e-05 421562 23 2640
5.4439e-05 531483 28.9334 3264
5.3199e-05 653743 34.7785 3888
5.5038e-05 777982 42.8186 4720
5.4039e-05 978599 52.8825 5760
5.5679e-05 1.16406e+06 64.8139 7008
5.3919e-05 1.49941e+06 80.8465 8672
5.6519e-05 1.78196e+06 100.715 10752
6.1038e-05 2.08067e+06 127 13456
6.2838e-05 2.53032e+06 159 16784
5.6798e-05 3.49568e+06 198.548 20944
6.7438e-05 3.68736e+06 248.668 26144
6.2079e-05 5.0318e+06 312.369 32800
6.2238e-05 6.30433e+06 392.369 41120
6.6399e-05 7.44269e+06 494.187 51728
6.6358e-05 9.36408e+06 621.382 65040
7.2878e-05 1.07296e+07 781.955 81680
7.3518e-05 1.33735e+07 983.196 102688
7.8718e-05 1.56903e+07 1235.11 129104
8.2758e-05 1.88185e+07 1557.38 162384
9.5157e-05 2.05676e+07 1957.15 204192
0.000107637 2.2859e+07 2460.47 257024
0.000118116 2.62836e+07 3104.51 323376
0.000138116 2.82594e+07 3903.07 406992
0.000160355 3.05872e+07 4904.82 512240
0.000193794 3.19576e+07 6193.19 644736
0.000226313 3.43983e+07 7784.78 811552
0.00027287 3.58518e+07 9782.87 1021632
0.000334828 3.69071e+07 12357.5 1286000
0.000411226 3.77651e+07 15530 1618800
0.000503982 3.87144e+07 19511.4 2037712
0.000625777 3.94014e+07 24656.5 2565200
0.000771572 4.01544e+07 30982 3229344
0.000960084 4.05399e+07 38921.7 4065296
0.00119839 4.10568e+07 49202.3 5117776
0.0014851 4.16208e+07 61811.3 6442736
0.00186453 4.16419e+07 77642.6 8110688
0.00233943 4.19601e+07 98162.9 10210656
0.00295157 4.17819e+07 123322 12854336
0.00376174 4.11753e+07 154891 16182544
0.00474934 4.12292e+07 195811 20372496
0.0061834 3.97917e+07 246048 25647376
0.0077399 3.9922e+07 308992 32287984
0.00970499 4.02464e+07 390591 40647920
0.0123665 3.96953e+07 490894 51172512
0.0156793 3.93125e+07 616392 64422320
0.0197144 3.95192e+07 779097 81102672
0.0252452 3.87933e+07 979346 102102144
0.0317336 3.87455e+07 1.22953e+06 128538944
0.0401209 3.87307e+07 1.55391e+06 161820816
0.0510872 3.82408e+07 1.95361e+06 203720128
0.0635609 3.8581e+07 2.45225e+06 256468304
0.0797253 3.88677e+07 3.09874e+06 322874384
0.0990099 3.9352e+07 3.89624e+06 406474576
0.126036 3.87949e+07 4.88954e+06 511721120
0.159169 3.88092e+07 6.17721e+06 644218576
0.200581 3.87231e+07 7.76712e+06 811022928
0.251918 3.86786e+07 9.74384e+06 1021017232
0.323908 3.79902e+07 1.23053e+07 1285384400
0.395297 3.91349e+07 1.54699e+07 1618202912
0.504904 3.84148e+07 1.93958e+07 2037196656
0.627736 3.89946e+07 2.44783e+07 2564678416
0.816233 3.76817e+07 3.0757e+07 3228738592
0.998388 3.85851e+07 3.85229e+07 4064740928
1.26115 3.85022e+07 4.85571e+07 5117205536
