# filename: ./acpphint-HoneyComb-65536MiB-threads_16-LP64-FreeBSD_main_n259950_5723e5ac6d76_64bit-g++_12_O3lto-libc++-cpulockdown-DSIZE_ull-ISIZE_ull-using_10_threads.txt
# acpphint_main version: 0.1.30

0.000238152 163761 39 4880
0.000232913 210379 49 5920
0.000241152 244659 59 6960
0.000226593 304511 69 8000
0.000245872 321305 79 9040
0.000233912 423236 99 11120
0.000230552 516153 119 13200
0.000234432 633019 148.4 16320
0.000245231 721769 177 19440
0.000234792 925772 217.364 23600
0.000231592 1.15688e+06 267.924 28800
0.000228473 1.43287e+06 327.372 35040
0.000246872 1.65126e+06 407.651 43360
0.000250471 2.02198e+06 506.448 53760
0.000254392 2.51187e+06 639 67280
0.000251672 3.17477e+06 799 83920
0.000247512 4.01995e+06 994.985 104720
0.000257872 4.8317e+06 1245.96 130720
0.000252392 6.19307e+06 1563.08 164000
0.000257871 7.61398e+06 1963.42 205600
0.000258671 9.5549e+06 2471.58 258640
0.000267631 1.15976e+07 3103.86 325200
0.000272111 1.43683e+07 3909.78 408400
0.000275351 1.78411e+07 4912.56 513440
0.000276111 2.23198e+07 6162.75 645520
0.00028523 2.72928e+07 7784.73 811920
0.00029191 3.3483e+07 9774.03 1020960
0.00030291 4.05059e+07 12269.7 1285120
0.00030187 5.14032e+07 15517.1 1616880
0.000322549 6.04156e+07 19487 2034960
0.000354828 6.89066e+07 24450 2561200
0.000385106 8.03816e+07 30955.4 3223680
0.000430505 9.027e+07 38861.7 4057760
0.000497263 9.80465e+07 48754.9 5108160
0.0005729 1.07821e+08 61770.5 6430000
0.000647217 1.19773e+08 77519 8094000
0.000736254 1.32046e+08 97219.7 10188560
0.000877968 1.40392e+08 123260 12826000
0.00123259 1.25458e+08 154639 16146720
0.00186721 1.03846e+08 193903 20326480
0.00269866 9.11522e+07 245989 25588880
0.00370686 8.32234e+07 308498 32213680
0.0049721 7.77824e+07 386741 40553440
0.0064692 7.58551e+07 490722 51053280
0.00838613 7.3389e+07 615449 64271680
0.010827 7.12451e+07 771371 80912720
0.0138494 7.06592e+07 978591 101862480
0.017665 6.95029e+07 1.22777e+06 128236880
0.0224636 6.84852e+07 1.53842e+06 161439920
0.0285433 6.83631e+07 1.95131e+06 203239600
0.0361425 6.77589e+07 2.44897e+06 255862560
0.0458142 6.69601e+07 3.06772e+06 322111600
0.0578781 6.72119e+07 3.8901e+06 405513360
0.0731399 6.67701e+07 4.88356e+06 510510720
0.0921926 6.63307e+07 6.11519e+06 642694720
0.116424 6.65835e+07 7.7519e+06 809104080
0.146664 6.6363e+07 9.73305e+06 1018600640
0.185134 6.57987e+07 1.21816e+07 1282341520
0.233115 6.62068e+07 1.54338e+07 1614371920
0.293711 6.59717e+07 1.93767e+07 2032372880
0.370056 6.54826e+07 2.42323e+07 2558605600
0.465585 6.58832e+07 3.06742e+07 3221092880
0.586197 6.56602e+07 3.84898e+07 4055114640
0.739142 6.5036e+07 4.80708e+07 5105086160
0.932347 6.51593e+07 6.07511e+07 6426922000
1.17174 6.49643e+07 7.61213e+07 8091014560
