# filename: ./acpphint-HoneyComb-65536MiB-threads_16-LP64-FreeBSD_main_n247756_348c41d1815d_64bit-clang++_12_O3-libc++-DSIZE_ld-ISIZE_ull-using_4_threads-cpus_2_3_8_9.txt
# acpphint_main version: 0.1.24

0.000105797 141781 15 3360
0.000101557 187087 19 4128
0.000106037 216905 23 4896
0.000104956 257251 27 5664
0.000112357 275906 31 6432
0.000109476 356242 39 7968
0.000104277 450723 47 9504
0.000114516 513466 58.8001 11808
0.000112997 622440 70.3339 14112
0.000119876 721202 86.4548 17184
0.000130396 817845 106.644 21024
0.000143436 909475 130.451 25632
0.000157115 1.03457e+06 162.546 31776
0.000178754 1.13087e+06 202.147 39456
0.000200913 1.26921e+06 255 49440
0.000219912 1.45058e+06 319 61728
0.000256791 1.54855e+06 397.655 77088
0.00029607 1.68201e+06 497.994 96288
0.000349467 1.7886e+06 625.057 120864
0.000418545 1.87585e+06 785.128 151584
0.000500622 1.97462e+06 988.539 190752
0.000601018 2.06654e+06 1242.03 239904
0.000734773 2.12842e+06 1563.9 301344
0.000897447 2.19015e+06 1965.55 378912
0.00111352 2.21557e+06 2467.08 476448
0.00137207 2.26972e+06 3114.21 599328
0.00170213 2.29793e+06 3911.39 753696
0.00212236 2.31482e+06 4912.88 948768
0.00265434 2.33868e+06 6207.64 1193760
0.00331175 2.35497e+06 7799.09 1502496
0.00415344 2.35741e+06 9791.35 1891104
0.00520376 2.37977e+06 12383.8 2380320
0.00652135 2.38511e+06 15554.1 2996256
0.00818937 2.38436e+06 19526.4 3771936
0.0102899 2.40148e+06 24711 4748064
0.0129182 2.40186e+06 31027.7 5976864
0.0162368 2.39825e+06 38939.8 7523616
0.0204183 2.4149e+06 49308.1 9471264
0.0257199 2.40661e+06 61897.9 11923488
0.032271 2.40684e+06 77671 15010080
0.0406674 2.4197e+06 98402.6 18896160
0.0510319 2.41984e+06 123489 23788320
0.06431 2.40911e+06 154930 29946912
0.0809977 2.42374e+06 196318 37700640
0.101628 2.42429e+06 246377 47461920
0.128377 2.4074e+06 309054 59750688
0.161135 2.43005e+06 391566 75221280
0.202873 2.42305e+06 491572 94697760
0.256034 2.40791e+06 616508 119216928
0.322975 2.41817e+06 781008 150084384
0.404975 2.42184e+06 980783 188944416
0.509361 2.41445e+06 1.22983e+06 237866784
0.641254 2.42928e+06 1.55779e+06 299455776
0.805735 2.42868e+06 1.95687e+06 376992288
1.01751 2.41108e+06 2.4533e+06 474605088
