# filename: ./acpphint-HoneyComb-65536MiB-threads_16-LP64-FreeBSD_main_n262658_b347c2284603_64bit-g++_13_O3lto-libstdc++-cpulockdown-DSIZE_ul-ISIZE_ul-using_9_threads.txt
# acpphint_main version: 0.1.34

0.000241713 144800 35 4392
0.000238392 184570 44 5328
0.000231672 228772 53 6264
0.000237992 260513 62 7200
0.000237832 298530 71 8136
0.000235593 377770 89 10008
0.000244072 438395 107 11880
0.000235073 567767 133.467 14688
0.000235552 675955 159.222 17496
0.000239672 815888 195.546 21240
0.000243392 990354 241.044 25920
0.000239913 1.22774e+06 294.552 31536
0.000246512 1.48796e+06 366.8 39024
0.000244752 1.86201e+06 455.731 48384
0.000240153 2.39431e+06 575 60552
0.000239152 3.00646e+06 719 75528
0.000240712 3.71992e+06 895.43 94248
0.000239192 4.68787e+06 1121.3 117648
0.000247393 5.68628e+06 1406.75 147600
0.000247192 7.14845e+06 1767.04 185040
0.000249552 8.91359e+06 2224.4 232776
0.000249592 1.11925e+07 2793.56 292680
0.000254192 1.38431e+07 3518.8 367560
0.000253152 1.74654e+07 4421.39 462096
0.000268071 2.06916e+07 5546.81 580968
0.000274752 2.55005e+07 7006.31 730728
0.000275752 3.19016e+07 8796.92 918864
0.00028487 3.87669e+07 11043.5 1156608
0.00029927 4.66652e+07 13965.5 1455192
0.00031519 5.56458e+07 17539 1831464
0.000335989 6.54988e+07 22006.9 2305080
0.000376187 7.40593e+07 27860.2 2901312
0.000416546 8.39693e+07 34977.1 3651984
0.000467104 9.39481e+07 43883.5 4597344
0.000533062 1.04292e+08 55593.9 5787000
0.000611539 1.1409e+08 69770.5 7284600
0.000694136 1.26065e+08 87506.5 9169704
0.000827212 1.34106e+08 110934 11543400
0.00102404 1.35915e+08 139182 14532048
0.00146931 1.18785e+08 174532 18293832
0.00215748 1.02616e+08 221392 23029992
0.00304689 9.11302e+07 277664 28992312
0.00409469 8.50142e+07 348107 36498096
0.00541741 8.15253e+07 441656 45947952
0.00706303 7.84281e+07 553940 57844512
0.00912163 7.61182e+07 694322 72821448
0.01171 7.52142e+07 880759 91676232
0.0149224 7.40552e+07 1.10508e+06 115413192
0.019021 7.28031e+07 1.38478e+06 145295928
0.0241204 7.28132e+07 1.75628e+06 182915640
0.0306009 7.20341e+07 2.20431e+06 230276304
0.038766 7.12342e+07 2.76146e+06 289900440
0.0490232 7.14247e+07 3.50147e+06 364962024
0.0619677 7.0939e+07 4.39592e+06 459459648
0.078187 7.04095e+07 5.50511e+06 578425248
0.0986617 7.07279e+07 6.97813e+06 728193672
0.124335 7.0472e+07 8.76216e+06 916740576
0.156766 6.99633e+07 1.09679e+07 1154107368
0.197638 7.03095e+07 1.38958e+07 1452934728
0.249016 7.00666e+07 1.74477e+07 1829135592
0.313753 6.9558e+07 2.1824e+07 2302745040
0.395249 6.98987e+07 2.76274e+07 2898983592
0.497543 6.96895e+07 3.46736e+07 3649603176
0.627034 6.90833e+07 4.33176e+07 4594577544
0.789371 6.9366e+07 5.47555e+07 5784229800
0.993976 6.905e+07 6.8634e+07 7281913104
1.25113 6.83834e+07 8.55564e+07 9167384952
