# filename: ./acpphint-HoneyComb-65536MiB-threads_16-LP64-FreeBSD_main_n247756_348c41d1815d_64bit-g++_11_O3lto-libc++-DSIZE_ui-ISIZE_ui-using_4_threads-cpus_kx2s_0_14.txt
# acpphint_main version: 0.1.24

0.000105596 142018 14.9966 1120
0.000105156 180631 18.9944 1328
0.000104597 219814 22.9919 1536
0.000103677 260317 26.9889 1744
0.000104557 296349 30.9854 1952
0.000107037 364141 38.9766 2368
0.000107236 437970 46.9661 2784
0.000104756 560807 58.7479 3408
0.000105317 667102 70.2572 4032
0.000107357 804245 86.3413 4864
0.000105396 1.01019e+06 106.47 5904
0.000106397 1.22363e+06 130.191 7152
0.000104518 1.55135e+06 162.144 8816
0.000106437 1.89338e+06 201.526 10896
0.000102597 2.47582e+06 254.012 13600
0.000105877 2.99832e+06 317.453 16928
0.000105917 3.73178e+06 395.259 21088
0.000103837 4.75983e+06 494.246 26288
0.000108837 5.68878e+06 619.15 32944
0.000109836 7.0637e+06 775.849 41264
0.000110077 8.84701e+06 973.853 51872
0.000108636 1.12201e+07 1218.91 65184
0.000115037 1.3278e+07 1527.47 81824
0.000118477 1.61076e+07 1908.38 102832
0.000115117 2.06533e+07 2377.55 129248
0.000114436 2.59792e+07 2972.96 162528
0.000123516 2.98854e+07 3691.32 204336
0.000126116 3.62391e+07 4570.33 257168
0.000134156 4.22694e+07 5670.69 323520
0.000150715 4.62456e+07 6969.9 407136
0.000169675 5.02062e+07 8518.73 512384
0.000194193 5.36368e+07 10415.9 644880
0.000216193 5.81481e+07 12571.2 811696
