# filename: ./acpphint-WDK23_CA72-32768MiB-threads_8-LP64-FreeBSD_main_n262658_b347c2284603_64bit-g++_13_O3lto_CA72-libstdc++-cpulockdown-DSIZE_ul-ISIZE_ul-using_5_threads.txt
# acpphint_main version: 0.1.34

0.000167804 113227 19 2440
0.00016796 142891 24 2960
0.000165565 175158 29 3480
0.00016744 203058 34 4000
0.000165356 235855 39 4520
0.000165305 296422 49 5560
0.000166398 354572 59 6600
0.00016718 441042 73.7334 8160
0.000170148 517852 88.1116 9720
0.00016593 652522 108.273 11800
0.000166971 799683 133.524 14400
0.000168638 968175 163.271 17520
0.000169054 1.20315e+06 203.397 21680
0.000171242 1.47665e+06 252.864 26880
0.000169523 1.88175e+06 319 33640
0.000170044 2.34645e+06 399 41960
0.00017244 2.88338e+06 497.209 52360
0.000173169 3.59565e+06 622.655 65360
0.000171138 4.56588e+06 781.396 82000
0.000175982 5.57733e+06 981.51 102800
0.000175044 7.05944e+06 1235.71 129320
0.00017921 8.66211e+06 1552.34 162600
0.000185096 1.05615e+07 1954.88 204200
0.00019322 1.27146e+07 2456.72 256720
0.000199261 1.54723e+07 3083.03 322760
0.000208271 1.86902e+07 3892.62 405960
0.000221552 2.20648e+07 4888.5 510480
0.000237853 2.58102e+07 6139.02 642560
0.000252384 3.07437e+07 7759.21 808440
0.000280611 3.47352e+07 9747.07 1017480
0.000309308 3.95544e+07 12234.5 1280600
0.000350192 4.42016e+07 15479 1611840
0.0003967 4.9001e+07 19438.7 2028880
0.000465447 5.24182e+07 24397.9 2554080
0.000545756 5.65958e+07 30887.5 3215000
0.000647678 5.98695e+07 38776.2 4047000
0.000769131 6.32573e+07 48653.1 5094280
0.000921311 6.68972e+07 61633.1 6413000
0.00111927 6.91114e+07 77354.4 8073360
0.00137467 7.05933e+07 97042.7 10163240
0.00169377 7.26185e+07 122999 12794440
0.00213089 7.24215e+07 154322 16106840
0.0027719 6.98304e+07 193563 20276720
0.0036867 6.65584e+07 245381 25526640
0.00483357 6.36968e+07 307883 32135840
0.0063097 6.11911e+07 386098 40456360
0.00813149 6.01843e+07 489388 50931240
0.0104536 5.87595e+07 614247 64118440
0.0133775 5.75686e+07 770123 80719960
0.0170568 5.72204e+07 975996 101619800
0.0215874 5.67638e+07 1.22538e+06 127931280
0.0275567 5.57394e+07 1.53599e+06 161055800
0.0349092 5.57521e+07 1.94626e+06 202756680
0.0442768 5.52041e+07 2.44426e+06 255255360
0.0560071 5.46896e+07 3.063e+06 321347360
0.0705327 5.50139e+07 3.88028e+06 404552040
0.0886753 5.49669e+07 4.87421e+06 509300320
0.111476 5.47744e+07 6.10601e+06 641170760
0.139636 5.53778e+07 7.73276e+06 807185960
0.17558 5.5328e+07 9.7145e+06 1016186440
0.221383 5.49443e+07 1.21637e+07 1279302800
0.278327 5.53184e+07 1.53966e+07 1610546440
0.350104 5.52405e+07 1.93399e+07 2027557320
0.441501 5.48076e+07 2.41976e+07 2552543080
0.554935 5.51454e+07 3.06021e+07 3213461000
0.698704 5.49838e+07 3.84174e+07 4045507280
0.88064 5.45102e+07 4.80038e+07 5092991640
1.10757 5.47254e+07 6.06123e+07 6411696040
