# filename: ./acpphint-WDK23_CA72-32768MiB-threads_8-LP64-FreeBSD_main_n262658_b347c2284603_64bit-g++_13_O3lto_CA72-libstdc++-DSIZE_ul-ISIZE_ul-using_2_threads.txt
# acpphint_main version: 0.1.34

8.9058e-05 78600.5 7 976
9.0204e-05 99773.8 9 1184
8.7444e-05 125795 11 1392
8.6298e-05 150641 13 1600
8.8381e-05 169720 15 1808
8.9423e-05 212473 19 2224
8.9319e-05 257504 23 2640
8.6663e-05 333861 28.9334 3264
8.9006e-05 390743 34.7785 3888
8.885e-05 481920 42.8186 4720
8.958e-05 590339 52.8825 5760
9.0152e-05 718940 64.8139 7008
9.1871e-05 880000 80.8465 8672
9.3694e-05 1.07493e+06 100.715 10752
9.0725e-05 1.39983e+06 127 13456
9.2288e-05 1.72287e+06 159 16784
9.2808e-05 2.13934e+06 198.548 20944
9.4423e-05 2.63356e+06 248.668 26144
9.4371e-05 3.31001e+06 312.369 32800
0.000102079 3.84377e+06 392.369 41120
0.000103641 4.76826e+06 494.187 51728
0.00010437 5.95364e+06 621.382 65040
0.000114161 6.84958e+06 781.955 81680
0.000118953 8.26542e+06 983.196 102688
0.000124525 9.91859e+06 1235.11 129104
0.000138327 1.12587e+07 1557.38 162384
0.000155722 1.25683e+07 1957.15 204192
0.000164732 1.49362e+07 2460.47 257024
0.000182595 1.70022e+07 3104.51 323376
0.000208741 1.86982e+07 3903.07 406992
0.000239364 2.0491e+07 4904.82 512240
0.000266915 2.32029e+07 6193.19 644736
0.000318319 2.44559e+07 7784.78 811552
0.000382065 2.56053e+07 9782.87 1021632
0.000450552 2.74275e+07 12357.5 1286000
0.000537058 2.89168e+07 15530 1618800
0.000635543 3.07003e+07 19511.4 2037712
0.000764964 3.22322e+07 24656.5 2565200
0.000947768 3.26894e+07 30982 3229344
0.0011412 3.4106e+07 38921.7 4065296
0.00138921 3.54176e+07 49202.3 5117776
0.00171336 3.60761e+07 61811.3 6442736
0.00209381 3.7082e+07 77642.6 8110688
0.00263545 3.72471e+07 98162.9 10210656
0.0032362 3.8107e+07 123322 12854336
0.00409163 3.78555e+07 154891 16182544
0.00522403 3.74828e+07 195811 20372496
0.00651209 3.77832e+07 246048 25647376
0.00814306 3.79455e+07 308992 32287984
0.0103315 3.78058e+07 390591 40647920
0.0126836 3.87029e+07 490894 51172512
0.0162301 3.79784e+07 616392 64422320
0.020416 3.81611e+07 779097 81102672
0.0256232 3.82211e+07 979346 102102144
0.0317849 3.86829e+07 1.22953e+06 128538944
0.0404634 3.84029e+07 1.55391e+06 161820816
0.0508139 3.84464e+07 1.95361e+06 203720128
0.0645721 3.79768e+07 2.45225e+06 256468304
0.0809033 3.83018e+07 3.09874e+06 322874384
0.102326 3.80768e+07 3.89624e+06 406474576
0.128641 3.80093e+07 4.88954e+06 511721120
0.161648 3.82141e+07 6.17721e+06 644218576
0.206047 3.76958e+07 7.76712e+06 811022928
0.258245 3.77309e+07 9.74384e+06 1021017232
0.325527 3.78012e+07 1.23053e+07 1285384400
0.40818 3.78997e+07 1.54699e+07 1618202912
0.511937 3.7887e+07 1.93958e+07 2037196656
0.645103 3.79448e+07 2.44783e+07 2564678416
0.809021 3.80176e+07 3.0757e+07 3228738592
1.01949 3.77864e+07 3.85229e+07 4064740928
