# filename: ./acpphint-WDK23_CA72-32768MiB-threads_8-LP64-FreeBSD_main_n262658_b347c2284603_64bit-g++_13_O3lto_CA72-libc++-DSIZE_ull-ISIZE_ull-using_2_threads-cpus_5_7.txt
# acpphint_main version: 0.1.34

4.4738e-05 156467 7 976
4.255e-05 211516 9 1184
4.3279e-05 254165 11 1392
4.6665e-05 278581 13 1600
4.5415e-05 330287 15 1808
4.7966e-05 396114 19 2224
4.7862e-05 480548 23 2640
4.6196e-05 626318 28.9334 3264
4.2967e-05 809423 34.7785 3888
4.2967e-05 996545 42.8186 4720
4.8279e-05 1.09535e+06 52.8825 5760
4.4581e-05 1.45385e+06 64.8139 7008
4.5207e-05 1.78836e+06 80.8465 8672
5.1768e-05 1.9455e+06 100.715 10752
4.8643e-05 2.61086e+06 127 13456
5.005e-05 3.17682e+06 159 16784
5.0883e-05 3.90205e+06 198.548 20944
5.4008e-05 4.60429e+06 248.668 26144
5.6873e-05 5.4924e+06 312.369 32800
5.7132e-05 6.86776e+06 392.369 41120
6.1612e-05 8.02096e+06 494.187 51728
5.7185e-05 1.08662e+07 621.382 65040
6.2862e-05 1.24392e+07 781.955 81680
7.0518e-05 1.39425e+07 983.196 102688
7.4372e-05 1.66072e+07 1235.11 129104
8.6715e-05 1.79597e+07 1557.38 162384
0.000100985 1.93806e+07 1957.15 204192
0.000114578 2.14742e+07 2460.47 257024
0.000137858 2.25196e+07 3104.51 323376
0.000153795 2.53784e+07 3903.07 406992
0.000167388 2.93021e+07 4904.82 512240
0.00021374 2.89754e+07 6193.19 644736
0.000236603 3.29023e+07 7784.78 811552
0.000343629 2.84693e+07 9782.87 1021632
0.000418105 2.95561e+07 12357.5 1286000
0.000521485 2.97803e+07 15530 1618800
0.000609502 3.2012e+07 19511.4 2037712
0.000682363 3.6134e+07 24656.5 2565200
0.00088027 3.5196e+07 30982 3229344
0.00108193 3.59744e+07 38921.7 4065296
0.00132978 3.70003e+07 49202.3 5117776
0.00163492 3.78069e+07 61811.3 6442736
0.00203433 3.81662e+07 77642.6 8110688
0.00254675 3.85443e+07 98162.9 10210656
0.00319099 3.86469e+07 123322 12854336
0.00395736 3.91399e+07 154891 16182544
0.0049607 3.94725e+07 195811 20372496
0.00615757 3.99586e+07 246048 25647376
0.00771072 4.00731e+07 308992 32287984
0.00981583 3.9792e+07 390591 40647920
0.0121063 4.05486e+07 490894 51172512
0.0152967 4.02959e+07 616392 64422320
0.019319 4.0328e+07 779097 81102672
0.0240558 4.07115e+07 979346 102102144
0.0303549 4.05052e+07 1.22953e+06 128538944
0.0384874 4.03746e+07 1.55391e+06 161820816
0.0484597 4.03142e+07 1.95361e+06 203720128
0.0608523 4.02984e+07 2.45225e+06 256468304
0.0766653 4.04191e+07 3.09874e+06 322874384
0.0958359 4.06553e+07 3.89624e+06 406474576
0.121467 4.02541e+07 4.88954e+06 511721120
0.15198 4.06449e+07 6.17721e+06 644218576
0.193236 4.0195e+07 7.76712e+06 811022928
0.242703 4.01472e+07 9.74384e+06 1021017232
0.304457 4.04173e+07 1.23053e+07 1285384400
0.385374 4.01426e+07 1.54699e+07 1618202912
0.484705 4.00156e+07 1.93958e+07 2037196656
0.609676 4.01497e+07 2.44783e+07 2564678416
0.762388 4.0343e+07 3.0757e+07 3228738592
0.966508 3.98578e+07 3.85229e+07 4064740928
1.21381 4.00039e+07 4.85571e+07 5117205536
