# filename: ./acpphint-WDK23_CA72-32768MiB-threads_8-LP64-FreeBSD_main_n262658_b347c2284603_64bit-clang++_16_O3lto_CA72-libc++-cpulockdown-DSIZE_ul-ISIZE_ul-using_4_threads-cpus_0_1_2_3.txt
# acpphint_main version: 0.1.34

0.000148327 101128 15 1952
0.00013614 139562 19 2368
0.000129994 176931 23 2784
0.000132859 203223 27 3200
0.000138327 224107 31 3616
0.000144785 269365 39 4448
0.000130203 360975 47 5280
0.000127234 462141 58.8001 6528
0.000137025 513292 70.3339 7776
0.000129213 669088 86.4548 9440
0.000125515 849649 106.644 11520
0.000125411 1.04019e+06 130.451 14016
0.000124213 1.30861e+06 162.546 17344
0.000130411 1.55008e+06 202.147 21504
0.000126245 2.01988e+06 255 26912
0.000133067 2.39729e+06 319 33568
0.000132911 2.99189e+06 397.655 41888
0.000128379 3.87909e+06 497.994 52288
0.00012562 4.97578e+06 625.057 65600
0.000131817 5.95619e+06 785.128 82240
0.000139473 7.08767e+06 988.539 103456
0.000143431 8.6594e+06 1242.03 130080
0.000148952 1.04994e+07 1563.9 163360
0.000147754 1.33028e+07 1965.55 205376
0.000156556 1.57584e+07 2467.07 258208
0.000168586 1.84725e+07 3114.2 324768
0.000177023 2.20954e+07 3911.39 408384
0.000186918 2.62836e+07 4912.88 514048
0.000211344 2.93722e+07 6207.63 646752
0.000235302 3.3145e+07 7799.08 813984
0.000257332 3.80494e+07 9791.33 1024480
0.000292435 4.2347e+07 12383.7 1289472
0.0003341 4.65552e+07 15554.1 1623104
0.000387586 5.03794e+07 19526.4 2043264
0.000466385 5.29838e+07 24710.8 2572000
0.000547318 5.669e+07 31027.5 3237600
0.000648043 6.00879e+07 38939.5 4075424
0.000782256 6.30326e+07 49307.6 5130400
0.000955842 6.47566e+07 61897.1 6458688
0.00117 6.63845e+07 77669.8 8130592
0.00146899 6.6985e+07 98400.6 10235552
0.0018507 6.67239e+07 123486 12885472
0.0023576 6.57128e+07 154925 16221376
0.00302122 6.4977e+07 196309 20421312
0.00390618 6.30705e+07 246365 25708672
0.00505441 6.11414e+07 309034 32365088
0.00653101 5.995e+07 391534 40744992
0.00841967 5.83777e+07 491521 51294752
0.0107672 5.72507e+07 616428 64575968
0.0137804 5.66661e+07 780880 81295840
0.0175202 5.59686e+07 980581 102345024
0.0221839 5.54236e+07 1.22951e+06 128844640
0.0279917 5.56335e+07 1.55728e+06 162205344
0.0356956 5.47985e+07 1.95606e+06 204204288
0.0450474 5.44324e+07 2.45204e+06 257077888
0.056834 5.46347e+07 3.10511e+06 323641632
0.0714614 5.45905e+07 3.90112e+06 407440256
0.0900421 5.42947e+07 4.88881e+06 512936608
0.113269 5.46418e+07 6.18922e+06 645748768
0.142904 5.44201e+07 7.77683e+06 812949152
0.180477 5.3978e+07 9.7418e+06 1023442240
0.227394 5.42139e+07 1.23279e+07 1288437152
0.286486 5.40663e+07 1.54893e+07 1622045856
0.360633 5.37682e+07 1.93906e+07 2042034464
0.453275 5.40966e+07 2.45206e+07 2570768800
0.563964 5.46056e+07 3.07956e+07 3236405824
0.709907 5.42475e+07 3.85106e+07 4074393312
0.893377 5.44405e+07 4.86359e+07 5129356832
1.12657 5.41576e+07 6.10123e+07 6457477184
