# filename: ./acpphint-WDK23_CA72-32768MiB-threads_8-LP64-FreeBSD_main_n262658_b347c2284603_64bit-g++_13_O3lto_CA72-libc++-cpulockdown-DSIZE_ull-ISIZE_ull-using_8_threads.txt
# acpphint_main version: 0.1.33

0.000127077 243947 31 3904
0.000131087 297512 39 4736
0.000132181 355573 47 5568
0.000131348 418735 55 6400
0.000127233 495155 63 7232
0.000132285 597195 79 8896
0.000130723 726727 95 10560
0.000127077 932768 118.533 13056
0.000128275 1.10267e+06 141.445 15552
0.000130515 1.33109e+06 173.727 18880
0.000128796 1.66282e+06 214.164 23040
0.000133639 1.9585e+06 261.732 28032
0.000131192 2.48452e+06 325.949 34688
0.000133171 3.04131e+06 405.014 43008
0.00013291 3.84471e+06 511 53824
0.000134525 4.75005e+06 639 67136
0.000137805 5.77537e+06 795.875 83776
0.00013567 7.34605e+06 996.639 104576
0.000133483 9.36755e+06 1250.41 131200
0.000130671 1.20199e+07 1570.66 164480
0.000135931 1.45458e+07 1977.23 206912
0.000142962 1.737e+07 2483.26 260160
0.000141243 2.2145e+07 3127.82 326720
0.000139993 2.80744e+07 3930.23 410752
0.000142129 3.46929e+07 4930.87 516416
0.000154107 4.04128e+07 6227.89 649536
0.000154107 5.07428e+07 7819.82 816768
0.000155513 6.31292e+07 9817.41 1028096
0.000167804 7.39787e+07 12413.9 1293504
0.000189886 8.21073e+07 15591 1627968
0.000206865 9.45728e+07 19563.8 2048960
0.000242384 1.02172e+08 24764.9 2578944
0.000286705 1.08448e+08 31092.5 3246208
0.000337588 1.15561e+08 39012.1 4086528
0.000400606 1.23356e+08 49417.3 5144000
0.000483622 1.28245e+08 62022 6475200
0.000580596 1.33989e+08 77793.3 8150848
0.000707518 1.39373e+08 98609.2 10260800
0.000862145 1.43509e+08 123726 12917376
0.00107864 1.43847e+08 155160 16261184
0.00144305 1.36373e+08 196794 20471104
0.00210552 1.17229e+08 246829 25770944
0.00298907 1.03535e+08 309472 32442752
0.00409016 9.59837e+07 392589 40842624
0.00547807 8.98909e+07 492428 51417344
0.00718355 8.59283e+07 617270 64730176
0.00934949 8.37397e+07 782923 81489984
0.0119849 8.19685e+07 982382 102589504
0.0154154 7.98641e+07 1.23114e+06 129151936
0.0196906 7.92882e+07 1.56124e+06 162591680
0.0249964 7.83962e+07 1.95962e+06 204690048
0.0316745 7.75122e+07 2.45516e+06 257689280
0.0383208 8.12294e+07 3.11277e+06 324410688
0.0462528 8.44959e+07 3.90817e+06 408408576
0.0583195 8.39315e+07 4.89484e+06 514155776
0.0729936 8.4995e+07 6.20409e+06 647283264
0.0918855 8.47885e+07 7.79083e+06 814880512
0.116312 8.3856e+07 9.75343e+06 1025873216
0.146329 8.44446e+07 1.23567e+07 1291497536
0.184664 8.40285e+07 1.5517e+07 1625898304
0.231786 8.37542e+07 1.9413e+07 2046884480
0.291424 8.43318e+07 2.45763e+07 2576874304
0.366408 8.41972e+07 3.08505e+07 3244091712
0.461522 8.35359e+07 3.85537e+07 4084068928
0.580648 8.39456e+07 4.87428e+07 5141537600
0.731388 8.35674e+07 6.11202e+07 6472811648
0.921768 8.27005e+07 7.62307e+07 8148786624
1.15951 8.29138e+07 9.61392e+07 10258713664
