# filename: ./acpphint-WDK23_CA72-32768MiB-threads_8-LP64-FreeBSD_main_n262658_b347c2284603_64bit-clang++_16_O3lto_CA72-libc++-DSIZE_ull-ISIZE_ull-using_6_threads.txt
# acpphint_main version: 0.1.33

9.7496e-05 235907 23 2928
9.385e-05 309004 29 3552
9.9735e-05 350930 35 4176
9.385e-05 436867 41 4800
9.6714e-05 485969 47 5424
9.661e-05 610703 59 6672
9.7964e-05 724756 71 7920
8.9527e-05 990391 88.6667 9792
0.000100984 1.04857e+06 105.889 11664
0.000100985 1.28822e+06 130.091 14160
9.3746e-05 1.71105e+06 160.404 17280
0.000111036 1.76601e+06 196.091 21024
0.000101713 2.40134e+06 244.247 26016
9.9422e-05 3.05346e+06 303.581 32256
9.786e-05 3.91375e+06 383 40368
9.8641e-05 4.85599e+06 479 50352
0.000101714 5.86708e+06 596.764 62832
0.000100672 7.42328e+06 747.317 78432
9.9266e-05 9.44668e+06 937.734 98400
9.937e-05 1.18536e+07 1177.89 123360
0.000105672 1.40329e+07 1482.89 155184
0.000107755 1.72859e+07 1862.64 195120
0.000114057 2.05675e+07 2345.86 245040
0.000114265 2.57987e+07 2947.89 308064
0.000115776 3.19494e+07 3698.98 387312
0.000112807 4.14074e+07 4671.04 487152
0.000108901 5.38618e+07 5865.6 612576
0.000123015 5.9872e+07 7365.16 771072
0.000131869 7.06063e+07 9310.78 970128
0.000141503 8.26488e+07 11695.1 1220976
0.000165252 8.88195e+07 14677.6 1536720
0.000194313 9.55897e+07 18574.3 1934208
0.000217385 1.0729e+08 23323.3 2434656
0.000259258 1.12897e+08 29269.3 3064896
0.000307798 1.20417e+08 37064.1 3858000
0.00037368 1.24504e+08 46524.8 4856400
0.000450499 1.2956e+08 58366.6 6113136
0.000547786 1.35014e+08 73958.5 7695600
0.000684446 1.35601e+08 92811.6 9688032
0.000858865 1.35546e+08 116415 12195888
0.00110166 1.33977e+08 147598 15353328
0.00144383 1.28241e+08 185158 19328208
0.00193668 1.19896e+08 232200 24332064
0.00261394 1.12647e+08 294451 30631968
0.00377101 9.79577e+07 369400 38563008
0.00508366 9.11073e+07 463158 48547632
0.00660405 8.89208e+07 587238 61117488
0.00863317 8.53644e+07 736966 76942128
0.0111552 8.2814e+07 923806 96863952
0.0142931 8.19345e+07 1.17109e+06 121943760
0.0182613 8.05067e+07 1.47016e+06 153517536
0.0232105 7.93789e+07 1.84243e+06 193266960
0.0294696 7.92399e+07 2.33517e+06 243308016
0.0367263 7.98431e+07 2.93234e+06 306306432
0.0473394 7.76055e+07 3.67379e+06 385616832
0.0569281 8.17726e+07 4.65516e+06 485462448
0.0721212 8.10699e+07 5.84686e+06 611160384
0.0913601 8.015e+07 7.32251e+06 769404912
0.115639 8.02082e+07 9.27519e+06 968623152
0.148238 7.85929e+07 1.16504e+07 1219423728
0.188272 7.74566e+07 1.45829e+07 1535163360
0.222501 8.29697e+07 1.84609e+07 1932655728
0.275679 8.40967e+07 2.31837e+07 2433068784
0.346588 8.36546e+07 2.89937e+07 3063051696
0.441111 8.31224e+07 3.66662e+07 3856153200
0.550663 8.35575e+07 4.6012e+07 4854608736
0.691791 8.30521e+07 5.74547e+07 6111589968
0.871209 8.3242e+07 7.25212e+07 7694035248
1.10308 8.23529e+07 9.08414e+07 9686215776
