# filename: ./acpphint-WDK23_CA72-32768MiB-threads_8-LP64-FreeBSD_main_n262658_b347c2284603_64bit-g++_13_O3lto_CA72-libc++-cpulockdown-DSIZE_ul-ISIZE_ul-using_2_threads-cpus_2_6.txt
# acpphint_main version: 0.1.33

3.3175e-05 211002 7 976
3.2134e-05 280077 9 1184
3.203e-05 343428 11 1392
3.2603e-05 398736 13 1600
3.2707e-05 458617 15 1808
3.2395e-05 586510 19 2224
3.3019e-05 696569 23 2640
3.4165e-05 846873 28.9334 3264
3.4061e-05 1.02106e+06 34.7785 3888
3.4321e-05 1.24759e+06 42.8186 4720
3.3697e-05 1.56935e+06 52.8825 5760
3.4582e-05 1.87421e+06 64.8139 7008
3.5207e-05 2.29632e+06 80.8465 8672
3.5727e-05 2.81901e+06 100.715 10752
3.5259e-05 3.60192e+06 127 13456
3.828e-05 4.1536e+06 159 16784
4.1456e-05 4.78936e+06 198.548 20944
4.078e-05 6.0978e+06 248.668 26144
3.8071e-05 8.20491e+06 312.369 32800
4.0519e-05 9.68357e+06 392.369 41120
4.078e-05 1.21184e+07 494.187 51728
4.4789e-05 1.38735e+07 621.382 65040
4.8696e-05 1.60579e+07 781.955 81680
5.38e-05 1.8275e+07 983.196 102688
5.5987e-05 2.20607e+07 1235.11 129104
6.2029e-05 2.51073e+07 1557.38 162384
6.4841e-05 3.01839e+07 1957.15 204192
7.333e-05 3.35535e+07 2460.47 257024
8.4944e-05 3.65477e+07 3104.51 323376
0.000104734 3.72665e+07 3903.07 406992
0.000130463 3.75955e+07 4904.82 512240
0.000158586 3.90526e+07 6193.19 644736
0.000192908 4.03549e+07 7784.78 811552
0.000239051 4.09238e+07 9782.87 1021632
0.000302121 4.09026e+07 12357.5 1286000
0.000375919 4.1312e+07 15530 1618800
0.000472581 4.12868e+07 19511.4 2037712
0.000582992 4.2293e+07 24656.5 2565200
0.000734912 4.21574e+07 30982 3229344
0.00091631 4.24766e+07 38921.7 4065296
0.0011564 4.25478e+07 49202.3 5117776
0.00142962 4.32362e+07 61811.3 6442736
0.00180517 4.30112e+07 77642.6 8110688
0.00228333 4.29912e+07 98162.9 10210656
0.00287882 4.28377e+07 123322 12854336
0.00362347 4.27465e+07 154891 16182544
0.00457946 4.27586e+07 195811 20372496
0.00575191 4.27768e+07 246048 25647376
0.00725402 4.2596e+07 308992 32287984
0.00905586 4.31313e+07 390591 40647920
0.0113049 4.3423e+07 490894 51172512
0.0143007 4.31022e+07 616392 64422320
0.0179561 4.3389e+07 779097 81102672
0.0226408 4.32558e+07 979346 102102144
0.0288859 4.25651e+07 1.22953e+06 128538944
0.0362372 4.28816e+07 1.55391e+06 161820816
0.0449323 4.3479e+07 1.95361e+06 203720128
0.0565967 4.33284e+07 2.45225e+06 256468304
0.0708827 4.37165e+07 3.09874e+06 322874384
0.0901684 4.32107e+07 3.89624e+06 406474576
0.114008 4.28876e+07 4.88954e+06 511721120
0.143238 4.31255e+07 6.17721e+06 644218576
0.180833 4.2952e+07 7.76712e+06 811022928
0.226624 4.29956e+07 9.74384e+06 1021017232
0.283179 4.34542e+07 1.23053e+07 1285384400
0.358192 4.31889e+07 1.54699e+07 1618202912
0.455044 4.2624e+07 1.93958e+07 2037196656
0.572248 4.27756e+07 2.44783e+07 2564678416
0.719265 4.27617e+07 3.0757e+07 3228738592
0.904485 4.2591e+07 3.85229e+07 4064740928
1.1384 4.26537e+07 4.85571e+07 5117205536
