# filename: ./acpphint-WDK23_CA72-32768MiB-threads_8-LP64-FreeBSD_main_n262658_b347c2284603_64bit-clang++_16_O3lto_CA72-libc++-DSIZE_ul-ISIZE_ul-using_6_threads.txt
# acpphint_main version: 0.1.33

9.3121e-05 246990 23 2928
9.1454e-05 317099 29 3552
9.0672e-05 386007 35 4176
9.0829e-05 451398 41 4800
9.9995e-05 470023 47 5424
9.5881e-05 615346 59 6672
9.9006e-05 717128 71 7920
9.838e-05 901268 88.6667 9792
9.5256e-05 1.11163e+06 105.889 11664
0.000109578 1.1872e+06 130.091 14160
0.000105933 1.5142e+06 160.404 17280
9.8277e-05 1.99529e+06 196.091 21024
9.3381e-05 2.6156e+06 244.247 26016
0.000102131 2.97246e+06 303.581 32256
0.000104786 3.65507e+06 383 40368
0.000101558 4.71652e+06 479 50352
9.4475e-05 6.31664e+06 596.764 62832
9.3121e-05 8.02522e+06 747.317 78432
9.7131e-05 9.65433e+06 937.734 98400
9.963e-05 1.18227e+07 1177.89 123360
0.000104526 1.41868e+07 1482.89 155184
0.000106036 1.75661e+07 1862.64 195120
0.00010838 2.16448e+07 2345.86 245040
0.000110307 2.67244e+07 2947.89 308064
0.000116088 3.18636e+07 3698.98 387312
0.00011312 4.12928e+07 4671.04 487152
0.000113797 5.15445e+07 5865.6 612576
0.000121192 6.07727e+07 7365.16 771072
0.000132806 7.01081e+07 9310.78 970128
0.000144577 8.08916e+07 11695.1 1220976
0.000169835 8.64227e+07 14677.6 1536720
0.000188584 9.84936e+07 18574.3 1934208
0.00022202 1.05051e+08 23323.3 2434656
0.000264727 1.10564e+08 29269.3 3064896
0.000318527 1.16361e+08 37064.1 3858000
0.000374357 1.24279e+08 46524.8 4856400
0.000445082 1.31137e+08 58366.6 6113136
0.000561066 1.31818e+08 73958.5 7695600
0.000692206 1.34081e+08 92811.6 9688032
0.000867093 1.34259e+08 116415 12195888
0.00109255 1.35095e+08 147598 15353328
0.00142717 1.29738e+08 185158 19328208
0.00192095 1.20878e+08 232200 24332064
0.00262367 1.12229e+08 294451 30631968
0.00367826 1.00428e+08 369400 38563008
0.00508991 9.09954e+07 463158 48547632
0.0066965 8.76933e+07 587238 61117488
0.00860692 8.56248e+07 736966 76942128
0.0111533 8.2828e+07 923806 96863952
0.0143059 8.18611e+07 1.17109e+06 121943760
0.0182508 8.05529e+07 1.47016e+06 153517536
0.0232766 7.91536e+07 1.84243e+06 193266960
0.0295496 7.90254e+07 2.33517e+06 243308016
0.0374209 7.8361e+07 2.93234e+06 306306432
0.0473141 7.76469e+07 3.67379e+06 385616832
0.0568513 8.18831e+07 4.65516e+06 485462448
0.0722558 8.09189e+07 5.84686e+06 611160384
0.0916582 7.98893e+07 7.32251e+06 769404912
0.11551 8.02977e+07 9.27519e+06 968623152
0.147095 7.92035e+07 1.16504e+07 1219423728
0.188092 7.75308e+07 1.45829e+07 1535163360
0.222647 8.29155e+07 1.84609e+07 1932655728
0.276067 8.39783e+07 2.31837e+07 2433068784
0.347819 8.33585e+07 2.89937e+07 3063051696
0.440704 8.31991e+07 3.66662e+07 3856153200
0.550618 8.35642e+07 4.6012e+07 4854608736
0.691328 8.31077e+07 5.74547e+07 6111589968
0.871245 8.32386e+07 7.25212e+07 7694035248
1.1023 8.24109e+07 9.08414e+07 9686215776
