# filename: ./acpphint-WDK23_CA72-32768MiB-threads_8-LP64-FreeBSD_main_n262658_b347c2284603_64bit-g++_13_O3lto_CA72-libstdc++-cpulockdown-DSIZE_ull-ISIZE_ull-using_6_threads.txt
# acpphint_main version: 0.1.34

0.000184835 124435 23 2928
0.000182492 158911 29 3552
0.0001852 188985 35 4176
0.000183273 223710 41 4800
0.000185565 253281 47 5424
0.000181971 324227 59 6672
0.000183377 387181 71 7920
0.000185825 477152 88.6667 9792
0.000184991 572402 105.889 11664
0.00018572 700469 130.091 14160
0.000184835 867823 160.404 17280
0.000184575 1.06239e+06 196.091 21024
0.000189002 1.2923e+06 244.247 26016
0.000184991 1.64106e+06 303.581 32256
0.000192074 1.99402e+06 383 40368
0.000187804 2.55053e+06 479 50352
0.000189262 3.15311e+06 596.764 62832
0.000191971 3.89286e+06 747.317 78432
0.000192387 4.87421e+06 937.734 98400
0.000195304 6.03107e+06 1177.89 123360
0.00019645 7.54841e+06 1482.89 155184
0.000202282 9.20815e+06 1862.64 195120
0.00020322 1.15435e+07 2345.86 245040
0.00020822 1.41576e+07 2947.89 308064
0.000215876 1.71347e+07 3698.98 387312
0.000227594 2.05236e+07 4671.04 487152
0.000236082 2.48456e+07 5865.6 612576
0.000258061 2.85404e+07 7365.16 771072
0.000277851 3.351e+07 9310.78 970128
0.000301861 3.87432e+07 11695.1 1220976
0.000326703 4.49264e+07 14677.6 1536720
0.00035915 5.17174e+07 18574.3 1934208
0.000404044 5.77247e+07 23323.3 2434656
0.000465395 6.28914e+07 29269.3 3064896
0.000536433 6.90937e+07 37064.1 3858000
0.000641116 7.25684e+07 46524.8 4856400
0.000765017 7.62945e+07 58366.6 6113136
0.000918915 8.04846e+07 73958.5 7695600
0.0011237 8.25948e+07 92811.6 9688032
0.00142488 8.17017e+07 116415 12195888
0.00184767 7.9883e+07 147598 15353328
0.00246405 7.51438e+07 185158 19328208
0.00331391 7.00684e+07 232200 24332064
0.00440125 6.69017e+07 294451 30631968
0.0057614 6.41164e+07 369400 38563008
0.00752402 6.15573e+07 463158 48547632
0.00973236 6.03387e+07 587238 61117488
0.012466 5.91181e+07 736966 76942128
0.0159621 5.78751e+07 923806 96863952
0.020327 5.76127e+07 1.17109e+06 121943760
0.0258675 5.68341e+07 1.47016e+06 153517536
0.0329123 5.598e+07 1.84243e+06 193266960
0.0416606 5.60522e+07 2.33517e+06 243308016
0.0527072 5.56346e+07 2.93234e+06 306306432
0.0666854 5.50914e+07 3.67379e+06 385616832
0.0839705 5.54381e+07 4.65516e+06 485462448
0.105771 5.52784e+07 5.84686e+06 611160384
0.132987 5.50617e+07 7.32251e+06 769404912
0.166693 5.56425e+07 9.27519e+06 968623152
0.209577 5.55903e+07 1.16504e+07 1219423728
0.263683 5.53047e+07 1.45829e+07 1535163360
0.331376 5.57098e+07 1.84609e+07 1932655728
0.417422 5.55401e+07 2.31837e+07 2433068784
0.526001 5.5121e+07 2.89937e+07 3063051696
0.661479 5.54306e+07 3.66662e+07 3856153200
0.832995 5.52368e+07 4.6012e+07 4854608736
1.04937 5.47518e+07 5.74547e+07 6111589968
