# filename: ./acpphint-WDK23_CA72-32768MiB-threads_8-LP64-FreeBSD_main_n262658_b347c2284603_64bit-clang++_16_O3lto_CA72-libc++-cpulockdown-DSIZE_ul-ISIZE_ul-using_2_threads-cpus_6_7.txt
# acpphint_main version: 0.1.34

7.2028e-05 97184.4 7 976
7.0831e-05 127063 9 1184
6.9529e-05 158207 11 1392
6.9372e-05 187395 13 1600
7.1768e-05 209007 15 1808
7.0518e-05 269435 19 2224
7.0466e-05 326399 23 2640
7.0674e-05 409393 28.9334 3264
7.1247e-05 488139 34.7785 3888
7.3278e-05 584330 42.8186 4720
7.8955e-05 669781 52.8825 5760
7.2445e-05 894664 64.8139 7008
7.1403e-05 1.13226e+06 80.8465 8672
7.833e-05 1.28577e+06 100.715 10752
7.8174e-05 1.62458e+06 127 13456
7.8122e-05 2.03528e+06 159 16784
8.0153e-05 2.47711e+06 198.548 20944
7.9319e-05 3.13504e+06 248.668 26144
8.083e-05 3.86452e+06 312.369 32800
8.1403e-05 4.82008e+06 392.369 41120
8.3642e-05 5.90836e+06 494.187 51728
8.5101e-05 7.3017e+06 621.382 65040
8.6664e-05 9.02283e+06 781.955 81680
9.4892e-05 1.03612e+07 983.196 102688
0.000105568 1.16997e+07 1235.11 129104
0.000109163 1.42666e+07 1557.38 162384
0.000116506 1.67987e+07 1957.15 204192
0.00012588 1.95462e+07 2460.47 257024
0.000138119 2.24771e+07 3104.51 323376
0.000151765 2.57179e+07 3903.07 406992
0.000172389 2.8452e+07 4904.82 512240
0.000197961 3.12849e+07 6193.19 644736
0.000230563 3.37642e+07 7784.78 811552
0.000268947 3.63747e+07 9782.87 1021632
0.000317591 3.89102e+07 12357.5 1286000
0.000380193 4.08476e+07 15530 1618800
0.000454513 4.29281e+07 19511.4 2037712
0.000562269 4.38517e+07 24656.5 2565200
0.000668098 4.63734e+07 30982 3229344
0.000830696 4.68543e+07 38921.7 4065296
0.00103298 4.76315e+07 49202.3 5117776
0.00127589 4.84458e+07 61811.3 6442736
0.00159697 4.86188e+07 77642.6 8110688
0.00200257 4.90183e+07 98162.9 10210656
0.00257693 4.78562e+07 123322 12854336
0.00329794 4.69659e+07 154891 16182544
0.00422165 4.63826e+07 195811 20372496
0.00541275 4.54571e+07 246048 25647376
0.00691904 4.46583e+07 308992 32287984
0.00880589 4.43556e+07 390591 40647920
0.0112578 4.36047e+07 490894 51172512
0.0141958 4.34206e+07 616392 64422320
0.0180298 4.32116e+07 779097 81102672
0.0227312 4.30838e+07 979346 102102144
0.0287534 4.27613e+07 1.22953e+06 128538944
0.036221 4.29008e+07 1.55391e+06 161820816
0.0456108 4.28323e+07 1.95361e+06 203720128
0.0575808 4.25879e+07 2.45225e+06 256468304
0.0723161 4.28499e+07 3.09874e+06 322874384
0.0908483 4.28873e+07 3.89624e+06 406474576
0.114445 4.27242e+07 4.88954e+06 511721120
0.143649 4.30022e+07 6.17721e+06 644218576
0.18068 4.29882e+07 7.76712e+06 811022928
0.226314 4.30545e+07 9.74384e+06 1021017232
0.284433 4.32627e+07 1.23053e+07 1285384400
0.356322 4.34154e+07 1.54699e+07 1618202912
0.447126 4.33787e+07 1.93958e+07 2037196656
0.559461 4.37533e+07 2.44783e+07 2564678416
0.699304 4.39823e+07 3.0757e+07 3228738592
0.874625 4.4045e+07 3.85229e+07 4064740928
1.09476 4.4354e+07 4.85571e+07 5117205536
