# filename: ./acpphint-WDK23_CA72-32768MiB-threads_8-LP64-FreeBSD_main_n262658_b347c2284603_64bit-g++_13_O3lto_CA72-libc++-cpulockdown-DSIZE_ull-ISIZE_ull-using_4_threads-cpus_4_5_6_7.txt
# acpphint_main version: 0.1.34

8.5933e-05 174555 15 1952
8.2132e-05 231335 19 2368
8.7809e-05 261932 23 2784
8.5621e-05 315343 27 3200
8.5465e-05 362722 31 3616
8.3902e-05 464828 39 4448
8.4163e-05 558440 47 5280
8.9995e-05 653370 58.8001 6528
8.5413e-05 823456 70.3339 7776
8.5152e-05 1.0153e+06 86.4548 9440
8.2132e-05 1.29844e+06 106.644 11520
8.9631e-05 1.45543e+06 130.451 14016
8.7912e-05 1.84896e+06 162.546 17344
9.2444e-05 2.1867e+06 202.147 21504
8.6767e-05 2.93891e+06 255 26912
9.3537e-05 3.41041e+06 319 33568
9.1037e-05 4.36806e+06 397.655 41888
9.1663e-05 5.43288e+06 497.994 52288
8.7548e-05 7.1396e+06 625.057 65600
8.9839e-05 8.73927e+06 785.128 82240
9.3069e-05 1.06216e+07 988.539 103456
9.1558e-05 1.35655e+07 1242.03 130080
9.9162e-05 1.57712e+07 1563.9 163360
9.5621e-05 2.05556e+07 1965.55 205376
0.000102078 2.41685e+07 2467.07 258208
0.000111557 2.79158e+07 3114.2 324768
0.000116453 3.35877e+07 3911.39 408384
0.000134733 3.64638e+07 4912.88 514048
0.000145826 4.25688e+07 6207.63 646752
0.000177648 4.39019e+07 7799.08 813984
0.000198012 4.94482e+07 9791.33 1024480
0.000232229 5.33256e+07 12383.7 1289472
0.0002728 5.70164e+07 15554.1 1623104
0.000327276 5.96633e+07 19526.4 2043264
0.000389097 6.35082e+07 24710.8 2572000
0.000474197 6.54316e+07 31027.5 3237600
0.000569661 6.83556e+07 38939.5 4075424
0.000701217 7.03172e+07 49307.6 5130400
0.000861626 7.18375e+07 61897.1 6458688
0.00105485 7.36313e+07 77669.8 8130592
0.00130754 7.52561e+07 98400.6 10235552
0.00163925 7.53308e+07 123486 12885472
0.00206818 7.49085e+07 154925 16221376
0.00268487 7.31168e+07 196309 20421312
0.00352275 6.99352e+07 246365 25708672
0.00461426 6.69736e+07 309034 32365088
0.00600097 6.52451e+07 391534 40744992
0.00783896 6.27023e+07 491521 51294752
0.0100816 6.11441e+07 616428 64575968
0.0129592 6.02568e+07 780880 81295840
0.0166291 5.89677e+07 980581 102345024
0.021246 5.78702e+07 1.22951e+06 128844640
0.0269734 5.77339e+07 1.55728e+06 162205344
0.0342763 5.70676e+07 1.95606e+06 204204288
0.0436406 5.61871e+07 2.45204e+06 257077888
0.0552489 5.62021e+07 3.10511e+06 323641632
0.0698814 5.58248e+07 3.90112e+06 407440256
0.0884693 5.526e+07 4.88881e+06 512936608
0.11143 5.55434e+07 6.18922e+06 645748768
0.140383 5.53974e+07 7.77683e+06 812949152
0.176112 5.53159e+07 9.7418e+06 1023442240
0.22082 5.5828e+07 1.23279e+07 1288437152
0.277768 5.57634e+07 1.54893e+07 1622045856
0.350117 5.53833e+07 1.93906e+07 2042034464
0.440585 5.56547e+07 2.45206e+07 2570768800
0.555111 5.54765e+07 3.07956e+07 3236405824
0.699036 5.50911e+07 3.85106e+07 4074393312
0.880221 5.52542e+07 4.86359e+07 5129356832
1.10853 5.50387e+07 6.10123e+07 6457477184
