# filename: ./acpphint-WDK23_CA72-32768MiB-threads_8-LP64-FreeBSD_main_n262658_b347c2284603_64bit-g++_13_O3lto_CA72-libc++-DSIZE_ul-ISIZE_ul-using_8_threads.txt
# acpphint_main version: 0.1.34

0.000203116 152622 31 3904
0.00020499 190253 39 4736
0.000187439 250748 47 5568
0.000192595 285573 55 6400
0.000182075 346011 63 7232
0.000207021 381604 79 8896
0.00019473 487855 95 10560
0.000192334 616289 118.533 13056
0.000183637 770241 141.445 15552
0.000178741 971951 173.727 18880
0.000200407 1.06865e+06 214.164 23040
0.000192856 1.35713e+06 261.732 28032
0.00020723 1.57289e+06 325.949 34688
0.00021124 1.91732e+06 405.014 43008
0.000215667 2.36939e+06 511 53824
0.000191136 3.34317e+06 639 67136
0.000196449 4.0513e+06 795.875 83776
0.000193011 5.16364e+06 996.639 104576
0.000205407 6.08747e+06 1250.41 131200
0.000196553 7.99101e+06 1570.66 164480
0.00020072 9.85069e+06 1977.23 206912
0.000207907 1.19441e+07 2483.26 260160
0.000215198 1.45346e+07 3127.82 326720
0.000225406 1.74362e+07 3930.23 410752
0.000241238 2.04399e+07 4930.87 516416
0.0002578 2.41578e+07 6227.89 649536
0.000246916 3.16699e+07 7819.82 816768
0.000253165 3.87787e+07 9817.41 1028096
0.000275038 4.51353e+07 12413.9 1293504
0.000298215 5.22811e+07 15591 1627968
0.000352796 5.54536e+07 19563.8 2048960
0.000377065 6.5678e+07 24764.9 2578944
0.000431698 7.20238e+07 31092.5 3246208
0.00050935 7.6592e+07 39012.1 4086528
0.000599398 8.2445e+07 49417.3 5144000
0.000722257 8.58724e+07 62022 6475200
0.000878291 8.85734e+07 77793.3 8150848
0.00109208 9.02946e+07 98609.2 10260800
0.00144675 8.55195e+07 123726 12917376
0.00188991 8.20991e+07 155160 16261184
0.00254482 7.7331e+07 196794 20471104
0.00344832 7.15794e+07 246829 25770944
0.0046228 6.69448e+07 309472 32442752
0.006146 6.38771e+07 392589 40842624
0.00798055 6.17035e+07 492428 51417344
0.0102791 6.00511e+07 617270 64730176
0.0131737 5.94309e+07 782923 81489984
0.0168276 5.83793e+07 982382 102589504
0.0214277 5.74555e+07 1.23114e+06 129151936
0.0271449 5.75148e+07 1.56124e+06 162591680
0.0343878 5.69859e+07 1.95962e+06 204690048
0.0434673 5.6483e+07 2.45516e+06 257689280
0.0549918 5.66044e+07 3.11277e+06 324410688
0.0693096 5.63872e+07 3.90817e+06 408408576
0.0874609 5.59661e+07 4.89484e+06 514155776
0.110435 5.61785e+07 6.20409e+06 647283264
0.139083 5.60156e+07 7.79083e+06 814880512
0.175124 5.56945e+07 9.75343e+06 1025873216
0.220531 5.60316e+07 1.23567e+07 1291497536
0.277676 5.58818e+07 1.5517e+07 1625898304
0.349762 5.55035e+07 1.9413e+07 2046884480
0.440532 5.57877e+07 2.45763e+07 2576874304
0.554719 5.56146e+07 3.08505e+07 3244091712
0.698945 5.51598e+07 3.85537e+07 4084068928
0.87973 5.54066e+07 4.87428e+07 5141537600
1.10733 5.51959e+07 6.11202e+07 6472811648
