# filename: ./acpphint-WDK23_CA72-32768MiB-threads_8-LP64-FreeBSD_main_n262658_b347c2284603_64bit-g++_13_O3lto_CA72-libstdc++-cpulockdown-DSIZE_ul-ISIZE_ul-using_4_threads.txt
# acpphint_main version: 0.1.33

9.3485e-05 160454 15 1952
9.2704e-05 204953 19 2368
8.9058e-05 258259 23 2784
9.0934e-05 296919 27 3200
9.5204e-05 325617 31 3616
9.1297e-05 427177 39 4448
9.4787e-05 495849 47 5280
9.1298e-05 644045 58.8001 6528
9.4683e-05 742835 70.3339 7776
9.411e-05 918657 86.4548 9440
9.6454e-05 1.10564e+06 106.644 11520
9.3329e-05 1.39776e+06 130.451 14016
9.6454e-05 1.68522e+06 162.546 17344
9.3589e-05 2.15995e+06 202.147 21504
9.5568e-05 2.66826e+06 255 26912
9.7182e-05 3.2825e+06 319 33568
9.8849e-05 4.02285e+06 397.655 41888
9.7651e-05 5.09973e+06 497.994 52288
9.5464e-05 6.54757e+06 625.057 65600
0.000101609 7.72695e+06 785.128 82240
9.7651e-05 1.01232e+07 988.539 103456
9.9162e-05 1.25252e+07 1242.03 130080
0.00010312 1.51659e+07 1563.9 163360
0.000106662 1.84278e+07 1965.55 205376
0.00010864 2.27087e+07 2467.07 258208
0.000115255 2.70201e+07 3114.2 324768
0.000121401 3.22187e+07 3911.39 408384
0.000128275 3.82996e+07 4912.88 514048
0.000150461 4.12574e+07 6207.63 646752
0.000171919 4.53649e+07 7799.08 813984
0.000194678 5.0295e+07 9791.33 1024480
0.000228895 5.41023e+07 12383.7 1289472
0.000267956 5.80471e+07 15554.1 1623104
0.00031764 6.14732e+07 19526.4 2043264
0.000379616 6.50943e+07 24710.8 2572000
0.00045279 6.85251e+07 31027.5 3237600
0.000554504 7.02241e+07 38939.5 4075424
0.000679966 7.25148e+07 49307.6 5130400
0.000832303 7.43684e+07 61897.1 6458688
0.0010261 7.56945e+07 77669.8 8130592
0.00126489 7.77941e+07 98400.6 10235552
0.00157742 7.82833e+07 123486 12885472
0.00197006 7.86396e+07 154925 16221376
0.00246837 7.953e+07 196309 20421312
0.00312052 7.89498e+07 246365 25708672
0.00392137 7.88076e+07 309034 32365088
0.00495861 7.89604e+07 391534 40744992
0.00631443 7.78409e+07 491521 51294752
0.00809814 7.61197e+07 616428 64575968
0.010191 7.66248e+07 780880 81295840
0.0129813 7.55381e+07 980581 102345024
0.0164579 7.47065e+07 1.22951e+06 128844640
0.0209556 7.43133e+07 1.55728e+06 162205344
0.026354 7.42228e+07 1.95606e+06 204204288
0.0331925 7.38732e+07 2.45204e+06 257077888
0.0415478 7.47357e+07 3.10511e+06 323641632
0.0512139 7.6173e+07 3.90112e+06 407440256
0.0648002 7.54444e+07 4.88881e+06 512936608
0.0813976 7.60368e+07 6.18922e+06 645748768
0.100982 7.70118e+07 7.77683e+06 812949152
0.126021 7.73028e+07 9.7418e+06 1023442240
0.158322 7.78658e+07 1.23279e+07 1288437152
0.198114 7.81837e+07 1.54893e+07 1622045856
0.250243 7.74871e+07 1.93906e+07 2042034464
0.314646 7.79309e+07 2.45206e+07 2570768800
0.394661 7.80304e+07 3.07956e+07 3236405824
0.496506 7.75633e+07 3.85106e+07 4074393312
0.626581 7.7621e+07 4.86359e+07 5129356832
0.787294 7.74962e+07 6.10123e+07 6457477184
0.990825 7.6854e+07 7.61488e+07 8129481856
1.24487 7.70649e+07 9.59359e+07 10234411072
