# filename: ./acpphint-WDK23_CA72-32768MiB-threads_8-LP64-FreeBSD_main_n262658_b347c2284603_64bit-g++_13_O3lto_CA72-libc++-cpulockdown-DSIZE_ul-ISIZE_ul-using_2_threads-cpus_1_3.txt
# acpphint_main version: 0.1.33

3.3228e-05 210666 7 976
2.802e-05 321199 9 1184
3.3332e-05 330013 11 1392
3.3436e-05 388802 13 1600
3.328e-05 450721 15 1808
2.9634e-05 641155 19 2224
2.8124e-05 817807 23 2640
2.8852e-05 1.00282e+06 28.9334 3264
2.828e-05 1.22979e+06 34.7785 3888
3.1822e-05 1.34556e+06 42.8186 4720
2.8228e-05 1.87341e+06 52.8825 5760
2.828e-05 2.29186e+06 64.8139 7008
3.3696e-05 2.39929e+06 80.8465 8672
2.9843e-05 3.37482e+06 100.715 10752
2.8123e-05 4.51588e+06 127 13456
2.9061e-05 5.47125e+06 159 16784
3.0363e-05 6.53914e+06 198.548 20944
3.1353e-05 7.93125e+06 248.668 26144
3.427e-05 9.11495e+06 312.369 32800
3.7862e-05 1.03631e+07 392.369 41120
4.5467e-05 1.08691e+07 494.187 51728
4.7081e-05 1.31981e+07 621.382 65040
4.3436e-05 1.80025e+07 781.955 81680
4.8384e-05 2.03207e+07 983.196 102688
5.031e-05 2.455e+07 1235.11 129104
6.5466e-05 2.37891e+07 1557.38 162384
6.9736e-05 2.80652e+07 1957.15 204192
7.0101e-05 3.5099e+07 2460.47 257024
8.6715e-05 3.58013e+07 3104.51 323376
9.5308e-05 4.09522e+07 3903.07 406992
0.000115203 4.25754e+07 4904.82 512240
0.000134681 4.59842e+07 6193.19 644736
0.000158795 4.90241e+07 7784.78 811552
0.000183793 5.32277e+07 9782.87 1021632
0.000230509 5.36098e+07 12357.5 1286000
0.000274674 5.65397e+07 15530 1618800
0.000338526 5.76363e+07 19511.4 2037712
0.000407324 6.05328e+07 24656.5 2565200
0.00050383 6.1493e+07 30982 3229344
0.000615335 6.32529e+07 38921.7 4065296
0.000777045 6.33198e+07 49202.3 5117776
0.000965995 6.39872e+07 61811.3 6442736
0.00122015 6.36337e+07 77642.6 8110688
0.0015243 6.43987e+07 98162.9 10210656
0.00190324 6.47958e+07 123322 12854336
0.002379 6.51076e+07 154891 16182544
0.00301319 6.49848e+07 195811 20372496
0.00382585 6.43119e+07 246048 25647376
0.0048193 6.41157e+07 308992 32287984
0.00609762 6.40563e+07 390591 40647920
0.007704 6.37193e+07 490894 51172512
0.00967151 6.37328e+07 616392 64422320
0.012241 6.36467e+07 779097 81102672
0.0150708 6.49831e+07 979346 102102144
0.0189563 6.48615e+07 1.22953e+06 128538944
0.0239373 6.49158e+07 1.55391e+06 161820816
0.0298437 6.54615e+07 1.95361e+06 203720128
0.0374217 6.55301e+07 2.45225e+06 256468304
0.0472333 6.5605e+07 3.09874e+06 322874384
0.0593479 6.56508e+07 3.89624e+06 406474576
0.0742897 6.58173e+07 4.88954e+06 511721120
0.0937928 6.58602e+07 6.17721e+06 644218576
0.118056 6.57919e+07 7.76712e+06 811022928
0.149168 6.53215e+07 9.74384e+06 1021017232
0.188313 6.53452e+07 1.23053e+07 1285384400
0.235977 6.55568e+07 1.54699e+07 1618202912
0.296939 6.53191e+07 1.93958e+07 2037196656
0.374916 6.52901e+07 2.44783e+07 2564678416
0.472477 6.50974e+07 3.0757e+07 3228738592
0.593295 6.49303e+07 3.85229e+07 4064740928
0.747858 6.49281e+07 4.85571e+07 5117205536
0.941653 6.47116e+07 6.09359e+07 6442179888
1.18455 6.43085e+07 7.61765e+07 8110223824
