# filename: ./acpphint-WDK23_CA72-32768MiB-threads_8-LP64-FreeBSD_main_n262658_b347c2284603_64bit-g++_13_O3lto_CA72-libc++-cpulockdown-DSIZE_ull-ISIZE_ull-using_4_threads.txt
# acpphint_main version: 0.1.34

0.000100048 149928 15 1952
9.8484e-05 192925 19 2368
9.8745e-05 232923 23 2784
9.8329e-05 274588 27 3200
9.7078e-05 319331 31 3616
9.6453e-05 404342 39 4448
0.00010161 462553 47 5280
0.000100152 587108 58.8001 6528
0.000102182 688319 70.3339 7776
0.000101141 854795 86.4548 9440
9.5672e-05 1.11468e+06 106.644 11520
0.000102182 1.27666e+06 130.451 14016
0.000103485 1.57072e+06 162.546 17344
9.3694e-05 2.15753e+06 202.147 21504
0.000105464 2.41789e+06 255 26912
0.000106661 2.99078e+06 319 33568
0.000101037 3.93573e+06 397.655 41888
0.000104266 4.77619e+06 497.994 52288
0.000108536 5.75899e+06 625.057 65600
0.000107234 7.32163e+06 785.128 82240
0.000106089 9.31802e+06 988.539 103456
0.000110984 1.1191e+07 1242.03 130080
0.000113224 1.38125e+07 1563.9 163360
9.7496e-05 2.01603e+07 1965.55 205376
0.000107026 2.30512e+07 2467.07 258208
0.000117182 2.65758e+07 3114.2 324768
0.000129837 3.01254e+07 3911.39 408384
0.000142128 3.45666e+07 4912.88 514048
0.000159316 3.89643e+07 6207.63 646752
0.00019624 3.97426e+07 7799.08 813984
0.00021676 4.51713e+07 9791.33 1024480
0.000244571 5.06346e+07 12383.7 1289472
0.000294205 5.28682e+07 15554.1 1623104
0.000350556 5.57011e+07 19526.4 2043264
0.000425604 5.80606e+07 24710.8 2572000
0.000518412 5.9851e+07 31027.5 3237600
0.000644447 6.04232e+07 38939.5 4075424
0.000797461 6.18307e+07 49307.6 5130400
0.00098818 6.26374e+07 61897.1 6458688
0.00122619 6.33424e+07 77669.8 8130592
0.00153315 6.41819e+07 98400.6 10235552
0.00192037 6.4303e+07 123486 12885472
0.00240889 6.43137e+07 154925 16221376
0.00305277 6.43055e+07 196309 20421312
0.00390121 6.31508e+07 246365 25708672
0.00500876 6.16986e+07 309034 32365088
0.00641624 6.10223e+07 391534 40744992
0.00819715 5.99624e+07 491521 51294752
0.0104602 5.8931e+07 616428 64575968
0.0133122 5.86592e+07 780880 81295840
0.0169713 5.77786e+07 980581 102345024
0.0215108 5.71578e+07 1.22951e+06 128844640
0.0272076 5.72368e+07 1.55728e+06 162205344
0.0345113 5.6679e+07 1.95606e+06 204204288
0.0435745 5.62723e+07 2.45204e+06 257077888
0.0551243 5.63292e+07 3.10511e+06 323641632
0.0694897 5.61395e+07 3.90112e+06 407440256
0.0877571 5.57085e+07 4.88881e+06 512936608
0.110485 5.60188e+07 6.18922e+06 645748768
0.13908 5.59163e+07 7.77683e+06 812949152
0.175137 5.56238e+07 9.7418e+06 1023442240
0.220379 5.59395e+07 1.23279e+07 1288437152
0.277479 5.58214e+07 1.54893e+07 1622045856
0.349634 5.54597e+07 1.93906e+07 2042034464
0.440109 5.57149e+07 2.45206e+07 2570768800
0.554089 5.55788e+07 3.07956e+07 3236405824
0.697962 5.51758e+07 3.85106e+07 4074393312
0.878899 5.53373e+07 4.86359e+07 5129356832
1.10601 5.51642e+07 6.10123e+07 6457477184
