# filename: ./acpphint-WDK23_CA72-32768MiB-threads_8-LP64-FreeBSD_main_n262658_b347c2284603_64bit-g++_13_O3lto_CA72-libstdc++-cpulockdown-DSIZE_ul-ISIZE_ul-using_1_threads.txt
# acpphint_main version: 0.1.33

5.3066e-08 1.88444e+07 1 280
9.59714e-08 2.08395e+07 2 384
1.3266e-07 2.26141e+07 3 488
1.68643e-07 2.37188e+07 4 592
2.06857e-07 2.41713e+07 5 696
2.43067e-07 2.46846e+07 6 800
2.80462e-07 2.49589e+07 7 904
3.39762e-07 2.64891e+07 9 1112
4.16647e-07 2.64012e+07 11 1320
4.94786e-07 2.82951e+07 14 1632
6.29727e-07 2.69958e+07 17 1944
7.40667e-07 2.83528e+07 21 2360
8.55714e-07 3.0384e+07 26 2880
9.98333e-07 3.20534e+07 32 3504
1.2082e-06 3.31071e+07 40 4336
1.44525e-06 3.45961e+07 50 5376
1.74483e-06 3.61066e+07 63 6728
2.13525e-06 3.6998e+07 79 8392
2.617e-06 3.78296e+07 99 10472
3.229e-06 3.8402e+07 124 13072
3.984e-06 3.91566e+07 156 16400
4.9735e-06 3.94089e+07 196 20560
6.354e-06 3.88731e+07 247 25864
7.812e-06 3.98105e+07 311 32520
9.999e-06 3.91039e+07 391 40840
1.2968e-05 3.79395e+07 492 51344
1.6614e-05 3.72577e+07 619 64552
2.1093e-05 3.69317e+07 779 81192
2.6978e-05 3.63259e+07 980 102096
3.479e-05 3.547e+07 1234 128512
4.3956e-05 3.53308e+07 1553 161688
5.5622e-05 3.51479e+07 1955 203496
7.0518e-05 3.48989e+07 2461 256120
8.8538e-05 3.49906e+07 3098 322368
0.000112702 3.46045e+07 3900 405776
0.000142441 3.44704e+07 4909.99 510816
0.000179731 3.43902e+07 6180.99 643000
0.000225822 3.44563e+07 7780.99 809400
0.000286132 3.42324e+07 9794.98 1018856
0.000361024 3.41555e+07 12331 1282600
0.000455498 3.40813e+07 15523.9 1614672
0.000572888 3.4113e+07 19542.9 2032648
0.000723923 3.39855e+07 24602.9 2558888
0.00091183 3.39677e+07 30972.8 3221368
0.00114802 3.39644e+07 38991.6 4055344
0.00144712 3.39209e+07 49087.4 5105328
0.00182022 3.39503e+07 61797.1 6427168
0.00228734 3.40123e+07 77797.6 8091272
0.00287059 3.41187e+07 97940.8 10186248
0.00362269 3.40354e+07 123299 12823688
0.00456962 3.39686e+07 155223 16143992
0.00574383 3.40212e+07 195412 20323960
0.00723548 3.4e+07 246006 25586256
0.00912715 3.39316e+07 309699 32211160
0.0114808 3.39593e+07 389880 40551336
0.0144055 3.40715e+07 490818 51051072
0.018124 3.40921e+07 617885 64269472
0.0229742 3.38572e+07 777842 80910408
0.0289573 3.38153e+07 979199 101860064
0.0365134 3.37593e+07 1.23267e+06 128234152
0.0456941 3.39589e+07 1.55172e+06 161437192
0.0576179 3.39012e+07 1.95331e+06 203237288
0.0725763 3.38786e+07 2.45879e+06 255860560
0.0914759 3.38337e+07 3.09497e+06 322109288
0.11481 3.3931e+07 3.89561e+06 405511464
0.14458 3.39129e+07 4.90313e+06 510508616
0.182135 3.38807e+07 6.17085e+06 642692200
0.229444 3.3846e+07 7.76575e+06 809101456
0.288672 3.38513e+07 9.77193e+06 1018598328
0.363318 3.38406e+07 1.22949e+07 1282339208
0.457757 3.37884e+07 1.54669e+07 1614369296
0.576281 3.3757e+07 1.94535e+07 2032370464
0.725576 3.37137e+07 2.44618e+07 2558602768
0.914991 3.36072e+07 3.07503e+07 3221089944
1.1474 3.36766e+07 3.86407e+07 4055111912
