# filename: ./acpphint-WDK23_CA72-32768MiB-threads_8-LP64-FreeBSD_main_n262658_b347c2284603_64bit-g++_13_O3lto_CA72-libstdc++-cpulockdown-DSIZE_ul-ISIZE_ul-using_7_threads.txt
# acpphint_main version: 0.1.34

0.00019947 135359 27 3416
0.000203584 167007 34 4144
0.000199261 205760 41 4872
0.000202387 237169 48 5600
0.000202907 271060 55 6328
0.000200615 343942 69 7784
0.000200043 414911 83 9240
0.000205876 503216 103.6 11424
0.000201605 613412 123.667 13608
0.000204782 741810 151.909 16520
0.000204521 915721 187.284 20160
0.000202751 1.12903e+06 228.911 24528
0.00020374 1.39932e+06 285.098 30352
0.000205094 1.72749e+06 354.297 37632
0.000204782 2.18281e+06 447 47096
0.000207126 2.69884e+06 559 58744
0.000203637 3.41941e+06 696.319 73304
0.000209417 4.16383e+06 871.978 91504
0.000214104 5.11e+06 1094.07 114800
0.000209104 6.57221e+06 1374.27 143920
0.000213063 8.11994e+06 1730.06 181048
0.000216292 1.00464e+07 2172.95 227640
0.000219104 1.24911e+07 2736.84 285880
0.00022676 1.51661e+07 3439.06 359408
0.000233427 1.84851e+07 4314.93 451864
0.00024853 2.19268e+07 5449.47 568344
0.000259103 2.64092e+07 6842.71 714672
0.00027431 3.13196e+07 8591.29 899584
0.000292122 3.71843e+07 10862.4 1131816
0.000315714 4.32133e+07 13643 1424472
0.000339463 5.04347e+07 17120.7 1792840
0.000371753 5.82903e+07 21669.6 2256576
0.00042149 6.45518e+07 27207.9 2840432
0.00047305 7.21716e+07 34140.8 3575712
0.000541693 7.98252e+07 43240.7 4501000
0.000639501 8.48684e+07 54273.4 5665800
0.000763453 8.91737e+07 68080 7131992
0.000933341 9.24463e+07 86283.9 8978200
0.00118218 9.15837e+07 108269 11302704
0.0015443 8.79282e+07 135788 14228536
0.00209178 8.23205e+07 172196 17912216
0.00284986 7.57909e+07 215994 22549576
0.00388237 6.97607e+07 270837 28387408
0.00516814 6.64689e+07 343521 35737296
0.0067802 6.35549e+07 430915 44990176
0.00881547 6.12805e+07 540216 56638904
0.0113407 6.04092e+07 685083 71303736
0.0145794 5.89652e+07 859677 89765816
0.0186997 5.76201e+07 1.07748e+06 113007944
0.0238063 5.73872e+07 1.36617e+06 142267720
0.0302965 5.66041e+07 1.7149e+06 179103792
0.0384105 5.59435e+07 2.14882e+06 225478120
0.0486718 5.59668e+07 2.72401e+06 283859352
0.0614358 5.5673e+07 3.42031e+06 357357504
0.0777844 5.50805e+07 4.28441e+06 449886304
0.0978848 5.5471e+07 5.42977e+06 566372856
0.123007 5.54365e+07 6.81907e+06 713020448
0.154665 5.52053e+07 8.53832e+06 897639064
0.193799 5.58131e+07 1.08165e+07 1130060344
0.243838 5.57116e+07 1.35846e+07 1422661016
0.306834 5.54024e+07 1.69993e+07 1791023920
0.385584 5.58134e+07 2.15208e+07 2254765016
0.48563 5.56401e+07 2.70205e+07 2838580248
0.611706 5.5221e+07 3.3779e+07 3573560312
0.770026 5.54697e+07 4.27131e+07 4498845400
0.969633 5.52575e+07 5.35795e+07 5663710192
1.2211 5.47566e+07 6.68636e+07 7130188296
