# filename: ./acpphint-WDK23_CA72-32768MiB-threads_8-LP64-FreeBSD_main_n262658_b347c2284603_64bit-g++_13_O3lto_CA72-libc++-DSIZE_ul-ISIZE_ul-using_4_threads-cpus_0_1_2_3.txt
# acpphint_main version: 0.1.34

0.000111193 134901 15 1952
0.000111297 170714 19 2368
0.000115307 199468 23 2784
0.000107599 250932 27 3200
0.000109109 284120 31 3616
0.000113432 343818 39 4448
0.00011114 422890 47 5280
0.000107026 549400 58.8001 6528
0.000109005 645235 70.3339 7776
0.000113223 763580 86.4548 9440
0.000115202 925710 106.644 11520
0.00011411 1.14321e+06 130.451 14016
0.000116504 1.3952e+06 162.546 17344
0.00010963 1.8439e+06 202.147 21504
0.000113797 2.24083e+06 255 26912
0.000110672 2.88239e+06 319 33568
0.000116609 3.41015e+06 397.655 41888
0.00011588 4.2975e+06 497.994 52288
0.000117598 5.3152e+06 625.057 65600
0.000121922 6.43959e+06 785.128 82240
0.000124004 7.97183e+06 988.539 103456
0.000125723 9.87907e+06 1242.03 130080
0.000127338 1.22815e+07 1563.9 163360
0.000123067 1.59713e+07 1965.55 205376
0.000135723 1.81773e+07 2467.07 258208
0.000148117 2.10253e+07 3114.2 324768
0.00016593 2.35725e+07 3911.39 408384
0.000190199 2.58302e+07 4912.88 514048
0.000211449 2.93576e+07 6207.63 646752
0.000241708 3.22665e+07 7799.08 813984
0.000277694 3.52594e+07 9791.33 1024480
0.00030837 4.01587e+07 12383.7 1289472
0.000364149 4.27135e+07 15554.1 1623104
0.000423834 4.60708e+07 19526.4 2043264
0.00050784 4.86587e+07 24710.8 2572000
0.000617574 5.02409e+07 31027.5 3237600
0.000729704 5.33635e+07 38939.5 4075424
0.000889905 5.54077e+07 49307.6 5130400
0.00108338 5.7133e+07 61897.1 6458688
0.00132264 5.87231e+07 77669.8 8130592
0.00162867 6.04177e+07 98400.6 10235552
0.00201798 6.11929e+07 123486 12885472
0.00252201 6.1429e+07 154925 16221376
0.00320807 6.11923e+07 196309 20421312
0.00405611 6.07392e+07 246365 25708672
0.00515756 5.99185e+07 309034 32365088
0.00660676 5.92626e+07 391534 40744992
0.00842923 5.83115e+07 491521 51294752
0.0107179 5.75138e+07 616428 64575968
0.013675 5.71029e+07 780880 81295840
0.0173268 5.65933e+07 980581 102345024
0.0219582 5.59932e+07 1.22951e+06 128844640
0.0278031 5.60109e+07 1.55728e+06 162205344
0.0351293 5.56819e+07 1.95606e+06 204204288
0.0443612 5.52744e+07 2.45204e+06 257077888
0.0559138 5.55338e+07 3.10511e+06 323641632
0.0705593 5.52884e+07 3.90112e+06 407440256
0.0890993 5.48693e+07 4.88881e+06 512936608
0.11217 5.51769e+07 6.18922e+06 645748768
0.141475 5.49696e+07 7.77683e+06 812949152
0.178397 5.46073e+07 9.7418e+06 1023442240
0.224542 5.49024e+07 1.23279e+07 1288437152
0.282625 5.48051e+07 1.54893e+07 1622045856
0.35596 5.44742e+07 1.93906e+07 2042034464
0.447522 5.4792e+07 2.45206e+07 2570768800
0.564196 5.45831e+07 3.07956e+07 3236405824
0.710866 5.41743e+07 3.85106e+07 4074393312
0.894487 5.43729e+07 4.86359e+07 5129356832
1.12671 5.41509e+07 6.10123e+07 6457477184
